5.0 1.758108315629726 0.04614196741708274 0.0411887913159056 0.04343843228546416
5.0 0.6862334798735976 0.01568414109597847 0.01828282916195471 0.009161040188423803
5.0 0.4869811428902903 0.01458976122850875 0.008017651000864798 0.0016510268714635345
5.0 0.9784615137411568 0.025391413824853458 0.02147243793687958 0.0244028401560692
5.0 0.8406414857702592 0.018899911580830604 0.02118231620421617 0.018417682092204873
5.0 1.2480003598326805 0.031182247793279414 0.031062013769324184 0.026401173905764862
5.0 0.8894702651774656 0.021017584156250508 0.021242550487038766 0.021013922155678343
5.0 0.8871589746466291 0.02090908617206016 0.02124245327305402 0.02090097560037617
5.0 0.5787860418809516 0.015549902271580878 0.013127814551058322 0.004163743256492038
5.0 0.7998384222081832 0.017499656490580738 0.020921674099657492 0.01599780278049123
5.0 1.8682078365385002 0.04677321200740022 0.04640242123783523 0.04357182097358922
5.0 0.8226349652053978 0.0182344129010794 0.02110024123197927 0.01736973917076794
5.0 1.54843789995769 0.03825098504317159 0.037704582764916235 0.038239238854206985
5.0 1.7851440547042468 0.04647713317366413 0.04233639169752427 0.04348763551876356
5.0 1.6913271715926013 0.04456956292249505 0.03903881065130526 0.042864733570217466
5.0 0.7368809322541248 0.01613697687730505 0.019854628989578706 0.012125452582029048
5.0 0.6675888503303128 0.015622583129585761 0.01754474906152251 0.008148709071767646
5.0 0.4747302266913147 0.01432167470854713 0.007377130191007786 0.0014288749556666113
5.0 0.463075698811997 0.01403176742374723 0.006786510742611911 0.001238899142815386
5.0 0.7203692956407567 0.015934640679123126 0.019413975241761604 0.011131582523263746
5.0 1.9976694443634755 0.04747765039110716 0.051830785506195645 0.045750163777217204
5.0 0.9964591653246212 0.026235358340336013 0.021647335176802764 0.02484351746119948
5.0 1.6168164382863197 0.041603345168793424 0.03790332969666257 0.041052262733785254
5.0 1.157559108293058 0.030862643140289654 0.026516343937133684 0.026026732969874157
5.0 1.2155444893082477 0.03116471315758363 0.029407373856936418 0.026146177316039448
5.0 1.9120614675047083 0.04679344482783406 0.04854124690080689 0.04390099986780861
5.0 0.5751146373469279 0.015539415368345475 0.012923846145730812 0.00403204902274252
5.0 1.144149057223737 0.030709448015484784 0.02589859259271917 0.02602627487042026
5.0 0.6264884158412823 0.0155911276679834 0.01565539765049798 0.006119196636101797
5.0 1.2613580194510812 0.031182801398822905 0.03172476363292826 0.02656399596409851
5.0 0.8783978504003929 0.020504033847477704 0.021241022454634356 0.02046297578790492
5.0 1.2603923510701378 0.03118266898670351 0.03167742050711277 0.02655096794692014
5.0 1.465004060519767 0.0344585126076629 0.037552476707122855 0.03394842817127452
5.0 0.9829260809090337 0.02560432554102257 0.02151002733529728 0.024519892293716074
5.0 1.3968297909352967 0.03235914383224554 0.036668170357530186 0.030574383667593477
5.0 1.428359816392338 0.03318998771875431 0.0372021561918156 0.0320674165793072
5.0 1.0719709121557974 0.029160245565011626 0.02317489658632855 0.025869918719423447
5.0 1.0451878944162596 0.028260307635875705 0.022474996790416386 0.025642629751047374
5.0 1.0246725217544652 0.027462354927719323 0.022058859484096152 0.025372545843615087
5.0 1.0499032359559863 0.028430882039892507 0.022585253581695518 0.025692298801923356
5.0 0.5274657686238365 0.01521998260824159 0.010239217674353004 0.0025647663013624814
5.0 0.490929922259334 0.014668248284175784 0.008227936528615655 0.0017277535919562105
5.0 0.5253294538129423 0.015195932400318692 0.010119241169385982 0.0025092252061176107
5.0 1.513084497022604 0.03653418679564218 0.037698168031467985 0.036476333151425774
5.0 0.4466543374482287 0.013565583025518996 0.005989737587274255 0.001004216163774132
5.0 1.1991878715665343 0.03112700300512559 0.02856992789978805 0.02607964621236212
5.0 0.612214908391138 0.01559021519576016 0.014928895102450091 0.005487034661986138
5.0 0.4492090136732563 0.013642504788967955 0.00611077456868673 0.0010383080472412213
5.0 1.423183085302207 0.03303654060859465 0.03713037448587211 0.031812351913176586
5.0 1.11359703603138 0.030209465262162637 0.02460862173845044 0.026012258703661997
5.0 1.9593706171512748 0.04701001701981841 0.05055087699987584 0.044701964432399786
5.0 0.9276254917945462 0.022878389357370254 0.02125731038554912 0.022706413140514064
5.0 0.7126797171410995 0.015859772795365473 0.019184891044520102 0.010676537578009421
5.0 1.494473939701455 0.035684953744560974 0.037671940714467396 0.03550417074957631
5.0 0.9617581716274896 0.02457874849562742 0.0213623810971391 0.023919080845598482
5.0 1.6336577813428295 0.04236457647524697 0.03805390148773532 0.04158327229325525
5.0 1.6668792021911596 0.043721281265823135 0.038525435722752285 0.042421893674881306
5.0 1.1101993426006866 0.03014004327738756 0.024476721417859136 0.0260075421137512
5.0 0.8301252820131846 0.01850252092441929 0.021139958928021688 0.017810235670030893
5.0 0.43824707528722656 0.013301178469251695 0.005599447997627574 0.0008980104107554861
5.0 0.9941321052285197 0.0261285377848403 0.02162112097706663 0.024791178877570406
5.0 0.5563694074493812 0.015458374708002324 0.011871668864602825 0.003401673339899318
5.0 1.5640360777246598 0.039029582187899634 0.03771176165133312 0.03896232705476013
5.0 1.1351110805371452 0.030584183341258453 0.025498729668304923 0.02602565154673275
5.0 1.2327943596955857 0.03117998301204281 0.03029159127553965 0.026258788198084075
5.0 1.4953104686456227 0.03572202760819614 0.03767377095684768 0.03554821957844016
5.0 1.0804644724677614 0.029409506622043897 0.0234340338602814 0.02591673776987904
5.0 1.3655568916980079 0.03177834288721684 0.035897748236950494 0.02926917780869411
5.0 1.7181585735302574 0.045334592596303534 0.03977370052450798 0.0431946897384991
5.0 1.1229940215084366 0.030386749719679 0.0249860811126537 0.026021071635831308
5.0 1.8207123216532892 0.046705488519033354 0.04401671706144529 0.04349426084825141
5.0 0.7526392586778222 0.016387204494627997 0.020210443844154016 0.013089647460093503
5.0 0.5709162427528384 0.015525432304739321 0.01268958221581494 0.0038847653617630476
5.0 0.419216201007054 0.012640802268731122 0.004764116634041122 0.0006894466892328379
5.0 1.8687062378426824 0.0467732438019083 0.046427501543999244 0.043573821107452025
5.0 1.418505942764598 0.03290361918255772 0.037060308925469174 0.0315849361417941
5.0 0.7516192597394156 0.01636923860473425 0.020189298918649155 0.013026910935469264
5.0 1.276083893833556 0.03118928972523896 0.03243329123366689 0.026788172478508235
5.0 1.8732794725555202 0.0467733751198179 0.04665716819836981 0.04359376172394864
5.0 1.8010655073301631 0.04660548730360127 0.04306912233985636 0.04349348038276789
5.0 0.6041474479232631 0.01558724725232243 0.014505521738860692 0.005147307260884782
5.0 0.8858459836595194 0.02084774301518158 0.02124235994831786 0.020836321369361643
5.0 0.8724745147181099 0.020236284614281015 0.02123852009898122 0.02015833785129657
5.0 1.3105680602281211 0.03127141160549028 0.03396465574670693 0.027512339304190673
5.0 1.5894714071455982 0.04029349420176883 0.037761196963559736 0.04004499183821202
5.0 0.9280242964325348 0.022898279021850945 0.02125784202462829 0.022722285287480173
5.0 1.3725636917960453 0.03188808082050215 0.03609174515778499 0.029544002112685694
5.0 1.2250805650372838 0.031175511106653873 0.029896841594117138 0.026202468412366526
5.0 1.8716811593972373 0.04677335524049298 0.0465770035897576 0.04358646156533405
5.0 0.7221865778964989 0.015954072112093674 0.019465899740483912 0.011239916464072616
5.0 0.4026316124161127 0.011999753088455205 0.004094165224761807 0.0005402653766744491
5.0 0.5147731147756271 0.015062724103389097 0.009529680787162776 0.0022471105408314058
5.0 1.0727911944254753 0.029185096044283054 0.023199148985845425 0.025874920703798602
5.0 1.1982677949629459 0.031123998524671286 0.0285230750941829 0.026076894295047816
5.0 1.318002698500596 0.031308125567274796 0.034265922505974995 0.027706646543951517
5.0 1.808597411168103 0.04665077386375607 0.043427512127219535 0.043493763120137065
5.0 0.7211519460865244 0.015942926073976713 0.019436441547805827 0.011178203429034722
5.0 1.0738848948320192 0.029217972187307806 0.023231743682070868 0.025881426014405125
5.0 1.8916437496654557 0.04677509857405274 0.04756691435428145 0.04370587991177387
5.0 0.9812652768488128 0.025525370751706848 0.021495615807904 0.024476949811958432
5.0 0.42400665015984046 0.012814883788735543 0.004967864695000509 0.0007379915051551094
5.0 1.8395638540975274 0.04675400397802248 0.04495602675716189 0.04350412192600339
5.0 1.3846402670679208 0.0321045363114822 0.036397091834186164 0.030042168854132283
5.0 1.953507309300055 0.04696461487722596 0.05032518680237783 0.04457376801567443
5.0 1.3945925345254166 0.03230965171741264 0.036621190657419915 0.030474608665293425
5.0 1.8980199300259848 0.04677806381076213 0.047876241012600323 0.043758229042735464
5.0 1.35846347423555 0.031678701808926804 0.03568882817239068 0.029002084616568842
5.0 0.6228459445106487 0.015591121340002055 0.015472964861673072 0.005954146046089751
5.0 1.4853995571823502 0.03529026098280378 0.03764720518682455 0.03502521044321239
5.0 1.2741424757329647 0.03118781430657565 0.03234144726256524 0.026755820011743113
5.0 0.4144710136538601 0.01246335209649904 0.0045667586753511905 0.0006438410009589024
5.0 1.6396323838721027 0.042623875448951985 0.038120797628603764 0.041754621174777136
5.0 0.5942792078028628 0.015578865995743239 0.013976957677310987 0.00474929619422698
5.0 1.227830628116558 0.031177474982049924 0.030037765334154067 0.026221392451869316
5.0 1.4652037501465394 0.034466252383795665 0.037553707084396 0.03395892541166587
5.0 1.6206605464060813 0.04178072271577871 0.037933004269365515 0.04117964589552878
5.0 1.9054062090821131 0.04678436477251385 0.04822908249367017 0.0438284446975159
5.0 0.5983801030705784 0.015583116569565701 0.014197929993853135 0.004912338488450984
5.0 0.735993180867928 0.01612458320522586 0.0198327131808028 0.012071523482422698
5.0 0.984588323314617 0.02568304196859646 0.021524968577600563 0.02456216135156396
5.0 1.0420615995775124 0.028144480946361235 0.022404935120434358 0.025607237940631338
5.0 1.344008738249118 0.03150961628864623 0.035224688594425055 0.02849385474021697
5.0 1.9902635219646068 0.04736216613747444 0.05161079730089923 0.045519044759155844
5.0 1.3784141976767872 0.031988562596659754 0.03624425956865055 0.029781564965276904
5.0 1.4928341614387368 0.03561260866425239 0.037668143816417435 0.03541776223690127
5.0 0.5539380696306102 0.015444050660201871 0.01173433468711105 0.0033250247574323154
5.0 1.0944346744956097 0.029780342229467283 0.023898275140841224 0.025971930408959662
5.0 0.6066539124790545 0.015588473179891985 0.014637957220066914 0.0052514816897939205
5.0 0.7446453905541093 0.016253028648631197 0.020037768561040847 0.012599054700222314
5.0 1.7601055144633664 0.046172241631454156 0.04126880095845158 0.043444535950911904
5.0 0.991982794185714 0.026029222242829386 0.0215978905837954 0.02474162403281424
5.0 0.7651399669672728 0.016627890559794342 0.020448851407084398 0.0138607457352912
5.0 1.7758922420868282 0.04638004529107781 0.04192871204051106 0.04347795464971164
5.0 1.1452012462942769 0.03072285156807071 0.0259460474073329 0.026026281286828202
5.0 1.484987153737921 0.03527266107051832 0.03764585384584441 0.035003409994298414
5.0 1.0046015633253698 0.026602949626232445 0.02174799442665161 0.025015999258366357
5.0 1.5462936884586758 0.03814444245352101 0.03770431928424954 0.038136797382319086
5.0 0.9840316598391295 0.025656715679134648 0.021519906871418745 0.02454808507023062
5.0 1.2824349956704015 0.031195882221916386 0.03273003241618649 0.026900114536060053
5.0 1.3380299204710122 0.03145224803339108 0.03501798514348598 0.028298199869523314
5.0 0.5846213579247963 0.015563509235136873 0.013450022636115907 0.004378627885924985
5.0 0.655257200803482 0.015602390917233155 0.01701343332578195 0.007508912499237797
5.0 1.5927011641960211 0.04045175223290414 0.03777239126213053 0.04017286610119074
5.0 1.1557467106041428 0.030844124298910817 0.026431283539645144 0.02602653939702036
5.0 1.4083246851153755 0.03263319207743526 0.03689017547197417 0.03110084877837288
5.0 1.6992219044572296 0.04481318751017195 0.039236349682825314 0.04297790617074463
5.0 0.5056017960752981 0.01492679150992683 0.009023219299436332 0.0020356819486506525
5.0 0.8798702715187718 0.02057138300099614 0.021241421126465963 0.02053765582622434
5.0 1.3977312857894475 0.032379439682598 0.036686750656059065 0.030614843885787512
5.0 1.1891000595877772 0.03108802657108529 0.02805870370565188 0.026054416615705428
5.0 1.6627515663636205 0.04356474658705934 0.03845313588700159 0.04233278513313926
5.0 1.742063884190554 0.04586465723002976 0.04057673647685563 0.043370637046019705
5.0 1.6180426738511282 0.04166014226263213 0.03791250788228307 0.04109328931609154
5.0 0.5943865383396845 0.015578992834449685 0.01398276357158514 0.004753520573763571
5.0 1.951588339238397 0.046951086735312654 0.05024973251499117 0.044533654018416184
5.0 1.7820947646759637 0.0464470556332571 0.04220043860371748 0.04348509537259414
5.0 0.5588648918278981 0.015472099289622579 0.012012491968221425 0.003481558282341218
5.0 0.9482480043732098 0.023908583056210027 0.021304364464991534 0.02347478209491935
5.0 0.45780328381918134 0.013889415273827936 0.006525954058224628 0.001159471198830208
5.0 1.3389454071466589 0.031460577709472644 0.035050183085721956 0.028327597141866213
5.0 1.6758167932566082 0.044047371991923344 0.038696051111767674 0.042600443202589884
5.0 1.9506096913343351 0.046944432972666775 0.050210955719509565 0.0445135445177983
5.0 1.9496084011484918 0.04693779447437865 0.050171076542307645 0.04449321245979444
5.0 0.526447208147366 0.01520863499277668 0.010181991335430978 0.0025381792549802515
5.0 0.6955887648479857 0.015732945138264308 0.018621873137290905 0.009687433116022489
5.0 1.8136571758194577 0.04667619397201925 0.04367185222429929 0.043493784210579214
5.0 1.5912219653574398 0.04037936313168462 0.037767101011549925 0.04011458508592189
5.0 0.6672259927256254 0.015621786806794345 0.017529590488969814 0.00812953045200532
5.0 1.101614894870222 0.029951880617144384 0.024154756941626346 0.02599121175944966
5.0 1.2202518876824184 0.031170886167451225 0.029649079819012915 0.02617220558815906
5.0 0.7478106512276206 0.016304348711694075 0.020108054538552474 0.012792996255523438
5.0 0.5626294912825336 0.015490997316549304 0.01222460181565069 0.003604405325215253
5.0 0.7983438738161022 0.017455902145207494 0.020906602095783516 0.015906580420492568
5.0 1.9465797076685059 0.046918737251793394 0.050049201587511936 0.0444332009929802
5.0 1.714954408807797 0.04525267779832183 0.03967651995604495 0.043163171885715175
5.0 1.0961858091576322 0.029823370632635623 0.023959728210963604 0.025977151286030623
5.0 1.7244997377543063 0.04548910293619393 0.039973431053104296 0.04325124154266353
5.0 0.4760591835076673 0.01435256716886899 0.007445685524625713 0.0014518373968983019
5.0 1.6317651901269632 0.04228118991350668 0.03803423888360412 0.04152712065797876
5.0 1.9449625008848241 0.04690917773558538 0.04998336678358362 0.04440206951892128
5.0 0.4493970153539868 0.013648102019510087 0.006119725708722106 0.0010408511753200133
5.0 1.3454336197560393 0.031524340683492934 0.03527269566755218 0.028541755732306873
5.0 1.5973373236231816 0.04067754327340018 0.03779083926933098 0.04035237719558884
5.0 0.7174888648683603 0.015905218930864065 0.01932993757297755 0.010960474964595844
5.0 1.1236256349546991 0.030397899220873444 0.025012099789429212 0.02602147217885548
5.0 0.8044304433570719 0.01763754341008471 0.020965254406876396 0.016277264701971408
5.0 1.7076103374085747 0.045055207377474676 0.03946336126821151 0.04308314901624694
5.0 1.9213772861821763 0.04681293980066974 0.04896779854620104 0.0440181579295766
5.0 0.8195961595926943 0.018129312557054966 0.021081644642679965 0.01718938028751771
5.0 0.6131899995919977 0.015590405430890887 0.01497948015966541 0.005528963365244303
5.0 0.6685954157449588 0.01562486337251389 0.017586644379064202 0.008202019397006493
5.0 1.0566378890732295 0.028665694312037845 0.02275232715906139 0.025755773214536065
5.0 1.174739397383906 0.03100678330414343 0.027343619008388134 0.026034372066613284
5.0 0.6337459978447196 0.01559138671866663 0.016012331408719795 0.006455538536528562
5.0 1.5480856015269224 0.038233467531452486 0.03770453155470613 0.03822245480463829
5.0 0.9917666277289897 0.026019199689651155 0.021595605796888486 0.02473657532920977
5.0 0.6536749394643506 0.015600708361668535 0.016942913194199393 0.007428655270190481
5.0 1.3648770825625702 0.031768300128314525 0.035878270492893174 0.02924308955518133
5.0 0.8994264588900567 0.021491825289350643 0.021242648990119097 0.02148748122597421
5.0 1.8754860136968161 0.04677338033175138 0.046767634858002234 0.04360444336271866
