0.5 1.758108315629726 0.24368986918219565 0.011464491275593982 0.00024548003080861224
0.5 0.6862334798735976 0.013767834116148422 0.00010514305522760968 3.5272467245098475e-07
0.5 0.4869811428902903 0.004867849336434983 1.8968282325128278e-05 3.209119175190557e-08
0.5 0.9784615137411568 0.04070839399246649 0.0006170086446729745 4.19295788745051e-06
0.5 0.8406414857702592 0.025564944438584883 0.0002894175792469113 1.4545959728611437e-06
0.5 1.2480003598326805 0.0860845611898339 0.002074651412341391 2.280903275035884e-05
0.5 0.8894702651774656 0.03038669506633879 0.00038354165586715555 2.1567210051066574e-06
0.5 0.8871589746466291 0.03014552385455496 0.00037859742008742177 2.1179360309293143e-06
0.5 0.5787860418809516 0.008209899416030396 4.4937287059085324e-05 1.0733143630706397e-07
0.5 0.7998384222081832 0.02195917076150617 0.00022580907482683244 1.0279067455606167e-06
0.5 1.8682078365385002 0.2904576195428557 0.01553611855136043 0.00037346236325813166
0.5 0.8226349652053978 0.02392759669849618 0.00025978951408840847 1.2506260620908695e-06
0.5 1.54843789995769 0.16673417509305374 0.006080663698310578 0.00010193438563809819
0.5 1.7851440547042468 0.2547988462472161 0.012373591310293017 0.00027278560743462354
0.5 1.6913271715926013 0.21737174891358962 0.009447315259901813 0.00018781054420746547
0.5 0.7368809322541248 0.017100623618299185 0.00015000513268436335 5.799661594890517e-07
0.5 0.6675888503303128 0.012661642542934162 9.16377423264574e-05 2.909882166822986e-07
0.5 0.4747302266913147 0.004507119777943582 1.6701567343497782e-05 2.685428131060514e-08
0.5 0.463075698811997 0.0041810853948663655 1.4751443127958711e-05 2.2569799861175087e-08
0.5 0.7203692956407567 0.015959955098606843 0.00013396614876962643 4.950832380926728e-07
0.5 1.9976694443634755 0.3500205354222743 0.021738270735158115 0.0005929120902811725
0.5 0.9964591653246212 0.04305233802540088 0.0006756967751359776 4.760844540489568e-06
0.5 1.6168164382863197 0.18997903084559511 0.00754400027482245 0.0001375008030222135
0.5 1.157559108293058 0.06827549395238626 0.0014260434916777878 1.3517056573251601e-05
0.5 1.2155444893082477 0.07937221663447394 0.0018193533624766163 1.8990676789573202e-05
0.5 1.9120614675047083 0.31013997811197025 0.017451071431776037 0.0004383245485422967
0.5 0.5751146373469279 0.008053082959263758 4.353192175660307e-05 1.0266249299342614e-07
0.5 1.144149057223737 0.06586815248460451 0.0013455931340612315 1.246432806753937e-05
0.5 0.6264884158412823 0.010439110317813487 6.67306903849135e-05 1.866731053807461e-07
0.5 1.2613580194510812 0.08895439107313624 0.002187693395690637 2.4561029639928225e-05
0.5 0.8783978504003929 0.029243207640551442 0.00036031605850753807 1.9762865579721625e-06
0.5 1.2603923510701378 0.08874480169911467 0.0021793597096115233 2.4430630402419476e-05
0.5 1.465004060519767 0.14085940776079994 0.004612930364692768 6.943305583927983e-05
0.5 0.9829260809090337 0.0412815000440892 0.000631171637365515 4.328121393462523e-06
0.5 1.3968297909352967 0.12173563030685006 0.0036374757815779094 4.988620133271769e-05
0.5 1.428359816392338 0.13035656982108199 0.004065617559829651 5.8244177171958514e-05
0.5 1.0719709121557974 0.05389409141325559 0.0009724704836683289 7.91897256487133e-06
0.5 1.0451878944162596 0.04985798165407066 0.0008572495352028148 6.639562244357677e-06
0.5 1.0246725217544652 0.046909562890103715 0.0007765954409977706 5.783197183064835e-06
0.5 1.0499032359559863 0.050553079504755405 0.000876700105229848 6.851025261488815e-06
0.5 0.5274657686238365 0.006197580880622216 2.8264886816606466e-05 5.608755772991401e-08
0.5 0.490929922259334 0.0049881377985696584 1.974907045278931e-05 3.3955463802906456e-08
0.5 0.5253294538129423 0.006121937931465565 2.769778276806589e-05 5.4518629434101346e-08
0.5 1.513084497022604 0.15543620483073223 0.005418957436048798 8.685709808027257e-05
0.5 0.4466543374482287 0.0037492004969989392 1.2316957562075475e-05 1.753363335544233e-08
0.5 1.1991878715665343 0.07612725181998674 0.001700580833018768 1.728314843016748e-05
0.5 0.612214908391138 0.00973390849912173 5.947822688457658e-05 1.5890727232460665e-07
0.5 0.4492090136732563 0.003814317223786546 1.2672930530417943e-05 1.82470990292613e-08
0.5 1.423183085302207 0.12891485518586834 0.003992687515385201 5.679519715041636e-05
0.5 1.11359703603138 0.0606000261509264 0.001175802325075044 1.0324265986202063e-05
0.5 1.9593706171512748 0.33196014733770435 0.019726069322589863 0.0005188257712995795
0.5 0.9276254917945462 0.03456075571981135 0.0004729002881160327 2.890665886981695e-06
0.5 0.7126797171410995 0.015446860984127295 0.000126980510215562 4.593363113173449e-07
0.5 1.494473939701455 0.1496863290547178 0.005094591544538621 7.97158430638282e-05
0.5 0.9617581716274896 0.03861240315752788 0.0005662544980810452 3.7187831102069926e-06
0.5 1.6336577813428295 0.19598412133941945 0.007944521545774094 0.00014772727809094505
0.5 1.6668792021911596 0.2081502084630673 0.008784641200300952 0.00016981274188330181
0.5 1.1101993426006866 0.060032485454143546 0.0011580317802251737 1.0106977336271345e-05
0.5 0.8301252820131846 0.02459972635756476 0.00027180426683092503 1.3322805643419016e-06
0.5 0.43824707528722656 0.0035401912979050676 1.1201504933609271e-05 1.535174167020869e-08
0.5 0.9941321052285197 0.04274421483235289 0.0006678671595248416 4.683907342241388e-06
0.5 0.5563694074493812 0.007283878536285698 3.689336259527191e-05 8.143763154604014e-08
0.5 1.5640360777246598 0.1718752739577476 0.006392469340697579 0.00010926460729817292
0.5 1.1351110805371452 0.06427859016765729 0.0012934492762566663 1.1795055335010343e-05
0.5 1.2327943596955857 0.08289407790899511 0.0019517026372966844 2.0945614614608817e-05
0.5 1.4953104686456227 0.14994185985943 0.005108829126598475 8.002571860255389e-05
0.5 1.0804644724677614 0.05521910401082722 0.0010114839212422041 8.366338458883474e-06
0.5 1.3655568916980079 0.11356080595730571 0.0032492526359915027 4.2630117758705134e-05
0.5 1.7181585735302574 0.22774983549580488 0.010220227245474526 0.00020941071056619759
0.5 1.1229940215084366 0.06218865010663155 0.001226087472560673 1.0946135367600148e-05
0.5 1.8207123216532892 0.26979415653626987 0.013657102671883341 0.0003126197075034511
0.5 0.7526392586778222 0.018239796711895365 0.0001667085111917282 6.723004423517226e-07
0.5 0.5709162427528384 0.007876253746914743 4.196811839981713e-05 9.753759141809727e-08
0.5 0.419216201007054 0.003096308828661892 8.97325369114575e-06 1.1254031949119664e-08
0.5 1.8687062378426824 0.29067815856459983 0.015556885302039558 0.0003741507331251494
0.5 1.418505942764598 0.12762117989290653 0.003927699887820894 5.55126250145872e-05
0.5 0.7516192597394156 0.018164542772820612 0.00016558431028614864 6.659651059566984e-07
0.5 1.276083893833556 0.09219170777306378 0.0023179661232100297 2.6624481225750307e-05
0.5 1.8732794725555202 0.292705258390594 0.015748484250782704 0.00038051772235166403
0.5 1.8010655073301631 0.2614587648516312 0.012935533795026212 0.0002900456506989116
0.5 0.6041474479232631 0.009349966264271372 5.566687564385203e-05 1.4483951728226588e-07
0.5 0.8858459836595194 0.030009103759905335 0.00037581147449954007 2.096170168201743e-06
0.5 0.8724745147181099 0.02864371674979158 0.0003483609283207585 1.8851808691010518e-06
0.5 1.3105680602281211 0.10007858370027603 0.002647393001218383 3.204391012270336e-05
0.5 1.5894714071455982 0.18046359615557314 0.006928321071383764 0.00012218212663886522
0.5 0.9280242964325348 0.03460633599773759 0.00047391485780331864 2.899341910019147e-06
0.5 1.3725636917960453 0.11536011423789494 0.003333206973505999 4.417211914804492e-05
0.5 1.2250805650372838 0.08130643969841159 0.001891599831452056 2.005115575118083e-05
0.5 1.8716811593972373 0.29199609036250607 0.01568130667270607 0.0003782820920815299
0.5 0.7221865778964989 0.016082884605957554 0.00013566107863665453 5.038707842490943e-07
0.5 0.4026316124161127 0.00274137875845732 7.334405283348476e-06 8.485839987395769e-09
0.5 0.5147731147756271 0.005757285642444826 2.5027440506253943e-05 4.7305571914594756e-08
0.5 1.0727911944254753 0.05402110168266325 0.0009761849689999482 7.961265688925391e-06
0.5 1.1982677949629459 0.07594742828028152 0.001694088718180545 1.719113110470942e-05
0.5 1.318002698500596 0.10183581149117021 0.002723090173635255 3.332820184746216e-05
0.5 1.808597411168103 0.2646391301354204 0.01320843417988249 0.00029852968885477516
0.5 0.7211519460865244 0.016012818647789338 0.0001346940186306772 4.988515554914398e-07
0.5 1.0738848948320192 0.05419076432769195 0.0009811551972636447 8.017956337874415e-06
0.5 1.8916437496654557 0.3009074196886459 0.01653713676524422 0.000407023543123554
0.5 0.9812652768488128 0.04106766728704314 0.0006258730425305524 4.277412185888247e-06
0.5 0.42400665015984046 0.003204293451791026 9.497373939212608e-06 1.2184883435051144e-08
0.5 1.8395638540975274 0.2779106716776146 0.014379609649061815 0.0003356707297821912
0.5 1.3846402670679208 0.11850500207183323 0.0034819748634065052 4.6941704420935994e-05
0.5 1.953507309300055 0.3292251557759251 0.01943177659115008 0.0005082119277288917
0.5 1.3945925345254166 0.12113843014756119 0.0036085267281875193 4.9334260095834545e-05
0.5 1.8980199300259848 0.30377805354698856 0.0168182947600033 0.00041658696642143933
0.5 1.35846347423555 0.11175814015598949 0.0031659925991692345 4.1116108446186476e-05
0.5 0.6228459445106487 0.010255968325649624 6.48162119409243e-05 1.7922036289764396e-07
0.5 1.4853995571823502 0.14693206893882585 0.00494217982235629 7.641966470100657e-05
0.5 1.2741424757329647 0.09176046970753643 0.0023004450767544057 2.6344247817103705e-05
0.5 0.4144710136538601 0.0029917828139618585 8.477144004304566e-06 1.0392722255301231e-08
0.5 1.6396323838721027 0.1981408341619358 0.00809064230745032 0.00015150772760973925
0.5 0.5942792078028628 0.008894424907127245 5.127286747832754e-05 1.290935628253068e-07
0.5 1.227830628116558 0.08187008219899888 0.0019128549986361474 2.0366221502338523e-05
0.5 1.4652037501465394 0.14091807540100007 0.004616066464705441 6.949872055826097e-05
0.5 1.6206605464060813 0.1913400349768042 0.00763396035328453 0.0001397801879814533
0.5 1.9054062090821131 0.30711779221775515 0.017148802725534797 0.00042790413304789
0.5 0.5983801030705784 0.009081863231341922 5.3063852493624375e-05 1.3544904356094996e-07
0.5 0.735993180867928 0.017037928359809388 0.00014910556807894374 5.751050933232517e-07
0.5 0.984588323314617 0.041496278019296104 0.0006365106399920581 4.379388478158617e-06
0.5 1.0420615995775124 0.049400739860209375 0.0008445449069344184 6.502459582343601e-06
0.5 1.344008738249118 0.10814327042468144 0.0030016100816416123 3.8172506540942735e-05
0.5 1.9902635219646068 0.3465027996893658 0.02133676803604896 0.0005779227636818067
0.5 1.3784141976767872 0.11687673911318482 0.003404628632352407 4.5495894222903106e-05
0.5 1.4928341614387368 0.1491862304479978 0.00506677503370049 7.911138961373884e-05
0.5 0.5539380696306102 0.00718790319802121 3.609528006139977e-05 7.898238373345534e-08
0.5 1.0944346744956097 0.05744646192240769 0.0010783650391019309 9.149176547858303e-06
0.5 0.6066539124790545 0.00946813365787164 5.682947275920214e-05 1.4909113605139903e-07
0.5 0.7446453905541093 0.017655672657984428 0.00015805921893375602 6.240027989416571e-07
0.5 1.7601055144633664 0.24450176490051462 0.011529751770842837 0.00024741408772439784
0.5 0.991982794185714 0.042460967866093685 0.000660700141590908 4.613794011298816e-06
0.5 0.7651399669672728 0.019179388497919943 0.00018098848830670438 7.542362396884619e-07
0.5 1.7758922420868282 0.25096865297840737 0.012056192051250705 0.0002631641430159552
0.5 1.1452012462942769 0.06605492327077299 0.0013517711881364095 1.2544312041154713e-05
0.5 1.484987153737921 0.1468076636024752 0.004935340980743885 7.627266975277862e-05
0.5 1.0046015633253698 0.0441423978122121 0.0007036717811790163 5.038617678700951e-06
0.5 1.5462936884586758 0.16603493259246574 0.006038772367048069 0.00010096033004222808
0.5 0.9840316598391295 0.041424266885666396 0.0006347186750856445 4.362162264732382e-06
0.5 1.2824349956704015 0.0936119119535406 0.002376030948217455 2.755909286189163e-05
0.5 1.3380299204710122 0.10667093334758897 0.0029356475893745774 3.7008681239472435e-05
0.5 0.5846213579247963 0.00846337086402364 4.7245386656137805e-05 1.1512638218990029e-07
0.5 0.655257200803482 0.011964139242575384 8.349460467357094e-05 2.554527084154858e-07
0.5 1.5927011641960211 0.18157227347485813 0.006998863905123748 0.00012391192626102875
0.5 1.1557467106041428 0.06794670567814279 0.0014149513605303 1.337048503745275e-05
0.5 1.4083246851153755 0.12483425494710805 0.0037891602324508435 5.2805940204964516e-05
0.5 1.6992219044572296 0.2203975660970469 0.009669677477863915 0.00019395903901744764
0.5 0.5056017960752981 0.005452617837276438 2.2878300821357587e-05 4.171849193091747e-08
0.5 0.8798702715187718 0.029393546715053318 0.0003633381199369713 1.9995093157469565e-06
0.5 1.3977312857894475 0.12197681149836377 0.0036491931108274876 5.011008951141214e-05
0.5 1.1891000595877772 0.07417129972264198 0.001630476124995178 1.6296889329904953e-05
0.5 1.6627515663636205 0.20661564176658195 0.008676542056639164 0.00016692422812985763
0.5 1.742063884190554 0.23721898874451813 0.01095093155652565 0.0002304049952819411
0.5 1.6180426738511282 0.19041255553336142 0.0075726037933577595 0.00013822443682227225
0.5 0.5943865383396845 0.008899296964652852 5.131911772088114e-05 1.2925658600588191e-07
0.5 1.951588339238397 0.32833184959306383 0.019336233545032257 0.0005047786116349106
0.5 1.7820947646759637 0.2535331992320411 0.012268246014361543 0.00026958190461271565
0.5 0.5588648918278981 0.007383282462973172 3.7727105402790594e-05 8.402535179084535e-08
0.5 0.9482480043732098 0.036971985217277736 0.0005276921632772396 3.369557899445609e-06
0.5 0.45780328381918134 0.004038959100008813 1.3931315784188955e-05 2.0832958543819804e-08
0.5 1.3389454071466589 0.10689551569426765 0.0029456719683360897 3.718489800427052e-05
0.5 1.6758167932566082 0.21149519512381 0.009022418066763667 0.00017621363394597733
0.5 1.9506096913343351 0.32787662351670976 0.019287654290094335 0.0005030352901748784
0.5 1.9496084011484918 0.32741110915217764 0.019238053201356138 0.0005012569459588674
0.5 0.526447208147366 0.0061614373570322055 2.7993354660076892e-05 5.533476145955339e-08
0.5 0.6955887648479857 0.014346818497526101 0.00011249392403492665 3.877114689718504e-07
0.5 1.8136571758194577 0.2667862305069436 0.013394352225005656 0.0003043470689387339
0.5 1.5912219653574398 0.1810640030466618 0.006966484772642681 0.00012311711913859242
0.5 0.6672259927256254 0.012640734533097978 9.138940979602796e-05 2.898851837816421e-07
0.5 1.101614894870222 0.0586146931535117 0.0011140880755132424 9.575322462387361e-06
0.5 1.2202518876824184 0.08032310640079902 0.0018547361377178144 1.950802010591106e-05
0.5 0.7478106512276206 0.017885416697382785 0.00016144002509908595 6.427589004668794e-07
0.5 0.5626294912825336 0.00753496773991863 3.901329170689504e-05 8.806225722055411e-08
0.5 0.7983438738161022 0.021834118965102647 0.00022371209654980403 1.0145762629859087e-06
0.5 1.9465797076685059 0.32600453497626974 0.019088647251721904 0.0004959103906225039
0.5 1.714954408807797 0.22649648918225904 0.010125343001714552 0.00020672483227524195
0.5 1.0961858091576322 0.0577298987595818 0.0010869916646971025 9.25158144097341e-06
0.5 1.7244997377543063 0.23024136133612702 0.010410114230293973 0.00021481395852663537
0.5 0.4760591835076673 0.004545349715953706 1.6936418437384235e-05 2.738437970577708e-08
0.5 1.6317651901269632 0.19530380713773457 0.007898679048391269 0.00014654664322197658
0.5 1.9449625008848241 0.3252544123849066 0.01900925495282912 0.0004930754857781016
0.5 0.4493970153539868 0.0038191390750357667 1.269944836733541e-05 1.830057214056356e-08
0.5 1.3454336197560393 0.1084961296012441 0.0030175039638338508 3.845443647566515e-05
0.5 1.5973373236231816 0.18317085559194668 0.00710113090429602 0.000126431460472126
0.5 0.7174888648683603 0.015766420240373464 0.00013131434803313768 4.814236059567635e-07
0.5 1.1236256349546991 0.062296432698984494 0.0012295279952733787 1.0989057838356997e-05
0.5 0.8044304433570719 0.022346446603245883 0.00023235050870691926 1.0698069937455848e-06
0.5 1.7076103374085747 0.22363804831362852 0.00991053477191108 0.0002006792741143954
0.5 1.9213772861821763 0.3143906207131089 0.017881387376559192 0.0004532733591060298
0.5 0.8195961595926943 0.023658524336775205 0.00025503787851298843 1.2187422165098453e-06
0.5 0.6131899995919977 0.009781025116231395 5.9952669636387666e-05 1.6068427913141403e-07
0.5 0.6685954157449588 0.012719764068776644 9.23294393744149e-05 2.9406685686876793e-07
0.5 1.0566378890732295 0.05155726541207696 0.0009050900174342472 7.1630176820715305e-06
0.5 1.174739397383906 0.0714459136824788 0.0015346810770620796 1.497605959771721e-05
0.5 0.6337459978447196 0.010810599479402452 7.067997177172543e-05 2.02316771926988e-07
0.5 1.5480856015269224 0.16661916390081802 0.00607376491630213 0.00010177379806091575
0.5 0.9917666277289897 0.0424325514982368 0.0006599827347149788 4.606792326163958e-06
0.5 0.6536749394643506 0.011876575409156279 8.249308624283787e-05 2.5117446069911153e-07
0.5 1.3648770825625702 0.11338722229749401 0.0032411981937134787 4.248298791464407e-05
0.5 0.8994264588900567 0.03144064089971758 0.0004054327465111693 2.330820711354283e-06
0.5 1.8754860136968161 0.29368554556784626 0.015841607062802916 0.0003836226010268831
