0.5 2.33374716299 2.15969435182 0.0129090410467 0.000315562543882
0.5 1.67708382728 2.53385993677 0.0471640149959 0.0020147517295
0.5 1.03009550234 3.06334130804 0.320786804215 0.0249930752898
0.5 2.06641075908 2.33899946219 0.0208297272751 0.000630224763118
0.5 2.33600212508 2.15790063209 0.0128600151769 0.00031382319948
0.5 2.15471002393 2.28619607863 0.0176726339953 0.000497347558575
0.5 1.95590296454 2.39872900486 0.0258412629756 0.00085870097917
0.5 1.02096084868 3.07837021203 0.332514074341 0.0260774579
0.5 2.32352679878 2.16775625346 0.0131341007278 0.000323587018293
0.5 1.0215131111 3.07745052701 0.331789479456 0.0260104161178
0.5 2.03275204638 2.3578447288 0.022216485332 0.000691401438754
0.5 1.02306227226 3.07487850509 0.329767733914 0.025823387837
0.5 0.744582737033 3.73567339704 1.1719991555 0.105688069463
0.5 1.27201107242 2.77777509999 0.138920044627 0.0087683142
0.5 2.1801624882 2.26993886909 0.0168753529306 0.000465226502629
0.5 1.05635872035 3.02224890653 0.289915772582 0.0221475393886
0.5 0.639827386383 4.06703477727 1.7998936076 0.192892800074
0.5 1.76621929303 2.49147580475 0.0385235672574 0.00151532870543
0.5 1.66953205884 2.53748891293 0.0480026259064 0.00206514414501
0.5 1.66246387248 2.54089510132 0.0488046404209 0.00211364161238
0.5 1.85441079201 2.44930951284 0.0318383020368 0.00115649363619
0.5 1.87431019701 2.43962088779 0.0305354356756 0.00108973224394
0.5 1.37785474049 2.69816208727 0.101591033117 0.0057881331432
0.5 1.14185300714 2.90790552971 0.212594067314 0.0151300621553
0.5 1.64110443643 2.55125388067 0.0513324270208 0.00226831746105
0.5 1.45969724276 2.64690403394 0.0810908162995 0.00426592682936
0.5 2.2221486862 2.24197065627 0.0156556325877 0.000417364961194
0.5 2.16960947744 2.27674055351 0.0172003702552 0.000478248959377
0.5 0.711532212673 3.83713908658 1.36313690088 0.127082605906
0.5 0.620816071414 4.13025448303 1.91200066808 0.216498688744
0.5 1.69376438026 2.52587662286 0.0453754258547 0.00190837804629
0.5 2.08478993748 2.32843057631 0.0201180241039 0.000599467809619
0.5 0.952711471524 3.20368465008 0.440315536914 0.0360758179372
0.5 1.57040160163 2.5865328397 0.0609613289711 0.00288137045906
0.5 0.772132327031 3.65375331528 1.02672181124 0.0909288591383
0.5 1.24448890181 2.80179910157 0.151379248132 0.00980790781875
0.5 0.803953483821 3.56274301271 0.878598200328 0.0766847662895
0.5 1.35964370458 2.71063188318 0.107015461421 0.00620638505991
0.5 2.08541244422 2.32806897458 0.0200944537804 0.000598456851401
0.5 1.31391301956 2.74405968464 0.122346324523 0.0074173873627
0.5 0.855699874493 3.42460286434 0.683542263471 0.0585435023321
0.5 2.31850408972 2.17167686188 0.0132465408297 0.000327616937596
0.5 1.59066199703 2.57623356732 0.0579862462663 0.00268810927832
0.5 0.700993594455 3.87012827135 1.42672917607 0.134907376013
0.5 1.93744118559 2.408174701 0.026819701871 0.000905580679961
0.5 2.45685870006 2.05307149523 0.010540664715 0.000234991388252
0.5 1.11955140166 2.93512405827 0.229907078618 0.0166811795798
0.5 1.02025154698 3.0795530922 0.333447700962 0.0261638485854
0.5 1.82579922157 2.46310099628 0.03383575303 0.00126096848278
0.5 0.779439933188 3.63248757161 0.990772016061 0.0874129085808
0.5 0.66744342231 3.97698609571 1.6323561181 0.16373918829
0.5 1.55359455449 2.5952192951 0.0635759643011 0.00305383071202
0.5 1.7204705917 2.51316455333 0.0426850766906 0.00175122647365
0.5 2.23477823191 2.23326017168 0.0153104101807 0.000404125284105
0.5 0.797870041231 3.57981420313 0.905216066737 0.0792025273891
0.5 2.22812496534 2.23786678582 0.0154910725952 0.000411041722366
0.5 1.39982773963 2.68367848325 0.0954998361823 0.00532584341611
0.5 1.95369807135 2.39986393153 0.0259557592534 0.000864149886361
0.5 0.810191042044 3.54541180431 0.852139222569 0.0741958225214
0.5 1.33413466585 2.7288816484 0.115245522671 0.00685142275619
0.5 0.784758693764 3.61714237728 0.965324524553 0.0849494669383
0.5 1.17856456122 2.8665930405 0.187575164825 0.0129194268263
0.5 1.90560224719 2.4241839718 0.0286184343015 0.000993534017313
0.5 0.654119274468 4.02018737605 1.71372441132 0.177114389576
0.5 0.640911683187 4.06346169786 1.79340723228 0.191639867078
0.5 2.46393355476 2.04637486673 0.0104217149385 0.000231131441774
0.5 0.58312444981 4.25938667842 2.12442402507 0.274181604025
0.5 0.698609219344 3.8776312292 1.44122643475 0.136752967517
0.5 0.940965496453 3.22769912775 0.463205635504 0.0381982268588
0.5 1.8200443278 2.46585861578 0.0342562540387 0.00128321165919
0.5 2.49229644757 2.01886796175 0.00996141783445 0.000216474813716
0.5 2.43955627402 2.06917677736 0.0108387091492 0.000244727117349
0.5 1.85310728001 2.44994117365 0.0319260473278 0.00116102895195
0.5 2.49696145618 2.01424135895 0.00988815959064 0.000214160002234
0.5 0.742313846997 3.74253461267 1.18459633484 0.107019040168
0.5 1.37248541924 2.70179339013 0.103153484576 0.00590797969616
0.5 0.834588722016 3.47937019397 0.756571058782 0.0652919281295
0.5 1.59470100613 2.57420082824 0.0574150312745 0.00265138566431
0.5 2.04215103346 2.35264574537 0.021817926906 0.000673651857303
0.5 1.63285006876 2.55528719782 0.0523530823665 0.00233154650279
0.5 1.11323316241 2.94314890367 0.235139349301 0.0171527395567
0.5 2.45558976533 2.05426572875 0.0105621722585 0.000235690022181
0.5 2.27737930613 2.20278971012 0.014213834798 0.000362884687128
0.5 0.973331308016 3.16330957268 0.403523705254 0.032661851785
0.5 1.87117123239 2.4411549719 0.030736467764 0.00109996187688
0.5 0.664835345081 3.98540786319 1.64833870826 0.166262696798
0.5 2.23632637134 2.23218252526 0.0152687491033 0.000402515841759
0.5 1.18192559369 2.86301283862 0.185477649103 0.0127360174892
0.5 1.76313190087 2.49293935271 0.0387879736938 0.00153004450819
0.5 1.23875621038 2.80700968389 0.154151589214 0.0100416843134
0.5 2.12352753739 2.30544920313 0.0187146090528 0.000540157355092
0.5 1.27122965864 2.77843545388 0.139255288621 0.00879604315307
0.5 1.43838126404 2.65958723065 0.0858846597448 0.00461289267868
0.5 0.925613648276 3.26021496799 0.495462168443 0.0411860188409
0.5 0.924894643169 3.26176940059 0.497041802892 0.0413322259427
0.5 1.12462869044 2.92877775278 0.225810605369 0.0163128282459
0.5 1.57933248256 2.58197087515 0.0596268921151 0.00279427870357
0.5 2.15248687288 2.28759202495 0.0177444973163 0.000500269370052
0.5 1.81422924758 2.46864029361 0.0346878049829 0.00130620300146
0.5 1.36200648254 2.70898911567 0.106291332219 0.00615023121107
0.5 2.18581739454 2.26625751941 0.0167043446989 0.000458426699801
0.5 0.73097200886 3.77707084736 1.24884653916 0.113962631452
0.5 1.52259226396 2.61163673637 0.0687795318418 0.00340404442256
0.5 1.94694664018 2.40332744225 0.0263103112875 0.000881084488903
0.5 0.572406913092 4.29726176967 2.18259365326 0.29380461069
0.5 1.85650588764 2.44829352741 0.0316979018577 0.00114924689245
0.5 1.0591654584 3.01803731266 0.286847683801 0.0218656553325
0.5 0.87941812618 3.36585548792 0.611205699664 0.0518749005949
0.5 1.27459676445 2.77559869035 0.137817498824 0.0086772660486
0.5 1.58777375982 2.57769113949 0.058399059214 0.00271472860665
0.5 0.878833356878 3.36726784198 0.612874386788 0.0520287436048
0.5 1.65810212767 2.54300210447 0.0493079354953 0.0021442131721
0.5 1.04962654604 3.03249034795 0.297449519625 0.0228404963133
0.5 1.78705311412 2.48158874661 0.0367970547105 0.0014201820033
0.5 0.646547476781 4.04493894899 1.75955105778 0.185278159476
0.5 1.80118232054 2.47486612996 0.0356809868265 0.00135953581447
0.5 2.32053161394 2.1700974452 0.0132010082453 0.000325983233391
0.5 1.76316990978 2.49292133675 0.0387847048248 0.00152986234371
0.5 1.56760493901 2.58796926726 0.0613870833888 0.00290928046603
0.5 2.26778683027 2.20980173872 0.0144519406167 0.000371729875707
0.5 1.76423454962 2.49241661151 0.0386932826137 0.00152477000417
0.5 0.83003484141 3.49147900394 0.773472792697 0.0668589569851
0.5 1.02010391361 3.07979969614 0.333642453018 0.0261818702838
0.5 0.523241100976 4.48007083185 2.4423094562 0.408429363499
0.5 2.48981311161 2.02131896863 0.0100006923108 0.000217719208905
0.5 2.12576214018 2.3040926815 0.0186373975449 0.000536948002977
0.5 2.11837896697 2.30856151149 0.018893949406 0.000547636575012
0.5 2.28631659984 2.19617493713 0.0139963764088 0.000354861702644
0.5 0.953437861218 3.20222395416 0.438947979454 0.0359489669281
0.5 1.56641795484 2.58857984281 0.0615688399653 0.00292121998234
0.5 2.39186847576 2.11162072438 0.0117162112555 0.000274082139349
0.5 0.906567791331 3.30234882757 0.539542006841 0.0452620171041
0.5 2.22258368225 2.24167298803 0.0156435821334 0.000416897962138
0.5 2.28397148919 2.19791802224 0.0140530499556 0.00035694690047
0.5 1.64979346533 2.54702714201 0.0502847596881 0.0022038775001
0.5 0.513140168409 4.51988462658 2.49531744225 0.438151602752
0.5 2.0632338617 2.34080576011 0.0209559107777 0.000635724156061
0.5 2.081939046 2.33008382101 0.0202264105712 0.000604122995263
0.5 1.80546014683 2.47282696425 0.035351451764 0.00134177733517
0.5 1.51712041672 2.61459356834 0.0697528112642 0.00347053059652
0.5 2.4196520022 2.08723434345 0.0111945851756 0.00025648623073
0.5 1.54894298913 2.59764848411 0.0643243177913 0.00310364858549
0.5 1.12514878054 2.92813270876 0.225396300425 0.0162756183737
0.5 1.10093042884 2.95919178708 0.245775261478 0.0181150590973
0.5 2.315450783 2.17404711006 0.0133155149944 0.000330095066172
0.5 2.12969165417 2.3016990045 0.0185026545464 0.000531357739437
0.5 1.36643677439 2.70592851402 0.104950185087 0.00604649693633
0.5 1.80053452952 2.47517475413 0.0357312223817 0.0013622485135
0.5 1.95809810743 2.39759720225 0.0257278987504 0.000853315536518
0.5 1.43936101366 2.65899501112 0.0856566959956 0.0045962528436
0.5 1.82393356064 2.46399551223 0.0339713639257 0.00126815780811
0.5 1.92856217173 2.41267344558 0.0273067715612 0.000929175154322
0.5 1.50711105549 2.62005245996 0.0715784123313 0.00359598346684
0.5 0.563677485043 4.32856774616 2.22939638819 0.3110346118
0.5 0.621903247751 4.12660937469 1.90567744991 0.215060574846
0.5 0.804003941558 3.56260211306 0.878380786759 0.0766642617738
0.5 0.617096210602 4.14275794149 1.93355200881 0.221505743415
0.5 1.97020803738 2.39131865195 0.0251135416317 0.000824297467829
0.5 0.666756538292 3.97920277911 1.63656753201 0.164399477688
0.5 0.867900446224 3.3940081581 0.645118756227 0.0550007648689
0.5 0.566721678907 4.31760154973 2.21312805504 0.304892494338
0.5 1.51364738002 2.61648061151 0.0703795512448 0.00351350202857
0.5 1.40194141631 2.68231570335 0.0949385158509 0.00528363543116
0.5 1.89373911839 2.43006776121 0.0293269955849 0.00102880272465
0.5 1.75889491735 2.49494744611 0.0391545343569 0.00155046132147
0.5 1.57877688365 2.58225363144 0.0597088378856 0.00279960778967
0.5 2.17762546284 2.27158211499 0.0169527830235 0.000468315179979
0.5 2.01503680686 2.36751756648 0.0229926606992 0.000726340735194
0.5 0.837079078415 3.47279194068 0.74750491385 0.0644523535517
0.5 2.04970624987 2.34843165472 0.0215040326473 0.000659765222594
0.5 1.20175489154 2.84252568734 0.173694965495 0.0117121810788
0.5 2.24960600601 2.22284858681 0.0149171287968 0.000389184684882
0.5 2.04540236613 2.35083613285 0.021682154181 0.000667634847251
0.5 2.19188776138 2.26227671203 0.0165231696988 0.000451255249527
0.5 1.87500517618 2.4392808738 0.030491148611 0.00108748222484
0.5 1.70750135401 2.51932926508 0.0439658508656 0.00182560408827
0.5 1.52533775519 2.61016022431 0.0682976199956 0.00337123584058
0.5 0.780596469622 3.62914125095 0.985186725275 0.0868705222895
0.5 2.34787968935 2.14835801778 0.0126055844513 0.000304842232541
0.5 2.24931855646 2.22305235641 0.0149246324225 0.000389468087728
0.5 0.949588315749 3.20999733721 0.446258009876 0.0366270311407
0.5 2.33080339244 2.16202847164 0.0129733941911 0.000317849989151
0.5 0.667361802884 3.9772493889 1.63285659247 0.163817487155
0.5 1.01133440111 3.09463460058 0.345479382826 0.0272778259284
0.5 0.718886035932 3.81429298667 1.31936950637 0.121927952117
0.5 1.14812811086 2.90054658886 0.208026744401 0.014723522795
0.5 2.11975865367 2.30772928815 0.0188456827673 0.000545620650727
0.5 0.504531268579 4.55453888012 2.54071076776 0.465501163889
0.5 0.964987087192 3.17937764946 0.417917915731 0.0339977977239
0.5 0.589227343221 4.2380738263 2.09090104339 0.263705494405
0.5 1.22008450639 2.82451160471 0.163641628885 0.0108481722812
0.5 1.44752105977 2.65409735135 0.083786709212 0.00446031028444
0.5 1.90433562845 2.42481415931 0.0286930600906 0.000997232352854
0.5 2.06840698194 2.33786136716 0.0207509234023 0.000626797313839
0.5 1.58319932778 2.58000712839 0.0590604571863 0.00275751029078
0.5 0.503059131066 4.56053488437 2.54850169163 0.470374786521
0.5 1.0634368594 3.01169187438 0.282258520407 0.0214443772693
0.5 2.33820166902 2.15614496016 0.0128124179124 0.000312137263822
0.5 1.44608827733 2.65495276394 0.084111318562 0.00448384617915
0.5 1.56267416577 2.59050951726 0.0621462864841 0.00295924768599
