0.1 2.33374716299 2.90097291562 0.000114738581053 1.08907760316e-07
0.1 1.67708382728 3.0123223675 0.000452901679653 8.44934850777e-07
0.1 1.03009550234 3.20294131949 0.00372161352609 1.58474923621e-05
0.1 2.06641075908 2.96139092018 0.000189723622584 2.32087674107e-07
0.1 2.33600212508 2.90026552284 0.00011428185804 1.08255988593e-07
0.1 2.15471002393 2.94541380388 0.000159566861064 1.78849795866e-07
0.1 1.95590296454 2.97809748184 0.000238322629165 3.25856222816e-07
0.1 1.02096084868 3.21244704989 0.00387504404241 1.67175722899e-05
0.1 2.32352679878 2.9041209624 0.000116837250728 1.11918258688e-07
0.1 1.0215131111 3.21185320675 0.00386553886671 1.66634120795e-05
0.1 2.03275204638 2.96680451269 0.000203089603821 2.56958719238e-07
0.1 1.02306227226 3.21020189925 0.00383903546355 1.6512575516e-05
0.1 0.744582737033 4.84948187799 0.0185875836938 0.000110434720009
0.1 1.27201107242 3.07739220974 0.00146670663386 4.47468445593e-06
0.1 2.1801624882 2.94022852402 0.000152001998361 1.66215158633e-07
0.1 1.05635872035 3.17893149036 0.0033219489355 1.36252623299e-05
0.1 0.639827386383 5.54694251045 0.0538792116738 0.000272554157158
0.1 1.76621929303 3.00193205176 0.000364585219309 6.16310299595e-07
0.1 1.66953205884 3.01320668562 0.000461561825668 8.68320303949e-07
0.1 1.66246387248 3.01403619385 0.000469859298214 8.90887088886e-07
0.1 1.85441079201 2.99134598381 0.000297357193178 4.52348665662e-07
0.1 1.87431019701 2.9888615496 0.000284400312784 4.23651426719e-07
0.1 1.37785474049 3.05397834354 0.00104042384985 2.77508815185e-06
0.1 1.14185300714 3.12431025154 0.00234948239441 8.54101157673e-06
0.1 1.64110443643 3.01655836068 0.000496080967636 9.63294356709e-07
0.1 1.45969724276 3.04033439771 0.000813657530191 1.95561862752e-06
0.1 2.2221486862 2.93097960154 0.00014047205253 1.47609651155e-07
0.1 2.16960947744 2.94241454946 0.000155083115593 1.71323418274e-07
0.1 0.711532212673 5.17081374232 0.0244022085056 0.000144721890654
0.1 0.620816071414 5.60627158508 0.0736891942296 0.000326142402402
0.1 1.69376438026 3.01037579665 0.000434443112086 7.95813991032e-07
0.1 2.08478993748 2.95829182808 0.00018288966901 2.19662928916e-07
0.1 0.952711471524 3.31170349459 0.00532689672509 2.53080288108e-05
0.1 1.57040160163 3.0251797433 0.000597088027059 1.25604906857e-06
0.1 0.772132327031 4.50176969698 0.0151669022061 8.89075608367e-05
0.1 1.24448890181 3.08513680281 0.00161259903917 5.10134833788e-06
0.1 0.803953483821 4.09894687631 0.0122291277295 6.9828070495e-05
0.1 1.35964370458 3.0574466227 0.00110148299698 3.00561493434e-06
0.1 2.08541244422 2.95818496449 0.000182663646775 2.19255499324e-07
0.1 1.31391301956 3.06708955844 0.00127581573277 3.6926680815e-06
0.1 0.855699874493 3.6530620099 0.00891133756752 4.8072225108e-05
0.1 2.31850408972 2.90563433473 0.000117885958428 1.13432374087e-07
0.1 1.59066199703 3.02265320908 0.0005656771424 1.1626976795e-06
0.1 0.700993594455 5.24894469408 0.0268416557579 0.000158178546543
0.1 1.93744118559 2.98062705746 0.000247904516382 3.45458643436e-07
0.1 2.45685870006 2.85393962644 9.28523408877e-05 7.89532742711e-08
0.1 1.11955140166 3.13594528544 0.00256346153308 9.61561214655e-06
0.1 1.02025154698 3.21321326545 0.00388729621403 1.67874349159e-05
0.1 1.82579922157 2.99484609399 0.000317290280277 4.97838599995e-07
0.1 0.779439933188 4.40493694303 0.0144111553069 8.40418212454e-05
0.1 0.66744342231 5.43823306908 0.0378271979688 0.000211901469323
0.1 1.55359455449 3.02731946118 0.000624826724883 1.3402929386e-06
0.1 1.7204705917 3.00726860976 0.000406877317611 7.23132469268e-07
0.1 2.23477823191 2.92800889064 0.000137220671653 1.42505204966e-07
0.1 0.797870041231 4.17042311832 0.0127251983058 7.30690994568e-05
0.1 2.22812496534 2.9295854601 0.000138921733419 1.45167753896e-07
0.1 1.39982773963 3.05002911065 0.000972446381771 2.51965305545e-06
0.1 1.95369807135 2.97840288806 0.000239442276454 3.28120594367e-07
0.1 0.810191042044 4.02966909747 0.0117478221056 6.66777145926e-05
0.1 1.33413466585 3.06264524217 0.00119472876295 3.36443163257e-06
0.1 0.784758693764 4.33521258515 0.0138935643886 8.07050344477e-05
0.1 1.17856456122 3.10798534875 0.00204455001858 7.06685925594e-06
0.1 1.90560224719 2.98485345271 0.000265613924915 3.82802050608e-07
0.1 0.654119274468 5.49469652218 0.0443813968478 0.000238955298241
0.1 0.640911683187 5.54323675938 0.0530384602212 0.000269820461662
0.1 2.46393355476 2.85059338469 9.17362225183e-05 7.75322686471e-08
0.1 0.58312444981 5.70165937079 0.229912137202 0.000473363913629
0.1 0.698609219344 5.2651987253 0.0274454185681 0.000161403755855
0.1 0.940965496453 3.33600439513 0.00564478033907 2.72732705526e-05
0.1 1.8200443278 2.99554111852 0.000321598353114 5.0767683561e-07
0.1 2.49229644757 2.83626396904 8.75179909898e-05 7.21089893388e-08
0.1 2.43955627402 2.86177402466 9.56024019345e-05 8.2549965535e-08
0.1 1.85310728001 2.99150721137 0.000298230755478 4.54308349043e-07
0.1 2.49696145618 2.83375609288 8.6847615058e-05 7.12571728758e-08
0.1 0.742313846997 4.87539529111 0.0189175610605 0.000112463713211
0.1 1.37248541924 3.05498193478 0.00105796904921 2.84497286646e-06
0.1 0.834588722016 3.80087850662 0.0100952459582 5.58231068259e-05
0.1 1.59470100613 3.02215628687 0.000559721323196 1.14508493559e-06
0.1 2.04215103346 2.9653252924 0.000199241649472 2.4972331803e-07
0.1 1.63285006876 3.0175406951 0.000506701761838 9.93068774401e-07
0.1 1.11323316241 3.1395225805 0.00262858225317 9.9473500782e-06
0.1 2.45558976533 2.85453076249 9.30500118315e-05 7.9211139128e-08
0.1 2.27737930613 2.91725309932 0.000126941679325 1.26753024593e-07
0.1 0.973331308016 3.27519274299 0.00482300011562 2.22569352835e-05
0.1 1.87117123239 2.9892561529 0.000286405611342 4.28030265972e-07
0.1 0.664835345081 5.44996368039 0.0389778479081 0.000216904273111
0.1 2.23632637134 2.92763826464 0.000136828582112 1.41893950947e-07
0.1 1.18192559369 3.10663965771 0.00201920166647 6.94714662271e-06
0.1 1.76313190087 3.00229399517 0.000367239939103 6.22909822288e-07
0.1 1.23875621038 3.08686528845 0.00164523988562 5.24441179157e-06
0.1 2.12352753739 2.95138666806 0.000169487863298 1.95872006153e-07
0.1 1.27122965864 3.07760040347 0.00147060970651 4.49116887359e-06
0.1 1.43838126404 3.04362939797 0.000866135579025 2.13919151379e-06
0.1 0.925613648276 3.37252311097 0.00609922882366 3.01028979534e-05
0.1 0.924894643169 3.37438384394 0.00612166388312 3.02377075409e-05
0.1 1.12462869044 3.13316483033 0.00251261802339 9.35850449922e-06
0.1 1.57933248256 3.02405946597 0.00058297816786 1.21384346089e-06
0.1 2.15248687288 2.94585314692 0.000160249678339 1.8000534945e-07
0.1 1.81422924758 2.99624098922 0.000325923295721 5.2368762976e-07
0.1 1.36200648254 3.05698586714 0.00109331815073 2.97491288382e-06
0.1 2.18581739454 2.93903569276 0.000150382370998 1.63552186779e-07
0.1 0.73097200886 4.9965314193 0.0207029294053 0.00012322537965
0.1 1.52259226396 3.03139471763 0.000680409475132 1.51395222492e-06
0.1 1.94694664018 2.97933259508 0.000242911933098 3.35165912621e-07
0.1 0.572406913092 5.72553374546 0.540230573181 0.00052855460449
0.1 1.85650588764 2.99108689238 0.000295959890104 4.49220060779e-07
0.1 1.0591654584 3.17662167701 0.00328257186993 1.34099886469e-05
0.1 0.87941812618 3.52964059231 0.00779367090363 4.08190960163e-05
0.1 1.27459676445 3.07670784455 0.00145388461095 4.42066034743e-06
0.1 1.58777375982 3.02301009493 0.000570025761935 1.17548949275e-06
0.1 0.878833356878 3.53224849262 0.00781890389227 4.09819028542e-05
0.1 1.65810212767 3.01454921806 0.000475075511579 9.05149940524e-07
0.1 1.04962654604 3.18466072632 0.00341890384388 1.41582298312e-05
0.1 1.78705311412 2.99947872134 0.000347129409745 5.7388200958e-07
0.1 0.646547476781 5.52332589791 0.0490149070331 0.000256114840563
0.1 1.80118232054 2.9978011401 0.00033588918032 5.47091256493e-07
0.1 2.32053161394 2.90502633061 0.000117461251858 1.12818375775e-07
0.1 1.76316990978 3.00228954149 0.000367206811941 6.22828069935e-07
0.1 1.56760493901 3.02553286687 0.000601594624612 1.26962180414e-06
0.1 2.26778683027 2.9197804795 0.000129149276542 1.30114700973e-07
0.1 1.76423454962 3.00216477066 0.000366280513939 6.20543298967e-07
0.1 0.83003484141 3.83854455615 0.0103782676397 5.76749935593e-05
0.1 1.02010391361 3.21337331965 0.00388985262447 1.68020188579e-05
0.1 0.523241100976 5.83082655891 3.06230108409 0.00090115608163
0.1 2.48981311161 2.83758104673 8.7877495604e-05 7.25669434982e-08
0.1 2.12576214018 2.95097160411 0.000168751637529 1.94592010644e-07
0.1 2.11837896697 2.95233541966 0.000171199523804 1.98858000255e-07
0.1 2.28631659984 2.91483873547 0.000124889356045 1.23711298778e-07
0.1 0.953437861218 3.31029158492 0.00530800554448 2.51924262656e-05
0.1 1.56641795484 3.02568308476 0.000603520288451 1.27543499559e-06
0.1 2.39186847576 2.88109850219 0.000103706884733 9.34304055517e-08
0.1 0.906567791331 3.42719064795 0.00673227420949 3.40580480636e-05
0.1 2.22258368225 2.93087881725 0.000140358486797 1.4743027961e-07
0.1 2.28397148919 2.91547783743 0.000125419620146 1.24501182245e-07
0.1 1.64979346533 3.01552919973 0.000485190901546 9.33052296932e-07
0.1 0.513140168409 5.85363779232 3.08297442645 0.00101171628371
0.1 2.0632338617 2.96191594591 0.000190937127543 2.34315015246e-07
0.1 2.081939046 2.95877961007 0.000183929269806 2.21539840207e-07
0.1 1.80546014683 2.99729082928 0.000332584396502 5.39279882488e-07
0.1 1.51712041672 3.03213415706 0.000690853298028 1.5473060417e-06
0.1 2.4196520022 2.87021880676 9.88839813655e-05 8.69114187204e-08
0.1 1.54894298913 3.02791975877 0.000632788797785 1.36478091841e-06
0.1 1.12514878054 3.13288460307 0.00250748290864 9.33263283048e-06
0.1 1.10093042884 3.14688716623 0.0027615680086 1.06317271491e-05
0.1 2.315450783 2.90654370634 0.000118529082531 1.14364220701e-07
0.1 2.12969165417 2.9502367377 0.000167466688972 1.92364337132e-07
0.1 1.36643677439 3.05613059331 0.00107821300247 2.91885165427e-06
0.1 1.80053452952 2.99787830907 0.00033639416899 5.48286068011e-07
0.1 1.95809810743 2.97779283072 0.000237214447068 3.23619442904e-07
0.1 1.43936101366 3.04347447226 0.000863629539265 2.13030729375e-06
0.1 1.82393356064 2.99507171335 0.000318647267784 5.01000865847e-07
0.1 1.92856217173 2.98182256613 0.00025268486269 3.55395140084e-07
0.1 1.50711105549 3.03350246908 0.000710484323386 1.61059973387e-06
0.1 0.563677485043 5.74441493709 2.03256491836 0.0005791499874
0.1 0.621903247751 5.60313214847 0.0722127540954 0.000322763756182
0.1 0.804003941558 4.09836971923 0.012225126025 6.98018987117e-05
0.1 0.617096210602 5.61679960047 0.0791925006286 0.000338019204779
0.1 1.97020803738 2.97609316078 0.000231215725409 3.11588041999e-07
0.1 0.666756538292 5.44135674841 0.0381247680595 0.000213205923909
0.1 0.867900446224 3.58480010013 0.00831144528527 4.41684108882e-05
0.1 0.566721678907 5.73787485195 1.31271041964 0.000560913609283
0.1 1.51364738002 3.03260634818 0.000697586768374 1.56892792315e-06
0.1 1.40194141631 3.049661649 0.000966212504347 2.49667588051e-06
0.1 1.89373911839 2.98638851584 0.000272596349384 3.97709300438e-07
0.1 1.75889491735 3.00278980516 0.000370977757652 6.32102832482e-07
0.1 1.57877688365 3.02412883812 0.000583843635349 1.21641954798e-06
0.1 2.17762546284 2.94075881129 0.0001527357027 1.6742677764e-07
0.1 2.01503680686 2.96952997803 0.000210598832584 2.71248167621e-07
0.1 0.837079078415 3.78120963381 0.00994490127106 5.48282244108e-05
0.1 2.04970624987 2.964118011 0.000196214570721 2.44073727464e-07
0.1 1.20175489154 3.09913668888 0.00187747680699 6.28751050333e-06
0.1 2.24960600601 2.92439878103 0.00013351953523 1.3677555355e-07
0.1 2.04540236613 2.9648077136 0.000197931847014 2.47274158496e-07
0.1 2.19188776138 2.9377374298 0.000148667669219 1.60750367633e-07
0.1 1.87500517618 2.98877349942 0.000284128789145 4.2268919302e-07
0.1 1.70750135401 3.00877714471 0.000419983542452 7.57220990427e-07
0.1 1.52533775519 3.03102633016 0.000675219923555 1.49753824963e-06
0.1 0.780596469622 4.38968557242 0.0142964408267 8.33126109599e-05
0.1 2.34787968935 2.89645998617 0.000111936943156 1.04894957284e-07
0.1 2.24931855646 2.92447006981 0.000133590036821 1.36884025436e-07
0.1 0.949588315749 3.31789000891 0.00540912572013 2.58124617457e-05
0.1 2.33080339244 2.90188937462 0.00011533822256 1.0976533403e-07
0.1 0.667361802884 5.43860555272 0.0378623518818 0.000212055985669
0.1 1.01133440111 3.22322068705 0.00404571507077 1.76954586398e-05
0.1 0.718886035932 5.10972147337 0.0228940479711 0.000136106868248
0.1 1.14812811086 3.12128946261 0.0022934074442 8.26719064721e-06
0.1 2.11975865367 2.9520823788 0.000170738725586 1.98052751938e-07
0.1 0.504531268579 5.87400426066 3.09620173316 0.00111852636534
0.1 0.964987087192 3.28912020131 0.00501907269872 2.34362768653e-05
0.1 0.589227343221 5.68759560076 0.172262134838 0.000444952386986
0.1 1.22008450639 3.09280115175 0.00175756629589 5.74301380418e-06
0.1 1.44752105977 3.0421971477 0.000843120416746 2.05803357884e-06
0.1 1.90433562845 2.98501831523 0.000266316018149 3.84361492643e-07
0.1 2.06840698194 2.9610594444 0.000188966050539 2.30700366769e-07
0.1 1.58319932778 3.02357777968 0.000576999630868 1.19609259085e-06
0.1 0.503059131066 5.87759219517 3.09819961562 0.00113809025395
0.1 1.0634368594 3.1731910061 0.00322378984831 1.30899358875e-05
0.1 2.33820166902 2.8995706286 0.000113852731092 1.07624490903e-07
0.1 1.44608827733 3.04241967544 0.000846679256412 2.07050563618e-06
0.1 1.56267416577 3.02615791776 0.000609644924725 1.29397788195e-06
