0.1 3.97624174394 0.106918865257 1.29654365388e-05 4.55123681457e-09
0.1 3.47777274301 0.232523203168 2.23723516479e-05 9.29603007978e-09
0.1 3.32366891502 0.338670494335 2.6910618126e-05 1.19010078601e-08
0.1 3.64478145829 0.1700498793 1.84779752458e-05 7.23931887667e-09
0.1 3.55425499474 0.199615254834 2.04782934803e-05 8.27463538217e-09
0.1 3.1709021419 0.571822740873 3.26274616528e-05 1.55391827834e-08
0.1 3.04306961973 1.07272306567 3.86008725133e-05 1.9851532177e-08
0.1 2.57896649193 2.7809101216 7.60468179715e-05 5.79337191825e-08
0.1 2.59567409962 2.76762767309 7.40563160153e-05 5.55651471521e-08
0.1 2.74677582606 2.57665321333 5.87402398158e-05 3.83717699057e-08
0.1 3.21560427678 0.47994764188 3.08087013817e-05 1.43343167905e-08
0.1 2.7669249763 2.53550231664 5.70053982311e-05 3.6566088504e-08
0.1 3.69960393563 0.155655569011 1.73902606622e-05 6.68833544595e-09
0.1 3.84787092528 0.125691953021 1.4823246049e-05 5.42773097333e-09
0.1 3.51867741315 0.213827484321 2.13337885874e-05 8.73118190721e-09
0.1 3.74260015759 0.145783856149 1.65924307123e-05 6.29074290485e-09
0.1 2.57871715687 2.78110073611 7.60770274838e-05 5.79698843886e-08
0.1 3.31045535726 0.351784692248 2.73554481379e-05 1.21671336524e-08
0.1 2.89198287354 2.09296414566 4.75571304035e-05 2.73485569916e-08
0.1 2.95098938233 1.71752237307 4.37805312203e-05 2.40287930129e-08
0.1 3.77679959697 0.138680514606 1.59901546631e-05 5.99412124508e-09
0.1 3.52680438154 0.210427233316 2.11345392462e-05 8.62416748451e-09
0.1 3.29993336891 0.362885116457 2.77149658139e-05 1.2384775107e-08
0.1 2.57446951932 2.78431525247 7.65939909579e-05 5.85897599718e-08
0.1 3.63295909391 0.173461583318 1.87235044222e-05 7.36517595363e-09
0.1 3.71576550348 0.151812193876 1.7084886099e-05 6.53551587041e-09
0.1 2.66789269046 2.69591646818 6.61665776235e-05 4.64723108753e-08
0.1 3.63737684245 0.172172808327 1.86312854309e-05 7.31783922896e-09
0.1 3.62009749105 0.177311705216 1.89952228802e-05 7.50511585844e-09
0.1 3.45238626312 0.245638478745 2.30477709605e-05 9.6701237664e-09
0.1 2.81502206087 2.41068259217 5.31160734166e-05 3.26375402766e-08
0.1 3.74694726912 0.144846356406 1.6514326048e-05 6.25210778123e-09
0.1 2.74787311155 2.5745505072 5.86440781297e-05 3.82708631671e-08
0.1 3.10629552827 0.767684615773 3.5480847236e-05 1.75383683557e-08
0.1 2.66246036908 2.70229321877 6.67222762037e-05 4.70963466318e-08
0.1 3.86236378447 0.123298702897 1.45984697482e-05 5.31986344101e-09
0.1 3.34384189419 0.320248118638 2.62514618614e-05 1.15094889566e-08
0.1 2.54756220622 2.80333148254 7.99729576343e-05 6.26869990708e-08
0.1 2.74132438255 2.58688052333 5.92282687015e-05 3.88775767815e-08
0.1 2.56748077934 2.7894725445 7.74541858113e-05 5.96253263968e-08
0.1 3.98210097449 0.106177275001 1.28875335064e-05 4.51516991278e-09
0.1 2.64773232756 2.71867412926 6.82585429374e-05 4.88349833071e-08
0.1 3.66051507899 0.165687837461 1.81573747981e-05 7.0758159945e-09
0.1 2.78835878883 2.48508042492 5.52296717347e-05 3.47512586994e-08
0.1 3.46679243826 0.238041290863 2.26615381965e-05 9.45551745985e-09
0.1 2.73137195417 2.60465383077 6.00831062823e-05 3.98205610853e-08
0.1 2.60355736615 2.76099192876 7.31397900631e-05 5.44842068865e-08
0.1 3.24427365547 0.433506899746 2.97057734076e-05 1.36277147506e-08
0.1 2.85378180819 2.27293580304 5.02205514853e-05 2.9829258284e-08
0.1 3.42331275607 0.262360999416 2.38508860409e-05 1.01227108023e-08
0.1 3.3219118684 0.340364033229 2.69694405935e-05 1.19359441485e-08
0.1 3.084178304 0.859230828007 3.65356710926e-05 1.83035009485e-08
0.1 3.87307139429 0.121580079769 1.44351263466e-05 5.24172403625e-09
0.1 3.58647490429 0.188119825027 1.9739905368e-05 7.88653445197e-09
0.1 2.97532660435 1.53869520415 4.23304362952e-05 2.28170322292e-08
0.1 3.14151523082 0.649616707836 3.38948987256e-05 1.64076553937e-08
0.1 3.45884783609 0.242180461079 2.28735737612e-05 9.57310150381e-09
0.1 3.60152219394 0.183143602842 1.93963160632e-05 7.71297566763e-09
0.1 2.51970393482 2.82085151911 8.36700096665e-05 6.72578556034e-08
0.1 3.01516590802 1.25107681365 4.00854646563e-05 2.10056089121e-08
0.1 3.71453877028 0.152098111752 1.71078302451e-05 6.5469701309e-09
0.1 2.58404250423 2.77698217103 7.54350619789e-05 5.7202747852e-08
0.1 3.96990514604 0.107730872343 1.30503112548e-05 4.59060049992e-09
0.1 3.06836798089 0.934332721829 3.73133980341e-05 1.88786714136e-08
0.1 3.39535753932 0.280447455909 2.46515249301e-05 1.05841727466e-08
0.1 3.26375185893 0.406233864433 2.89816619686e-05 1.31743559142e-08
0.1 3.38943531416 0.284563015773 2.48248194674e-05 1.06854426382e-08
0.1 3.72104600462 0.150592053274 1.69865584459e-05 6.48647909351e-09
0.1 3.44707591876 0.24854935635 2.31921049801e-05 9.75080914095e-09
0.1 3.7979145469 0.134587947339 1.56318766046e-05 5.8190680169e-09
0.1 3.14781923841 0.631522276208 3.36179648446e-05 1.6215864365e-08
0.1 2.57940930973 2.78057105939 7.59932030815e-05 5.7869550172e-08
0.1 3.66680128252 0.163999460493 1.80312136771e-05 7.01173092182e-09
0.1 3.89165210857 0.118693937328 1.41554502844e-05 5.10917797459e-09
0.1 2.63562906206 2.73121936427 6.95542879252e-05 5.03164064339e-08
0.1 3.65076652028 0.168367270923 1.83551979609e-05 7.17659280094e-09
0.1 3.22069309316 0.471091417944 3.06094882795e-05 1.42053199706e-08
0.1 2.76905926295 2.53080893969 5.68254101952e-05 3.6380570698e-08
0.1 3.05312295551 1.0149889195 3.80827596532e-05 1.94569146444e-08
0.1 3.82957023127 0.128830157529 1.51132816314e-05 5.56750018881e-09
0.1 2.56346735339 2.79236305237 7.79536503384e-05 6.02289623042e-08
0.1 3.20956915007 0.490829271233 3.10469626734e-05 1.44893760853e-08
0.1 2.8049648827 2.44043910157 5.39012316473e-05 3.34166783181e-08
0.1 3.45180621 0.24595350284 2.3063485189e-05 9.67889516273e-09
0.1 3.3455100128 0.318804328578 2.61990000612e-05 1.1477885437e-08
0.1 3.81199503127 0.131973198941 1.53985094551e-05 5.70559870832e-09
0.1 3.38522109074 0.287562575819 2.49740095034e-05 1.07582809384e-08
0.1 3.02005801927 1.21802370923 3.98201206064e-05 2.07967898696e-08
0.1 3.4379624488 0.253690415037 2.34422719168e-05 9.89131415533e-09
0.1 3.66760015828 0.163787028895 1.80152586488e-05 7.00363656674e-09
0.1 3.45211812517 0.245784014163 2.30550335207e-05 9.67417719918e-09
0.1 2.6943226807 2.66198820792 6.35440996374e-05 4.35634416413e-08
0.1 3.46161966476 0.240721897527 2.27993276903e-05 9.53186512674e-09
0.1 3.49393515195 0.224802314019 2.1954768327e-05 9.06746165204e-09
0.1 3.05822381374 0.987079938594 3.78231728484e-05 1.92607802425e-08
0.1 2.64761535736 2.71879918207 6.82709201936e-05 4.88490700068e-08
0.1 2.69564815219 2.66014848969 6.34160388108e-05 4.34229606063e-08
0.1 3.90042180124 0.117372228662 1.40260892708e-05 5.04792962752e-09
0.1 3.15913149739 0.601043830064 3.31279888266e-05 1.58793158341e-08
0.1 3.973701025 0.107243230763 1.29993894095e-05 4.56697511384e-09
0.1 3.24849774451 0.427323123395 2.9547110337e-05 1.35276258078e-08
0.1 2.83074425912 2.35953272668 5.19170563427e-05 3.14619960158e-08
0.1 3.73517279582 0.147410254896 1.67269454233e-05 6.35740073093e-09
0.1 3.23300060391 0.450801714089 3.01339124974e-05 1.38997898324e-08
0.1 3.16124557701 0.595615499044 3.30373988972e-05 1.5817481494e-08
0.1 3.5750345788 0.192065734446 1.99982424515e-05 8.02170912417e-09
0.1 3.81993199452 0.130537622374 1.52688768963e-05 5.64275488245e-09
0.1 2.70802494947 2.64226027071 6.22357068513e-05 4.21352267132e-08
0.1 3.24412676214 0.433724739561 2.97113079076e-05 1.36312133845e-08
0.1 3.53857678649 0.205664899414 2.0849966905e-05 8.47205191209e-09
0.1 3.58548879315 0.188454217354 1.97620091352e-05 7.89807498144e-09
0.1 3.1177564235 0.725832058271 3.49643411457e-05 1.71590314887e-08
0.1 3.54627310879 0.202655354577 2.06664814818e-05 8.37441635934e-09
0.1 3.82340482428 0.129917922996 1.52125839814e-05 5.61550637561e-09
0.1 2.92860845196 1.87268741132 4.51672313065e-05 2.5220868999e-08
0.1 3.14005525068 0.653926774135 3.39594372172e-05 1.64525153747e-08
0.1 3.85493958398 0.124514808971 1.47130798823e-05 5.37481420958e-09
0.1 3.10129167121 0.787104423688 3.57161905439e-05 1.77075890706e-08
0.1 3.43257289906 0.256819288319 2.35916765533e-05 9.97563905103e-09
0.1 3.82398204991 0.129815412665 1.52032525218e-05 5.6109919143e-09
0.1 3.96309674069 0.108615034897 1.31422391816e-05 4.63331485969e-09
0.1 3.44521672522 0.24958302386 2.32428875761e-05 9.77926268309e-09
0.1 3.43836618989 0.253458683547 2.34311233238e-05 9.88503440846e-09
0.1 3.52156988982 0.212606241545 2.12626094729e-05 8.69290398131e-09
0.1 3.63436241608 0.173050400128 1.86941493973e-05 7.35009917506e-09
0.1 3.76815914909 0.140417748074 1.61397124662e-05 6.06750149134e-09
0.1 3.02432469552 1.18977540608 3.9590480782e-05 2.0616966246e-08
0.1 3.13837898332 0.658932252135 3.40337243091e-05 1.65042282189e-08
0.1 2.94019172354 1.79395937161 4.44427908994e-05 2.45942330039e-08
0.1 3.80829644445 0.132651465248 1.54593861553e-05 5.73515677397e-09
0.1 3.49524104359 0.224198303967 2.19214444311e-05 9.04930733185e-09
0.1 3.30031515638 0.362471540424 2.77018280397e-05 1.23767871855e-08
0.1 2.90093764411 2.04345464042 4.69585004965e-05 2.68068678629e-08
0.1 3.27183985329 0.395776677301 2.86862487147e-05 1.29920928017e-08
0.1 3.94793180419 0.110629421872 1.33497849138e-05 4.7300462104e-09
0.1 3.61559249635 0.178695951713 1.90915493855e-05 7.55489401706e-09
0.1 3.01828722434 1.22990791188 3.99159140412e-05 2.08720486148e-08
0.1 3.56798074359 0.1945711665 2.0159620235e-05 8.10648015405e-09
0.1 3.79312763018 0.13549733321 1.57122168086e-05 5.85823216975e-09
0.1 3.93475983291 0.112431322303 1.35332523308e-05 4.81588507307e-09
0.1 3.04729391797 1.04802472938 3.83821101016e-05 1.96844005688e-08
0.1 3.00590607562 1.31540307664 4.05937619926e-05 2.14087351414e-08
0.1 2.81067770435 2.42380442419 5.34534698476e-05 3.29714563279e-08
0.1 3.5864480083 0.188128931669 1.97405078363e-05 7.88684894253e-09
0.1 3.24964215648 0.425674515023 2.95042851502e-05 1.35006806906e-08
0.1 2.54288385042 2.80641816865 8.0579327285e-05 6.34305041458e-08
0.1 2.8010455434 2.45146004755 5.42111356662e-05 3.37261985547e-08
0.1 3.05239137929 1.01906962767 3.81201707267e-05 1.94852678841e-08
0.1 2.86374208014 2.23066773819 4.95085300593e-05 2.91550778849e-08
0.1 3.19702597842 0.514850329465 3.15492668235e-05 1.48190292447e-08
0.1 3.33244563299 0.330430188935 2.66159734027e-05 1.17285229165e-08
0.1 3.57857272791 0.190830302426 1.9917900459e-05 7.97960086895e-09
0.1 2.88141207179 2.1477296275 4.82761121811e-05 2.80068974292e-08
0.1 3.1944214349 0.520090846667 3.16547954568e-05 1.4888759131e-08
0.1 3.85552526958 0.124418124707 1.47039977575e-05 5.37045597051e-09
0.1 3.08396052302 0.860208395043 3.65462476054e-05 1.8311259907e-08
0.1 2.73422466186 2.59967394114 5.98260608846e-05 3.95476576533e-08
0.1 2.97562399377 1.53648656543 4.23131053371e-05 2.28027408518e-08
0.1 3.90344376049 0.11692257562 1.39818483132e-05 5.0270148996e-09
0.1 2.58870818004 2.7732906559 7.48781883346e-05 5.65396733114e-08
0.1 2.96682943028 1.60171810231 4.2829392912e-05 2.32305389155e-08
0.1 3.05004527077 1.03228099393 3.82404525096e-05 1.95765757491e-08
0.1 3.34138269249 0.322397821436 2.63285510471e-05 1.15562911627e-08
0.1 3.94337912293 0.111246598565 1.34128569457e-05 4.75952138331e-09
0.1 2.87474998829 2.18023721364 4.87362194324e-05 2.84326411202e-08
0.1 3.96667481891 0.108148839809 1.30938321247e-05 4.61081229977e-09
0.1 2.71709609299 2.62828445033 6.13880523321e-05 4.12184546701e-08
0.1 2.89131467187 2.09654368925 4.76021810694e-05 2.73895594955e-08
0.1 3.7612478179 0.141834612367 1.62605969846e-05 6.12694643855e-09
0.1 2.83273992148 2.35260386936 5.17672900937e-05 3.13163993299e-08
0.1 2.91353507365 1.96896135739 4.61322023319e-05 2.60687730115e-08
0.1 3.61016636296 0.180388485626 1.92083750694e-05 7.61538489424e-09
0.1 3.32494366002 0.337451148467 2.68679745708e-05 1.18757468113e-08
0.1 3.77914497164 0.138215363673 1.59498567532e-05 5.97438019404e-09
0.1 3.43311351258 0.256503224423 2.3576641375e-05 9.96713872979e-09
0.1 2.97802620151 1.51864904719 4.21734362146e-05 2.2687742656e-08
0.1 3.97708078309 0.106812135042 1.29542469931e-05 4.54605260517e-09
0.1 3.67317865826 0.162316934946 1.79043328407e-05 6.94742430709e-09
0.1 3.55591533882 0.198992960766 2.04394146893e-05 8.25406571362e-09
0.1 2.67443814428 2.68797666189 6.5504683817e-05 4.57324606422e-08
0.1 3.5473156877 0.202253647607 2.06417795448e-05 8.36129839798e-09
0.1 3.86428460705 0.122987381335 1.45689987783e-05 5.30574990046e-09
0.1 3.33503216209 0.328069297392 2.65243200966e-05 1.16783270512e-08
0.1 2.56591642187 2.79060517405 7.76483887116e-05 5.98598301208e-08
0.1 2.82180562356 2.38933824306 5.25945431962e-05 3.2124072397e-08
0.1 3.14685945832 0.634224031461 3.36599468469e-05 1.62448658515e-08
0.1 2.86715842023 2.21544452633 4.92672158298e-05 2.89282954545e-08
0.1 3.65056261452 0.168424119338 1.83593641992e-05 7.17871903712e-09
0.1 3.42011004304 0.264326713802 2.39412636884e-05 1.01742316049e-08
0.1 3.33535262551 0.32777887253 2.65129521624e-05 1.16721278548e-08
0.1 3.87547230423 0.121200409201 1.43988141015e-05 5.22438137888e-09
0.1 2.77289563912 2.52219711285 5.65036644943e-05 3.60498099457e-08
0.1 3.25250973683 0.421597959402 2.93972727128e-05 1.3433482055e-08
0.1 3.11319569039 0.742062074469 3.51743961056e-05 1.73086266886e-08
0.1 3.80529225163 0.133206855013 1.55090544456e-05 5.75929453945e-09
0.1 2.74559511633 2.5788990719 5.88439327964e-05 3.84806854306e-08
0.1 2.60565551347 2.75918383557 7.28982514383e-05 5.42003727824e-08
0.1 3.09417961547 0.815980711338 3.6053986294e-05 1.79519707278e-08
0.1 3.35605627847 0.309934557072 2.58679568833e-05 1.12807209977e-08
0.1 2.99194079325 1.41593350515 4.13756352337e-05 2.20368289687e-08
