10.0 2.33374716299 0.555712171182 0.31248647637 0.202846586778
10.0 1.67708382728 0.634127037188 0.388189908942 0.272026186358
10.0 1.03009550234 0.75069052413 0.50353838297 0.382208570386
10.0 2.06641075908 0.58452866906 0.340043660452 0.227629225869
10.0 2.33600212508 0.555483399318 0.312269658211 0.202653524393
10.0 2.15471002393 0.574616197743 0.330506149832 0.219019836934
10.0 1.95590296454 0.59757508665 0.352608713483 0.239120944122
10.0 1.02096084868 0.752827497795 0.50567495839 0.384283677656
10.0 2.32352679878 0.556752368251 0.313472454271 0.203725270188
10.0 1.0215131111 0.752698014795 0.505545027442 0.384157661169
10.0 2.03275204638 0.58843245541 0.343786256569 0.231048812892
10.0 1.02306227226 0.752334838882 0.505180992224 0.383804870507
10.0 0.744582737033 0.828921658502 0.581786825471 0.458784993709
10.0 1.27201107242 0.700094449972 0.453229355498 0.333620399136
10.0 2.1801624882 0.571841404157 0.327835203218 0.216623911714
10.0 1.05635872035 0.744631890035 0.497517819157 0.376343416345
10.0 0.639827386383 0.865624404857 0.618598555396 0.495101653818
10.0 1.76621929303 0.621803807247 0.376151710169 0.260825410166
10.0 1.66953205884 0.635203413836 0.389238470487 0.273011314171
10.0 1.66246387248 0.636214959801 0.390224849785 0.273937839601
10.0 1.85441079201 0.610221654778 0.364888256194 0.250381873115
10.0 1.87431019701 0.607680394843 0.362429768837 0.248108439086
10.0 1.37785474049 0.680985905216 0.434300459106 0.315543481646
10.0 1.14185300714 0.725962004097 0.478906747818 0.358347277564
10.0 1.64110443643 0.639293537851 0.393237075788 0.276763310664
10.0 1.45969724276 0.667203206919 0.420704305184 0.302610579749
10.0 2.2221486862 0.567330517088 0.323513070115 0.212741332889
10.0 2.16960947744 0.572987874504 0.328937990268 0.217613118883
10.0 0.711532212673 0.839898808502 0.592797625306 0.469627056603
10.0 0.620816071414 0.872939859262 0.625935777527 0.502360600037
10.0 1.69376438026 0.63176571758 0.385891762536 0.269869827123
10.0 2.08478993748 0.582425694322 0.338025757174 0.225794935379
10.0 0.952711471524 0.769459816637 0.522294606856 0.400448561111
10.0 1.57040160163 0.649770071121 0.403545829006 0.286407112007
10.0 0.772132327031 0.8201391874 0.572989508747 0.450125838982
10.0 1.24448890181 0.705339022642 0.458418243696 0.338606037799
10.0 0.803953483821 0.810385571506 0.563220636151 0.440524315888
10.0 1.35964370458 0.684161126849 0.437450997059 0.318532484706
10.0 2.08541244422 0.582354796053 0.337957705768 0.225733146619
10.0 1.31391301956 0.692354275934 0.44553410897 0.326274066167
10.0 0.855699874493 0.795336624273 0.548156539414 0.425740575005
10.0 2.31850408972 0.557265145137 0.313958622198 0.204159085386
10.0 1.59066199703 0.646714378889 0.400544369003 0.283589902869
10.0 0.700993594455 0.843512048337 0.596418923277 0.473194969066
10.0 1.93744118559 0.599820186007 0.354792157621 0.241112230238
10.0 2.45685870006 0.543572578192 0.300953476006 0.192678640206
10.0 1.11955140166 0.73068519257 0.483624690199 0.36288684769
10.0 1.02025154698 0.752994321709 0.505841642758 0.384445159296
10.0 1.82579922157 0.61392455302 0.36847088631 0.253707918515
10.0 0.779439933188 0.817867419942 0.570708207773 0.447884846628
10.0 0.66744342231 0.855389369361 0.608322872231 0.48495462709
10.0 1.55359455449 0.652340413809 0.406061914055 0.288782550136
10.0 1.7204705917 0.628036929772 0.382256559481 0.266476232169
10.0 2.23477823191 0.565988375504 0.32223327977 0.211590006424
10.0 0.797870041231 0.812215605379 0.565061434936 0.442323667595
10.0 2.22812496534 0.566694621187 0.322906292466 0.212195446017
10.0 1.39982773963 0.677215287775 0.430558483712 0.311994336643
10.0 1.95369807135 0.597841954031 0.35286812187 0.239357703769
10.0 0.810191042044 0.808523851293 0.561349816515 0.438691148768
10.0 1.33413466585 0.688696348036 0.441926239592 0.322809826801
10.0 0.784758693764 0.816222636922 0.569066019414 0.446263724058
10.0 1.17856456122 0.71837120504 0.471371091479 0.351058289367
10.0 1.90560224719 0.603746295844 0.358613007416 0.244601445663
10.0 0.654119274468 0.86027146499 0.613228822305 0.489790026769
10.0 0.640911683187 0.865214739342 0.618185802078 0.494695336687
10.0 2.46393355476 0.542894658532 0.300311079046 0.192114920568
10.0 0.58312444981 0.888139318906 0.641188789471 0.517462520897
10.0 0.698609219344 0.844338486709 0.597243630643 0.474012864858
10.0 0.940965496453 0.77245146255 0.525273904533 0.403361512219
10.0 1.8200443278 0.614675858732 0.369199040201 0.254384531801
10.0 2.49229644757 0.540194550457 0.297759071268 0.189874475969
10.0 2.43955627402 0.545239041844 0.302534265035 0.19406582451
10.0 1.85310728001 0.610389188908 0.365050184573 0.25053197006
10.0 2.49696145618 0.53975300471 0.297342929406 0.189508918264
10.0 0.742313846997 0.829657838413 0.582527268465 0.459512228015
10.0 1.37248541924 0.681917196726 0.435225114096 0.316419612796
10.0 0.834588722016 0.801357067757 0.554187647124 0.4316524885
10.0 1.59470100613 0.646110733973 0.399950005065 0.283034108084
10.0 2.04215103346 0.587335765916 0.34273469568 0.230086353333
10.0 1.63285006876 0.640492498687 0.394414874707 0.277865062163
10.0 1.11323316241 0.73204491133 0.484976277049 0.364193769563
10.0 2.45558976533 0.543694471921 0.301068939994 0.192779959273
10.0 2.27737930613 0.561510705444 0.317980288129 0.207763444746
10.0 0.973331308016 0.764316663936 0.517139180311 0.395441990931
10.0 1.87117123239 0.608079177681 0.362816011759 0.248464803639
10.0 0.664835345081 0.856335843557 0.609275909924 0.485893372667
10.0 2.23632637134 0.565824476201 0.322077014002 0.211449381018
10.0 1.18192559369 0.717687020652 0.470693478971 0.350404044642
10.0 1.76313190087 0.622218842791 0.376558554569 0.261201119495
10.0 1.23875621038 0.706446612863 0.459512118227 0.339662359084
10.0 2.12352753739 0.578062689327 0.333828114958 0.222003468825
10.0 1.27122965864 0.700241467982 0.453375271739 0.333760004536
10.0 1.43838126404 0.670720684504 0.424164262051 0.305896937078
10.0 0.925613648276 0.776413732171 0.529225609739 0.407231714181
10.0 0.924894643169 0.776600512304 0.529412855029 0.407414494505
10.0 1.12462869044 0.729599897183 0.482542885855 0.361843913991
10.0 1.57933248256 0.64841737717 0.402218512943 0.285159195519
10.0 2.15248687288 0.574860103861 0.330741175303 0.219230640514
10.0 1.81422924758 0.615437043759 0.369937700606 0.255070748999
10.0 1.36200648254 0.683746454974 0.437039804857 0.318141782282
10.0 2.18581739454 0.571229262629 0.327246805739 0.216096085076
10.0 0.73097200886 0.83337804628 0.586263964706 0.463181052189
10.0 1.52259226396 0.65715470751 0.410777458738 0.293249444468
10.0 1.94694664018 0.59866151679 0.353664865381 0.240084214532
10.0 0.572406913092 0.892646964532 0.645709461029 0.521942019087
10.0 1.85650588764 0.609952693157 0.364628340766 0.250140943297
10.0 1.0591654584 0.743994248684 0.496882166783 0.375727781787
10.0 0.87941812618 0.78874473976 0.541558978822 0.419287432894
10.0 1.27459676445 0.699608670385 0.452746608707 0.333159427512
10.0 1.58777375982 0.647147130967 0.400969987081 0.283988568544
10.0 0.878833356878 0.788904706617 0.541719496226 0.41944412654
10.0 1.65810212767 0.636840910089 0.390836041297 0.27451165537
10.0 1.04962654604 0.746170397661 0.499047430366 0.377829426315
10.0 1.78705311412 0.619022383678 0.373429484387 0.258308325221
10.0 0.646547476781 0.863097129548 0.61605379211 0.492593238308
10.0 1.80118232054 0.617152469709 0.371605679259 0.256618738704
10.0 2.32053161394 0.557057822403 0.313762184926 0.203983844936
10.0 1.76316990978 0.622213730263 0.376553503047 0.261196489705
10.0 1.56760493901 0.650195744152 0.403962869611 0.286800001683
10.0 2.26778683027 0.562512161411 0.318929781869 0.208617008642
10.0 1.76423454962 0.622070544239 0.376413070264 0.261066847755
10.0 0.83003484141 0.802675784588 0.555511528644 0.432945536478
10.0 1.02010391361 0.753028933886 0.505876390537 0.384478837996
10.0 0.523241100976 0.914476068875 0.667620996267 0.543678802892
10.0 2.48981311161 0.540429886072 0.297981073761 0.190069457129
10.0 2.12576214018 0.577813731546 0.333588396237 0.221787718998
10.0 2.11837896697 0.578637262118 0.334381577331 0.22250169688
10.0 2.28631659984 0.560581553399 0.317099682676 0.206972367386
10.0 0.953437861218 0.769276369921 0.522111319607 0.400270185739
10.0 1.56641795484 0.650376598689 0.404140192094 0.286966981366
10.0 2.39186847576 0.549895031307 0.306960974389 0.197955683277
10.0 0.906567791331 0.781413107877 0.534240055877 0.412113269308
10.0 2.22258368225 0.567284255231 0.323468889031 0.212701573863
10.0 2.28397148919 0.560825094493 0.317330369339 0.207179575681
10.0 1.64979346533 0.638037172725 0.39200583043 0.275609466268
10.0 0.513140168409 0.919215395206 0.672386083357 0.548401530954
10.0 2.0632338617 0.584894148247 0.340394344378 0.22794881197
10.0 2.081939046 0.582750362758 0.338337607958 0.226077902982
10.0 1.80546014683 0.616588865551 0.371057071765 0.256109955603
10.0 1.51712041672 0.658013157692 0.411621552886 0.294047912551
10.0 2.4196520022 0.547170327224 0.304369591915 0.195677006933
10.0 1.54894298913 0.653057155084 0.406762987172 0.28944604872
10.0 1.12514878054 0.729489153426 0.48243222563 0.361737300576
10.0 1.10093042884 0.734717757116 0.487626259266 0.366767163625
10.0 2.315450783 0.557577748628 0.314254652585 0.204423577574
10.0 2.12969165417 0.577377136959 0.333167293557 0.221409124582
10.0 1.36643677439 0.6829709335 0.436271271679 0.317411670156
10.0 1.80053452952 0.617237923767 0.371688896549 0.256695980325
10.0 1.95809810743 0.597309552765 0.352350674285 0.238885504119
10.0 1.43936101366 0.670557690961 0.424004243827 0.30574429614
10.0 1.82393356064 0.614167884853 0.36870656494 0.253927085725
10.0 1.92856217173 0.600907833541 0.355850931448 0.24207801967
10.0 1.50711105549 0.659589698442 0.413175490294 0.295515857026
10.0 0.563677485043 0.896375317507 0.649459190288 0.525654135518
10.0 0.621903247751 0.872516765932 0.625508648394 0.501940596766
10.0 0.804003941558 0.810370035659 0.563205418944 0.440509426846
10.0 0.617096210602 0.874395287381 0.627401555767 0.503804779874
10.0 1.97020803738 0.595849412944 0.350933875133 0.237592220733
10.0 0.666756538292 0.855638378699 0.60857341915 0.4852019165
10.0 0.867900446224 0.791917049245 0.544744642457 0.42239247313
10.0 0.566721678907 0.89506950598 0.648142710282 0.524355437298
10.0 1.51364738002 0.658559081824 0.412159258113 0.294556242345
10.0 1.40194141631 0.676855466497 0.430202291553 0.311655686718
10.0 1.89373911839 0.605228783792 0.360053028639 0.245921301795
10.0 1.75889491735 0.622789442179 0.37711795757 0.261717902121
10.0 1.57877688365 0.648501227398 0.402300984538 0.285236493763
10.0 2.17762546284 0.57211655549 0.328099740472 0.216861070199
10.0 2.01503680686 0.590512654082 0.345783174859 0.232878409179
10.0 0.837079078415 0.80063941326 0.553466354262 0.430948743781
10.0 2.04970624987 0.58645769134 0.341893241853 0.22931682836
10.0 1.20175489154 0.713700647541 0.466727808154 0.346594495128
10.0 2.24960600601 0.564421082917 0.320742079132 0.210247805072
10.0 2.04540236613 0.586957529192 0.342372208006 0.229754735848
10.0 2.19188776138 0.570573749014 0.326617575835 0.215531125825
10.0 1.87500517618 0.607592353936 0.362344326303 0.248029652774
10.0 1.70750135401 0.629839352934 0.384015335032 0.268115007194
10.0 1.52533775519 0.656724697216 0.410355207081 0.292849790865
10.0 0.780596469622 0.817509283345 0.570350029178 0.447531419284
10.0 2.34787968935 0.554282437458 0.311130390157 0.201641091685
10.0 2.24931855646 0.564451385986 0.32077087244 0.210273803065
10.0 0.949588315749 0.770250744374 0.52308393102 0.401218113526
10.0 2.33080339244 0.556011445337 0.312770115315 0.203099159712
10.0 0.667361802884 0.855419091949 0.608352732597 0.484983859368
10.0 1.01133440111 0.755098839448 0.507951853454 0.386487057832
10.0 0.718886035932 0.837416277864 0.590299524448 0.467172118331
10.0 1.14812811086 0.724650474222 0.477597611758 0.357085851833
10.0 2.11975865367 0.578483117844 0.334233346578 0.222368037201
10.0 0.504531268579 0.92333046195 0.676519870338 0.552508367049
10.0 0.964987087192 0.766383007267 0.519211275487 0.39745520171
10.0 0.589227343221 0.885615354724 0.638650868035 0.514949368085
10.0 1.22008450639 0.710083322409 0.463119128757 0.343136981751
10.0 1.44752105977 0.669205162509 0.422675337241 0.304479535944
10.0 1.90433562845 0.603904045908 0.358766350356 0.244741896139
10.0 2.06840698194 0.584299230688 0.339823623429 0.227428922519
10.0 1.58319932778 0.647834470578 0.401645881465 0.284621851893
10.0 0.503059131066 0.924041365037 0.677235269005 0.553215782161
10.0 1.0634368594 0.743028239581 0.495917262869 0.374794889831
10.0 2.33820166902 0.555260541252 0.312058219045 0.20246545327
10.0 1.44608827733 0.669441956066 0.422908216225 0.304701056518
10.0 1.56267416577 0.650948144423 0.404699749664 0.287494974932
