5.0 2.33374716299 0.818266671745 0.349013994183 0.17306357436
5.0 1.67708382728 0.964269302794 0.483589428227 0.277842268549
5.0 1.03009550234 1.18141575214 0.698411001332 0.466811395068
5.0 2.06641075908 0.872056002079 0.397054262263 0.208969872773
5.0 2.33600212508 0.817839677383 0.348639521949 0.1727934882
5.0 2.15471002393 0.853589155515 0.380317498484 0.196232075636
5.0 1.95590296454 0.896261073577 0.419436487032 0.226202140706
5.0 1.02096084868 1.18542337802 0.702438761113 0.470554090362
5.0 2.32352679878 0.820207479919 0.350717109786 0.174294075743
5.0 1.0215131111 1.18518018259 0.702194088362 0.470326609127
5.0 2.03275204638 0.879289224659 0.403696660418 0.214060254135
5.0 1.02306227226 1.18449849379 0.701508629611 0.469689346477
5.0 0.744582737033 1.32816589049 0.847333252572 0.607257903804
5.0 1.27201107242 1.087031421 0.603755755318 0.381032230329
5.0 2.1801624882 0.848395944362 0.375665691876 0.192723459273
5.0 1.05635872035 1.17008250963 0.687032557935 0.456295558667
5.0 0.639827386383 1.39742226382 0.917912970085 0.675389960407
5.0 1.76621929303 0.941391297572 0.461747119364 0.259917743344
5.0 1.66953205884 0.966260777356 0.485509180947 0.279422950144
5.0 1.66246387248 0.96813307181 0.487316328661 0.280911552848
5.0 1.85441079201 0.919805009987 0.441448502602 0.243509453472
5.0 1.87431019701 0.915079701064 0.437023022269 0.23998899461
5.0 1.37785474049 1.05139485898 0.568536026267 0.349954850759
5.0 1.14185300714 1.13524278331 0.651937311388 0.424277364584
5.0 1.64110443643 0.973842225708 0.492836113812 0.28546518636
5.0 1.45969724276 1.02581140377 0.54327892086 0.328156899777
5.0 2.2221486862 0.839953376629 0.368145797184 0.187093864672
5.0 2.16960947744 0.850542321787 0.377585461782 0.194169317695
5.0 0.711532212673 1.3488839235 0.868386902391 0.627534601644
5.0 0.620816071414 1.41127420512 0.931990990787 0.689114157149
5.0 1.69376438026 0.959902088364 0.47938825693 0.274385975958
5.0 2.08478993748 0.868152886899 0.393490298693 0.20624572348
5.0 0.952711471524 1.21652628916 0.733940130567 0.499781464196
5.0 1.57040160163 0.993342059797 0.511725820995 0.301193978707
5.0 0.772132327031 1.31166847826 0.830487315522 0.591147226513
5.0 1.24448890181 1.09676357015 0.613472430693 0.389683494846
5.0 0.803953483821 1.29329354976 0.811848486662 0.57331998597
5.0 1.35964370458 1.05731635662 0.57438898139 0.355047585331
5.0 2.08541244422 0.868021254621 0.393370202136 0.206154132589
5.0 1.31391301956 1.07258143931 0.589446570766 0.368299542131
5.0 0.855699874493 1.26504476693 0.783113386843 0.54602914418
5.0 2.31850408972 0.821164589559 0.351557609414 0.174902662468
5.0 1.59066199703 0.987654775128 0.506217599468 0.296576031394
5.0 0.700993594455 1.35567664161 0.875329599761 0.634223269378
5.0 1.93744118559 0.900443187695 0.423337331653 0.229235385916
5.0 2.45685870006 0.795571772499 0.329244483088 0.159026939289
5.0 1.11955140166 1.144065987 0.660785120801 0.432353695212
5.0 1.02025154698 1.18573593963 0.702753230751 0.470846471296
5.0 1.82579922157 0.926694116494 0.447907289872 0.248687058257
5.0 0.779439933188 1.3073848697 0.826140994923 0.586970679455
5.0 0.66744342231 1.37810206935 0.898170146469 0.656282214392
5.0 1.55359455449 0.998121484141 0.516353110661 0.305097649417
5.0 1.7204705917 0.952995225363 0.472773401873 0.268950635258
5.0 2.23477823191 0.837444166996 0.365919701642 0.185438705842
5.0 0.797870041231 1.29674533635 0.815359208496 0.576654743561
5.0 2.22812496534 0.838764273242 0.367090429512 0.18630845215
5.0 1.39982773963 1.04436863252 0.561583121522 0.343937508742
5.0 1.95369807135 0.896758536589 0.419899977012 0.226561899604
5.0 0.810191042044 1.28978816492 0.80827437385 0.569933418633
5.0 1.33413466585 1.06576322975 0.582723028522 0.362355587485
5.0 0.784758693764 1.30428843861 0.823005291945 0.583960287831
5.0 1.17856456122 1.1210586354 0.637789513369 0.411419723716
5.0 1.90560224719 0.907758278345 0.430172738769 0.23458241556
5.0 0.654119274468 1.38731312517 0.907575372662 0.665404693785
5.0 0.640911683187 1.39664554429 0.917121216208 0.674623304483
5.0 2.46393355476 0.79430425642 0.328149806556 0.158261369713
5.0 0.58312444981 1.44004522397 0.961335280599 0.717715175924
5.0 0.698609219344 1.35722788106 0.876918051841 0.635749236888
5.0 0.940965496453 1.22213286505 0.739595627445 0.50507371252
5.0 1.8200443278 0.928092971962 0.449220479888 0.249745333798
5.0 2.49229644757 0.789258801563 0.323806122743 0.155233872494
5.0 2.43955627402 0.798688283385 0.331940324528 0.160916900764
5.0 1.85310728001 0.920116421671 0.441740251541 0.243742349941
5.0 2.49696145618 0.788434526129 0.323098525865 0.154742091991
5.0 0.742313846997 1.32955532914 0.848751284549 0.60861234338
5.0 1.37248541924 1.05313136603 0.570253187151 0.351446103435
5.0 0.834588722016 1.27636726655 0.794580410181 0.556947635069
5.0 1.59470100613 0.986530562347 0.505128678869 0.295666395
5.0 2.04215103346 0.877257771185 0.401826529826 0.212625445483
5.0 1.63285006876 0.97606995353 0.494992993198 0.287247983029
5.0 1.11323316241 1.14659509828 0.663331452779 0.434675426038
5.0 2.45558976533 0.79579954904 0.329441304723 0.159164606096
5.0 2.27737930613 0.829083989762 0.358528098206 0.179984203681
5.0 0.973331308016 1.20687559584 0.724165528759 0.490702325481
5.0 1.87117123239 0.915821492207 0.437717606748 0.240539996305
5.0 0.664835345081 1.37989244839 0.89999256926 0.65805410668
5.0 2.23632637134 0.837137521138 0.365647855481 0.185237024537
5.0 1.18192559369 1.11978259449 0.636516530322 0.410270995614
5.0 1.76313190087 0.942165645235 0.462479690975 0.260516256658
5.0 1.23875621038 1.09881781113 0.615529771728 0.391514038443
5.0 2.12352753739 0.860029747324 0.386118799547 0.200629896924
5.0 1.27122965864 1.08730499134 0.604027937438 0.38127486268
5.0 1.43838126404 1.03232898196 0.549686545434 0.333678937917
5.0 0.925613648276 1.22956701312 0.747092082828 0.512127805131
5.0 0.924894643169 1.22991770242 0.747446452236 0.51246172307
5.0 1.12462869044 1.14204365484 0.658751831813 0.430498561775
5.0 1.57933248256 0.990824936667 0.509288386949 0.299146762818
5.0 2.15248687288 0.854045568016 0.380727315669 0.196542076999
5.0 1.81422924758 0.92951112658 0.450552462796 0.250820519307
5.0 1.36200648254 1.05654290941 0.573624935622 0.354381192438
5.0 2.18581739454 0.847249723683 0.374641861526 0.191953759616
5.0 0.73097200886 1.33658136087 0.855895730598 0.615463679095
5.0 1.52259226396 1.00708225993 0.525030964927 0.312477213514
5.0 1.94694664018 0.89828489205 0.42132314503 0.22766767528
5.0 0.572406913092 1.44856135306 0.9700508027 0.726218859332
5.0 1.85650588764 0.919304958385 0.440979885472 0.243135683218
5.0 1.0591654584 1.1688894134 0.685832486928 0.455193559763
5.0 0.87941812618 1.25265322557 0.770556702391 0.534175348889
5.0 1.27459676445 1.08612728845 0.602856158322 0.380230999537
5.0 1.58777375982 0.988460532583 0.506998210089 0.297228605419
5.0 0.878833356878 1.25295413408 0.770862592932 0.53446250699
5.0 1.65810212767 0.969292504936 0.488436314587 0.281834640586
5.0 1.04962654604 1.17295928621 0.689923166215 0.458955830291
5.0 1.78705311412 0.936198448911 0.456844649444 0.255921558755
5.0 0.646547476781 1.39263373416 0.91302423612 0.670664647482
5.0 1.80118232054 0.932709434816 0.453559089498 0.253253650296
5.0 2.32053161394 0.820777967992 0.35121802295 0.174656682436
5.0 1.76316990978 0.942156104553 0.462470662051 0.260508879009
5.0 1.56760493901 0.994133521734 0.51249199542 0.301838873866
5.0 2.26778683027 0.830952464304 0.360177140968 0.181195241901
5.0 1.76423454962 0.941888967758 0.462217858682 0.260302256402
5.0 0.83003484141 1.27884194876 0.797099112095 0.559342928364
5.0 1.02010391361 1.18580100656 0.702818715894 0.470907350933
5.0 0.523241100976 1.48999802235 1.01228784847 0.767598900662
5.0 2.48981311161 0.789698222096 0.32418358138 0.155496357841
5.0 2.12576214018 0.859565318703 0.385699227644 0.200311115264
5.0 2.11837896697 0.861101553882 0.387087802971 0.201366517637
5.0 2.28631659984 0.827350260569 0.356999789517 0.178864606377
5.0 0.953437861218 1.21618204355 0.733592349302 0.499457160292
5.0 1.56641795484 0.994469855538 0.512817665697 0.302113086732
5.0 2.39186847576 0.807398517961 0.339510202531 0.166262155629
5.0 0.906567791331 1.23894366865 0.756591292554 0.521075272014
5.0 2.22258368225 0.839866719205 0.368068856729 0.187036563474
5.0 2.28397148919 0.82780451265 0.357400098092 0.179157528155
5.0 1.64979346533 0.971510183481 0.490579957459 0.283602554551
5.0 0.513140168409 1.49899224382 1.02147614394 0.776632832312
5.0 2.0632338617 0.872733801556 0.397674795684 0.20944468496
5.0 2.081939046 0.868756188354 0.39404011473 0.206665746631
5.0 1.80546014683 0.931658276174 0.452570461183 0.252452652499
5.0 1.51712041672 1.0086825372 0.52658291607 0.313803928635
5.0 2.4196520022 0.802301688743 0.335075060363 0.163123231946
5.0 1.54894298913 0.99945424837 0.517643148167 0.306189892859
5.0 1.12514878054 1.14183689221 0.658544139384 0.430309125524
5.0 1.10093042884 1.15156028474 0.668341567036 0.43923848302
5.0 2.315450783 0.821747489032 0.352069692491 0.175273887977
5.0 2.12969165417 0.858749713507 0.38496289928 0.199751906173
5.0 1.36643677439 1.05509687321 0.572196173105 0.353136158758
5.0 1.80053452952 0.93286881635 0.453709036524 0.253375219024
5.0 1.95809810743 0.895766698826 0.418975780281 0.225844604358
5.0 1.43936101366 1.03202736936 0.549389558836 0.333422732456
5.0 1.82393356064 0.927147109325 0.448332516581 0.249029559168
5.0 1.92856217173 0.902469747047 0.425229889248 0.230711469383
5.0 1.50711105549 1.01162480114 0.529438041219 0.316249629556
5.0 0.563677485043 1.45563904717 0.977280707525 0.733260469225
5.0 0.621903247751 1.41047184791 0.931173389165 0.688316172932
5.0 0.804003941558 1.29326507041 0.811819468022 0.573292462578
5.0 0.617096210602 1.41402591064 0.93480190088 0.691854710176
5.0 1.97020803738 0.893050303738 0.41644573033 0.223884184973
5.0 0.666756538292 1.37857344009 0.898649354566 0.656748275736
5.0 0.867900446224 1.25862193524 0.776616123426 0.539876713982
5.0 0.566721678907 1.45315492991 0.974748979865 0.730790086453
5.0 1.51364738002 1.00970144613 0.527571088482 0.314649892141
5.0 1.40194141631 1.04369941891 0.560920646378 0.343365466691
5.0 1.89373911839 0.910518094305 0.432754300941 0.236613934497
5.0 1.75889491735 0.943230306248 0.46348779954 0.261340208316
5.0 1.57877688365 0.990981052548 0.509439692362 0.299273589845
5.0 2.17762546284 0.848910962074 0.37612611577 0.193069824531
5.0 2.01503680686 0.883142972712 0.407253680548 0.216793394747
5.0 0.837079078415 1.27501895772 0.793210649294 0.555643525801
5.0 2.04970624987 0.875631463274 0.400331931102 0.211479594334
5.0 1.20175489154 1.11233687678 0.629077602324 0.403589109715
5.0 2.24960600601 0.834516258301 0.363326906668 0.183517827082
5.0 2.04540236613 0.876557214805 0.401182393956 0.212131489948
5.0 2.19188776138 0.846022611115 0.373546740689 0.191131515137
5.0 1.87500517618 0.914915564936 0.436869472075 0.239867217617
5.0 1.70750135401 0.956336620075 0.475968778501 0.27157516425
5.0 1.52533775519 1.00628124795 0.524254649924 0.311814231607
5.0 0.780596469622 1.30670998711 0.825457338747 0.586313786421
5.0 2.34787968935 0.815597776836 0.346674765464 0.171379381431
5.0 2.24931855646 0.834572836348 0.363376966197 0.183554836506
5.0 0.949588315749 1.21800948654 0.735437620395 0.50117963858
5.0 2.33080339244 0.818824756913 0.349503556568 0.173416932135
5.0 0.667361802884 1.37815777166 0.898227151538 0.656337445314
5.0 1.01133440111 1.18968089493 0.706728954175 0.47454248143
5.0 0.718886035932 1.34419636009 0.863618337106 0.622923136896
5.0 1.14812811086 1.13278754836 0.649484656619 0.422039991128
5.0 2.11975865367 0.860814069577 0.386827820844 0.201168828894
5.0 0.504531268579 1.5068168187 1.02947107962 0.7844614342
5.0 0.964987087192 1.21075114895 0.728096996763 0.494345805797
5.0 0.589227343221 1.43525633759 0.956462553685 0.712936109717
5.0 1.22008450639 1.10558120306 0.622309822964 0.397548378021
5.0 1.44752105977 1.02952331305 0.546924360171 0.331298428369
5.0 1.90433562845 0.908052100736 0.430447474617 0.234798283553
5.0 2.06840698194 0.871630517799 0.396665044988 0.208672117292
5.0 1.58319932778 0.989740177178 0.508237693255 0.298266066994
5.0 0.503059131066 1.50817217735 1.03084883632 0.785816523746
5.0 1.0634368594 1.16708034389 0.684012069388 0.453524330215
5.0 2.33820166902 0.817423598539 0.348274701584 0.172530561961
5.0 1.44608827733 1.02996199237 0.547356105883 0.331670327353
5.0 1.56267416577 0.995532549734 0.513846560976 0.302980481174
