0.1 3.97624174394 0.106918865257 1.29654365388e-05 4.55123681457e-09
0.1 3.47777274301 0.232523203168 2.23723516479e-05 9.29603007978e-09
0.1 3.32366891502 0.338670494335 2.6910618126e-05 1.19010078601e-08
0.1 3.64478145829 0.1700498793 1.84779752458e-05 7.23931887667e-09
0.1 3.55425499474 0.199615254834 2.04782934803e-05 8.27463538217e-09
0.1 3.1709021419 0.571822740873 3.26274616528e-05 1.55391827834e-08
0.1 3.04306961973 1.07272306567 3.86008725133e-05 1.9851532177e-08
0.1 2.57896649193 2.7809101216 7.60468179715e-05 5.79337191825e-08
0.1 2.59567409962 2.76762767309 7.40563160153e-05 5.55651471521e-08
0.1 2.74677582606 2.57665321333 5.87402398158e-05 3.83717699057e-08
0.1 3.21560427678 0.47994764188 3.08087013817e-05 1.43343167905e-08
0.1 2.7669249763 2.53550231664 5.70053982311e-05 3.6566088504e-08
0.1 3.69960393563 0.155655569011 1.73902606622e-05 6.68833544595e-09
0.1 3.84787092528 0.125691953021 1.4823246049e-05 5.42773097333e-09
0.1 3.51867741315 0.213827484321 2.13337885874e-05 8.73118190721e-09
0.1 3.74260015759 0.145783856149 1.65924307123e-05 6.29074290485e-09
0.1 2.57871715687 2.78110073611 7.60770274838e-05 5.79698843886e-08
0.1 3.31045535726 0.351784692248 2.73554481379e-05 1.21671336524e-08
0.1 2.89198287354 2.09296414566 4.75571304035e-05 2.73485569916e-08
0.1 2.95098938233 1.71752237307 4.37805312203e-05 2.40287930129e-08
0.1 3.77679959697 0.138680514606 1.59901546631e-05 5.99412124508e-09
0.1 3.52680438154 0.210427233316 2.11345392462e-05 8.62416748451e-09
0.1 3.29993336891 0.362885116457 2.77149658139e-05 1.2384775107e-08
0.1 2.57446951932 2.78431525247 7.65939909579e-05 5.85897599718e-08
0.1 3.63295909391 0.173461583318 1.87235044222e-05 7.36517595363e-09
0.1 3.71576550348 0.151812193876 1.7084886099e-05 6.53551587041e-09
0.1 2.66789269046 2.69591646818 6.61665776235e-05 4.64723108753e-08
0.1 3.63737684245 0.172172808327 1.86312854309e-05 7.31783922896e-09
0.1 3.62009749105 0.177311705216 1.89952228802e-05 7.50511585844e-09
0.1 3.45238626312 0.245638478745 2.30477709605e-05 9.6701237664e-09
0.1 2.81502206087 2.41068259217 5.31160734166e-05 3.26375402766e-08
0.1 3.74694726912 0.144846356406 1.6514326048e-05 6.25210778123e-09
0.1 2.74787311155 2.5745505072 5.86440781297e-05 3.82708631671e-08
0.1 3.10629552827 0.767684615773 3.5480847236e-05 1.75383683557e-08
0.1 2.66246036908 2.70229321877 6.67222762037e-05 4.70963466318e-08
0.1 3.86236378447 0.123298702897 1.45984697482e-05 5.31986344101e-09
0.1 3.34384189419 0.320248118638 2.62514618614e-05 1.15094889566e-08
0.1 2.54756220622 2.80333148254 7.99729576343e-05 6.26869990708e-08
0.1 2.74132438255 2.58688052333 5.92282687015e-05 3.88775767815e-08
0.1 2.56748077934 2.7894725445 7.74541858113e-05 5.96253263968e-08
0.1 3.98210097449 0.106177275001 1.28875335064e-05 4.51516991278e-09
0.1 2.64773232756 2.71867412926 6.82585429374e-05 4.88349833071e-08
0.1 3.66051507899 0.165687837461 1.81573747981e-05 7.0758159945e-09
0.1 2.78835878883 2.48508042492 5.52296717347e-05 3.47512586994e-08
0.1 3.46679243826 0.238041290863 2.26615381965e-05 9.45551745985e-09
0.1 2.73137195417 2.60465383077 6.00831062823e-05 3.98205610853e-08
0.1 2.60355736615 2.76099192876 7.31397900631e-05 5.44842068865e-08
0.1 3.24427365547 0.433506899746 2.97057734076e-05 1.36277147506e-08
0.1 2.85378180819 2.27293580304 5.02205514853e-05 2.9829258284e-08
0.1 3.42331275607 0.262360999416 2.38508860409e-05 1.01227108023e-08
0.1 3.3219118684 0.340364033229 2.69694405935e-05 1.19359441485e-08
0.1 3.084178304 0.859230828007 3.65356710926e-05 1.83035009485e-08
0.1 3.87307139429 0.121580079769 1.44351263466e-05 5.24172403625e-09
0.1 3.58647490429 0.188119825027 1.9739905368e-05 7.88653445197e-09
0.1 2.97532660435 1.53869520415 4.23304362952e-05 2.28170322292e-08
0.1 3.14151523082 0.649616707836 3.38948987256e-05 1.64076553937e-08
0.1 3.45884783609 0.242180461079 2.28735737612e-05 9.57310150381e-09
0.1 3.60152219394 0.183143602842 1.93963160632e-05 7.71297566763e-09
0.1 2.51970393482 2.82085151911 8.36700096665e-05 6.72578556034e-08
0.1 3.01516590802 1.25107681365 4.00854646563e-05 2.10056089121e-08
0.1 3.71453877028 0.152098111752 1.71078302451e-05 6.5469701309e-09
0.1 2.58404250423 2.77698217103 7.54350619789e-05 5.7202747852e-08
0.1 3.96990514604 0.107730872343 1.30503112548e-05 4.59060049992e-09
0.1 3.06836798089 0.934332721829 3.73133980341e-05 1.88786714136e-08
0.1 3.39535753932 0.280447455909 2.46515249301e-05 1.05841727466e-08
0.1 3.26375185893 0.406233864433 2.89816619686e-05 1.31743559142e-08
0.1 3.38943531416 0.284563015773 2.48248194674e-05 1.06854426382e-08
0.1 3.72104600462 0.150592053274 1.69865584459e-05 6.48647909351e-09
0.1 3.44707591876 0.24854935635 2.31921049801e-05 9.75080914095e-09
0.1 3.7979145469 0.134587947339 1.56318766046e-05 5.8190680169e-09
0.1 3.14781923841 0.631522276208 3.36179648446e-05 1.6215864365e-08
0.1 2.57940930973 2.78057105939 7.59932030815e-05 5.7869550172e-08
0.1 3.66680128252 0.163999460493 1.80312136771e-05 7.01173092182e-09
0.1 3.89165210857 0.118693937328 1.41554502844e-05 5.10917797459e-09
0.1 2.63562906206 2.73121936427 6.95542879252e-05 5.03164064339e-08
0.1 3.65076652028 0.168367270923 1.83551979609e-05 7.17659280094e-09
0.1 3.22069309316 0.471091417944 3.06094882795e-05 1.42053199706e-08
0.1 2.76905926295 2.53080893969 5.68254101952e-05 3.6380570698e-08
0.1 3.05312295551 1.0149889195 3.80827596532e-05 1.94569146444e-08
0.1 3.82957023127 0.128830157529 1.51132816314e-05 5.56750018881e-09
0.1 2.56346735339 2.79236305237 7.79536503384e-05 6.02289623042e-08
0.1 3.20956915007 0.490829271233 3.10469626734e-05 1.44893760853e-08
0.1 2.8049648827 2.44043910157 5.39012316473e-05 3.34166783181e-08
0.1 3.45180621 0.24595350284 2.3063485189e-05 9.67889516273e-09
0.1 3.3455100128 0.318804328578 2.61990000612e-05 1.1477885437e-08
0.1 3.81199503127 0.131973198941 1.53985094551e-05 5.70559870832e-09
0.1 3.38522109074 0.287562575819 2.49740095034e-05 1.07582809384e-08
0.1 3.02005801927 1.21802370923 3.98201206064e-05 2.07967898696e-08
0.1 3.4379624488 0.253690415037 2.34422719168e-05 9.89131415533e-09
0.1 3.66760015828 0.163787028895 1.80152586488e-05 7.00363656674e-09
0.1 3.45211812517 0.245784014163 2.30550335207e-05 9.67417719918e-09
0.1 2.6943226807 2.66198820792 6.35440996374e-05 4.35634416413e-08
0.1 3.46161966476 0.240721897527 2.27993276903e-05 9.53186512674e-09
0.1 3.49393515195 0.224802314019 2.1954768327e-05 9.06746165204e-09
0.1 3.05822381374 0.987079938594 3.78231728484e-05 1.92607802425e-08
0.1 2.64761535736 2.71879918207 6.82709201936e-05 4.88490700068e-08
0.1 2.69564815219 2.66014848969 6.34160388108e-05 4.34229606063e-08
0.1 3.90042180124 0.117372228662 1.40260892708e-05 5.04792962752e-09
0.1 3.15913149739 0.601043830064 3.31279888266e-05 1.58793158341e-08
0.1 3.973701025 0.107243230763 1.29993894095e-05 4.56697511384e-09
0.1 3.24849774451 0.427323123395 2.9547110337e-05 1.35276258078e-08
0.1 2.83074425912 2.35953272668 5.19170563427e-05 3.14619960158e-08
0.1 3.73517279582 0.147410254896 1.67269454233e-05 6.35740073093e-09
0.1 3.23300060391 0.450801714089 3.01339124974e-05 1.38997898324e-08
0.1 3.16124557701 0.595615499044 3.30373988972e-05 1.5817481494e-08
0.1 3.5750345788 0.192065734446 1.99982424515e-05 8.02170912417e-09
0.1 3.81993199452 0.130537622374 1.52688768963e-05 5.64275488245e-09
0.1 2.70802494947 2.64226027071 6.22357068513e-05 4.21352267132e-08
0.1 3.24412676214 0.433724739561 2.97113079076e-05 1.36312133845e-08
0.1 3.53857678649 0.205664899414 2.0849966905e-05 8.47205191209e-09
0.1 3.58548879315 0.188454217354 1.97620091352e-05 7.89807498144e-09
0.1 3.1177564235 0.725832058271 3.49643411457e-05 1.71590314887e-08
0.1 3.54627310879 0.202655354577 2.06664814818e-05 8.37441635934e-09
0.1 3.82340482428 0.129917922996 1.52125839814e-05 5.61550637561e-09
0.1 2.92860845196 1.87268741132 4.51672313065e-05 2.5220868999e-08
0.1 3.14005525068 0.653926774135 3.39594372172e-05 1.64525153747e-08
0.1 3.85493958398 0.124514808971 1.47130798823e-05 5.37481420958e-09
0.1 3.10129167121 0.787104423688 3.57161905439e-05 1.77075890706e-08
0.1 3.43257289906 0.256819288319 2.35916765533e-05 9.97563905103e-09
0.1 3.82398204991 0.129815412665 1.52032525218e-05 5.6109919143e-09
0.1 3.96309674069 0.108615034897 1.31422391816e-05 4.63331485969e-09
0.1 3.44521672522 0.24958302386 2.32428875761e-05 9.77926268309e-09
0.1 3.43836618989 0.253458683547 2.34311233238e-05 9.88503440846e-09
0.1 3.52156988982 0.212606241545 2.12626094729e-05 8.69290398131e-09
0.1 3.63436241608 0.173050400128 1.86941493973e-05 7.35009917506e-09
0.1 3.76815914909 0.140417748074 1.61397124662e-05 6.06750149134e-09
0.1 3.02432469552 1.18977540608 3.9590480782e-05 2.0616966246e-08
0.1 3.13837898332 0.658932252135 3.40337243091e-05 1.65042282189e-08
0.1 2.94019172354 1.79395937161 4.44427908994e-05 2.45942330039e-08
0.1 3.80829644445 0.132651465248 1.54593861553e-05 5.73515677397e-09
0.1 3.49524104359 0.224198303967 2.19214444311e-05 9.04930733185e-09
0.1 3.30031515638 0.362471540424 2.77018280397e-05 1.23767871855e-08
0.1 2.90093764411 2.04345464042 4.69585004965e-05 2.68068678629e-08
0.1 3.27183985329 0.395776677301 2.86862487147e-05 1.29920928017e-08
0.1 3.94793180419 0.110629421872 1.33497849138e-05 4.7300462104e-09
0.1 3.61559249635 0.178695951713 1.90915493855e-05 7.55489401706e-09
0.1 3.01828722434 1.22990791188 3.99159140412e-05 2.08720486148e-08
0.1 3.56798074359 0.1945711665 2.0159620235e-05 8.10648015405e-09
0.1 3.79312763018 0.13549733321 1.57122168086e-05 5.85823216975e-09
0.1 3.93475983291 0.112431322303 1.35332523308e-05 4.81588507307e-09
0.1 3.04729391797 1.04802472938 3.83821101016e-05 1.96844005688e-08
0.1 3.00590607562 1.31540307664 4.05937619926e-05 2.14087351414e-08
0.1 2.81067770435 2.42380442419 5.34534698476e-05 3.29714563279e-08
0.1 3.5864480083 0.188128931669 1.97405078363e-05 7.88684894253e-09
0.1 3.24964215648 0.425674515023 2.95042851502e-05 1.35006806906e-08
0.1 2.54288385042 2.80641816865 8.0579327285e-05 6.34305041458e-08
0.1 2.8010455434 2.45146004755 5.42111356662e-05 3.37261985547e-08
0.1 3.05239137929 1.01906962767 3.81201707267e-05 1.94852678841e-08
0.1 2.86374208014 2.23066773819 4.95085300593e-05 2.91550778849e-08
0.1 3.19702597842 0.514850329465 3.15492668235e-05 1.48190292447e-08
0.1 3.33244563299 0.330430188935 2.66159734027e-05 1.17285229165e-08
0.1 3.57857272791 0.190830302426 1.9917900459e-05 7.97960086895e-09
0.1 2.88141207179 2.1477296275 4.82761121811e-05 2.80068974292e-08
0.1 3.1944214349 0.520090846667 3.16547954568e-05 1.4888759131e-08
0.1 3.85552526958 0.124418124707 1.47039977575e-05 5.37045597051e-09
0.1 3.08396052302 0.860208395043 3.65462476054e-05 1.8311259907e-08
0.1 2.73422466186 2.59967394114 5.98260608846e-05 3.95476576533e-08
0.1 2.97562399377 1.53648656543 4.23131053371e-05 2.28027408518e-08
0.1 3.90344376049 0.11692257562 1.39818483132e-05 5.0270148996e-09
0.1 2.58870818004 2.7732906559 7.48781883346e-05 5.65396733114e-08
0.1 2.96682943028 1.60171810231 4.2829392912e-05 2.32305389155e-08
0.1 3.05004527077 1.03228099393 3.82404525096e-05 1.95765757491e-08
0.1 3.34138269249 0.322397821436 2.63285510471e-05 1.15562911627e-08
0.1 3.94337912293 0.111246598565 1.34128569457e-05 4.75952138331e-09
0.1 2.87474998829 2.18023721364 4.87362194324e-05 2.84326411202e-08
0.1 3.96667481891 0.108148839809 1.30938321247e-05 4.61081229977e-09
0.1 2.71709609299 2.62828445033 6.13880523321e-05 4.12184546701e-08
0.1 2.89131467187 2.09654368925 4.76021810694e-05 2.73895594955e-08
0.1 3.7612478179 0.141834612367 1.62605969846e-05 6.12694643855e-09
0.1 2.83273992148 2.35260386936 5.17672900937e-05 3.13163993299e-08
0.1 2.91353507365 1.96896135739 4.61322023319e-05 2.60687730115e-08
0.1 3.61016636296 0.180388485626 1.92083750694e-05 7.61538489424e-09
0.1 3.32494366002 0.337451148467 2.68679745708e-05 1.18757468113e-08
0.1 3.77914497164 0.138215363673 1.59498567532e-05 5.97438019404e-09
0.1 3.43311351258 0.256503224423 2.3576641375e-05 9.96713872979e-09
0.1 2.97802620151 1.51864904719 4.21734362146e-05 2.2687742656e-08
0.1 3.97708078309 0.106812135042 1.29542469931e-05 4.54605260517e-09
0.1 3.67317865826 0.162316934946 1.79043328407e-05 6.94742430709e-09
0.1 3.55591533882 0.198992960766 2.04394146893e-05 8.25406571362e-09
0.1 2.67443814428 2.68797666189 6.5504683817e-05 4.57324606422e-08
0.1 3.5473156877 0.202253647607 2.06417795448e-05 8.36129839798e-09
0.1 3.86428460705 0.122987381335 1.45689987783e-05 5.30574990046e-09
0.1 3.33503216209 0.328069297392 2.65243200966e-05 1.16783270512e-08
0.1 2.56591642187 2.79060517405 7.76483887116e-05 5.98598301208e-08
0.1 2.82180562356 2.38933824306 5.25945431962e-05 3.2124072397e-08
0.1 3.14685945832 0.634224031461 3.36599468469e-05 1.62448658515e-08
0.1 2.86715842023 2.21544452633 4.92672158298e-05 2.89282954545e-08
0.1 3.65056261452 0.168424119338 1.83593641992e-05 7.17871903712e-09
0.1 3.42011004304 0.264326713802 2.39412636884e-05 1.01742316049e-08
0.1 3.33535262551 0.32777887253 2.65129521624e-05 1.16721278548e-08
0.1 3.87547230423 0.121200409201 1.43988141015e-05 5.22438137888e-09
0.1 2.77289563912 2.52219711285 5.65036644943e-05 3.60498099457e-08
0.1 3.25250973683 0.421597959402 2.93972727128e-05 1.3433482055e-08
0.1 3.11319569039 0.742062074469 3.51743961056e-05 1.73086266886e-08
0.1 3.80529225163 0.133206855013 1.55090544456e-05 5.75929453945e-09
0.1 2.74559511633 2.5788990719 5.88439327964e-05 3.84806854306e-08
0.1 2.60565551347 2.75918383557 7.28982514383e-05 5.42003727824e-08
0.1 3.09417961547 0.815980711338 3.6053986294e-05 1.79519707278e-08
0.1 3.35605627847 0.309934557072 2.58679568833e-05 1.12807209977e-08
0.1 2.99194079325 1.41593350515 4.13756352337e-05 2.20368289687e-08
0.1 3.53404757327 0.207476373851 2.09588876294e-05 8.53017469952e-09
0.1 3.894725804 0.118227795257 1.41099446326e-05 5.08761667421e-09
0.1 3.39713743652 0.279227174545 2.45998182656e-05 1.05539824823e-08
0.1 2.79449465467 2.4691988639 5.47341047613e-05 3.42510379944e-08
0.1 3.31304541402 0.349143631027 2.72677288597e-05 1.2114346606e-08
0.1 2.90737469145 2.00609163718 4.65339883321e-05 2.64262802677e-08
0.1 2.68470042918 2.67493083474 6.44835285503e-05 4.459849577e-08
0.1 2.96553292203 1.61130600312 4.29061689356e-05 2.32945201337e-08
0.1 3.51382152141 0.215905759047 2.14539445496e-05 8.7959213342e-09
0.1 3.1999817856 0.509010784189 3.14300214001e-05 1.47404332819e-08
0.1 2.62337540191 2.7431552964 7.08976521661e-05 5.18663501059e-08
0.1 3.62123260256 0.176965911118 1.89710466324e-05 7.49263632436e-09
0.1 3.17324102353 0.566297538499 3.2529113653e-05 1.54727845618e-08
0.1 2.75684526718 2.55677716096 5.78651331309e-05 3.74569943669e-08
0.1 3.04635013069 1.05348763098 3.84308521413e-05 1.97215739427e-08
0.1 3.51646696775 0.214769116516 2.13883817672e-05 8.76057718346e-09
0.1 3.60992142165 0.180465551585 1.92136695169e-05 7.61812940986e-09
0.1 3.51847134369 0.213914958167 2.13388708021e-05 8.73391703701e-09
0.1 3.60545356954 0.181881479137 1.9310560052e-05 7.66840312556e-09
0.1 3.07637864353 0.895220800885 3.69168218945e-05 1.85842089914e-08
0.1 2.56787893091 2.78918301884 7.74048556794e-05 5.95658006517e-08
0.1 2.84679405391 2.30078578391 5.07277227763e-05 3.03135266685e-08
0.1 2.71304940183 2.63461394385 6.17643985157e-05 4.16246500554e-08
0.1 3.30090623532 0.361832887978 2.76815024221e-05 1.23644340054e-08
0.1 2.53809394653 2.80951523355 8.12061285878e-05 6.42016316255e-08
0.1 2.76568120585 2.53820632474 5.71106162266e-05 3.66746999242e-08
0.1 2.87313280463 2.18789912975 4.88487328703e-05 2.85372795997e-08
0.1 3.03154158421 1.14330777566 3.92057892424e-05 2.0317588738e-08
0.1 3.52784005736 0.21000066002 2.1109312547e-05 8.61064852851e-09
0.1 3.61518842876 0.178821028214 1.91002187129e-05 7.55937837758e-09
0.1 3.5706172397 0.193628004786 2.00991139725e-05 8.07466650292e-09
0.1 3.86028476119 0.123637191079 1.46304518139e-05 5.33518719691e-09
0.1 2.72357579574 2.61781766914 6.07913936415e-05 4.05772486767e-08
0.1 2.59648543828 2.7669560675 7.39613265523e-05 5.54528310563e-08
0.1 3.97331364872 0.107292823236 1.30045753117e-05 4.56937996301e-09
0.1 3.93773651304 0.112019753454 1.34915269311e-05 4.79633640306e-09
0.1 3.26356499552 0.406481187977 2.8988521123e-05 1.3178607574e-08
0.1 2.73527288857 2.59782126633 5.97321130137e-05 3.9447909398e-08
0.1 3.62884164667 0.174678082703 1.88099642449e-05 7.40962876115e-09
0.1 3.1665598445 0.58232249778 3.28110212378e-05 1.56634915617e-08
0.1 3.89086374272 0.118814003594 1.4167150942e-05 5.11472469336e-09
0.1 3.17038959474 0.573045591786 3.26490625355e-05 1.5553785387e-08
0.1 2.51623600798 2.82289558453 8.41450225679e-05 6.78516482557e-08
0.1 3.58435502771 0.188841076619 1.97874606019e-05 7.91136919516e-09
0.1 2.57348798245 2.78504934265 7.67140757868e-05 5.87340181123e-08
0.1 2.54845469592 2.80273569633 7.98579299389e-05 6.25462343996e-08
0.1 3.46528617932 0.238816408466 2.27015579947e-05 9.47766797012e-09
0.1 3.06062284063 0.974275020543 3.77018413646e-05 1.91694672604e-08
0.1 3.10275204714 0.78136204627 3.56473087376e-05 1.76579720376e-08
0.1 3.54627447495 0.202654827275 2.06664490893e-05 8.37439915326e-09
0.1 3.82609153361 0.129441968584 1.51692111352e-05 5.59452887821e-09
0.1 3.38384375676 0.288554501651 2.50154100079e-05 1.07822279911e-08
0.1 2.82052931572 2.39343579507 5.26921774013e-05 3.22199476106e-08
0.1 3.74498749894 0.145267694209 1.6549480497e-05 6.2694909574e-09
0.1 3.13230403749 0.677590292344 3.43046388742e-05 1.66935142929e-08
0.1 3.27633012666 0.390173514299 2.85233980714e-05 1.28923711709e-08
0.1 2.52301022861 2.81887570477 8.32202494824e-05 6.66969756604e-08
0.1 2.75363783931 2.56325192458 5.81421015346e-05 3.77456602372e-08
0.1 3.14002781779 0.654008200917 3.39606513436e-05 1.64533598941e-08
0.1 2.83735323346 2.33618766083 5.14231401061e-05 3.09828892767e-08
0.1 3.5383799856 0.205742889107 2.08546851167e-05 8.47456711872e-09
0.1 2.8094291261 2.42749931807 5.3550933376e-05 3.30681659616e-08
0.1 3.45350720198 0.245031726589 2.30174393639e-05 9.65320221649e-09
0.1 3.37501340929 0.295053839503 2.52827911884e-05 1.09374344309e-08
0.1 3.77333255257 0.139373101563 1.6049957585e-05 6.02344162687e-09
0.1 2.60217665002 2.76217208729 7.32992848699e-05 5.46718680604e-08
0.1 3.53822068597 0.205806055756 2.08585052189e-05 8.47660372546e-09
0.1 3.71224852449 0.152634418334 1.71507684186e-05 6.56841794776e-09
0.1 2.51402146671 2.82418574217 8.44501265661e-05 6.8233800455e-08
0.1 3.3085449437 0.353755252024 2.74203393377e-05 1.22062665883e-08
0.1 3.37977169091 0.291523147769 2.51382916239e-05 1.08534380986e-08
0.1 3.33194704575 0.330888747922 2.66329498825e-05 1.17382318364e-08
0.1 2.75876613491 2.55283294809 5.77000515902e-05 3.72853221031e-08
0.1 3.90769602446 0.116294996494 1.39198844724e-05 4.99774936702e-09
0.1 3.93436814483 0.112485670921 1.3538754384e-05 4.81846398453e-09
0.1 3.94551117004 0.110956828135 1.33832754737e-05 4.74569268785e-09
0.1 3.74919451132 0.144365695628 1.64741292717e-05 6.23224381999e-09
0.1 3.8455849954 0.126076725462 1.48590926056e-05 5.44496983005e-09
0.1 3.87233028917 0.121697687491 1.44463581583e-05 5.24709040456e-09
0.1 3.16469371963 0.586933879124 3.28902966157e-05 1.57173313955e-08
0.1 2.69608212738 2.65954302915 6.33741803879e-05 4.33770747576e-08
0.1 2.87283946494 2.18927946822 4.88691763366e-05 2.85563144956e-08
0.1 2.63793015216 2.7288941259 6.93055841537e-05 5.00310188032e-08
0.1 3.32972194108 0.332949041654 2.67080143307e-05 1.17816917492e-08
0.1 3.88838755095 0.119192476783 1.42039790458e-05 5.13219047686e-09
0.1 3.96906200489 0.107839699697 1.30616540063e-05 4.59586648042e-09
0.1 2.5098506568 2.82658564185 8.50285259204e-05 6.89598833174e-08
0.1 2.54227277822 2.80681648952 8.06589536921e-05 6.35283207425e-08
0.1 3.64484743548 0.170031171385 1.84766162519e-05 7.23862381736e-09
0.1 3.15717751522 0.606134065503 3.32119906934e-05 1.59367616769e-08
0.1 3.33407059306 0.328943479609 2.6559639687e-05 1.16969544224e-08
0.1 3.82880683684 0.128963991471 1.51255332186e-05 5.57341882569e-09
0.1 3.98862903574 0.1053613215 1.28013822843e-05 4.47535671618e-09
0.1 2.9054413417 2.01746793496 4.66609838623e-05 2.65398273581e-08
0.1 3.37807783748 0.292768757108 2.51896183446e-05 1.08832414671e-08
0.1 3.65228523046 0.167944913792 1.83242042679e-05 7.16078017832e-09
0.1 3.24357607154 0.434543079521 2.97320665221e-05 1.36443403063e-08
0.1 3.5811171576 0.189950437179 1.98603708407e-05 7.94948744039e-09
0.1 3.15248169477 0.618660373897 3.3414940683e-05 1.60759824626e-08
0.1 3.19809699473 0.512721038645 3.15059959617e-05 1.47904847091e-08
0.1 3.21620101849 0.478894292615 3.07852611587e-05 1.43191076901e-08
0.1 3.74911609498 0.144382418258 1.64755298645e-05 6.23293572334e-09
0.1 3.17751307721 0.556432786626 3.23504135891e-05 1.53525022801e-08
0.1 3.74480250018 0.145307578382 1.65528038241e-05 6.27113480689e-09
0.1 3.9553080406 0.109641728262 1.32483491633e-05 4.68271941992e-09
0.1 3.3318378005 0.330989373353 2.66366586875e-05 1.17403605835e-08
0.1 2.87677767076 2.1705049727 4.85956029462e-05 2.83021584505e-08
0.1 3.99548090348 0.104516277922 1.27116773024e-05 4.43398419451e-09
0.1 3.48803372355 0.227568148642 2.21061342912e-05 9.1500817133e-09
0.1 3.06905073223 0.930912777486 3.72793934777e-05 1.8853326801e-08
0.1 3.5648288555 0.195709436316 2.02322512999e-05 8.14471665497e-09
0.1 2.98195405383 1.48951540943 4.19463006284e-05 2.25013929694e-08
0.1 3.07570338674 0.898432908138 3.69500499395e-05 1.86087874182e-08
0.1 3.92431919612 0.113895530707 1.36808421708e-05 4.88515559126e-09
0.1 3.6260123338 0.175522695869 1.88696619556e-05 7.44036303517e-09
0.1 3.29033959557 0.373558128346 2.80474988998e-05 1.25877927354e-08
0.1 3.10647098372 0.767016666508 3.54726296215e-05 1.75324750109e-08
0.1 3.61512354042 0.178841128287 1.91016113549e-05 7.56009881312e-09
0.1 3.583477092 0.189140746728 1.98071970249e-05 7.92168253636e-09
0.1 2.70279949723 2.64997243108 6.27306561261e-05 4.26736487555e-08
0.1 2.97024658069 1.57640718107 4.26278584204e-05 2.30630392852e-08
0.1 3.79443921717 0.135247113617 1.56901529857e-05 5.84747137244e-09
0.1 2.96960592995 1.58115828996 4.26655519332e-05 2.30943177573e-08
0.1 3.83281522571 0.128263922601 1.50613411415e-05 5.54242130807e-09
0.1 3.79790948465 0.134588903462 1.56319612951e-05 5.81910927455e-09
0.1 3.20815883402 0.493433377693 3.11029577978e-05 1.45259398398e-08
0.1 2.57653970354 2.78275626884 7.6341488663e-05 5.82867575338e-08
0.1 2.90890354239 1.99700123465 4.64338686555e-05 2.63369482769e-08
0.1 2.97005414287 1.5778344049 4.26391763755e-05 2.30724286551e-08
0.1 2.58055748529 2.77968872771 7.58544063275e-05 5.77035255499e-08
0.1 3.47957388109 0.231639705342 2.23253416227e-05 9.2701977873e-09
0.1 2.54299922706 2.80634249738 8.05643040538e-05 6.34120536715e-08
0.1 3.67112631162 0.16285509707 1.79450439009e-05 6.96804209162e-09
0.1 3.91771941544 0.114837945129 1.37751447182e-05 4.92951548464e-09
0.1 3.43359158349 0.25622338534 2.35633546254e-05 9.95962960824e-09
0.1 2.55570733263 2.79780896851 7.89308170028e-05 6.1414937684e-08
0.1 3.16574513371 0.584328340277 3.28456022749e-05 1.56869658588e-08
0.1 3.01526195481 1.25042132871 4.00802340264e-05 2.10014817916e-08
0.1 2.70675936917 2.64415020275 6.235513127e-05 4.22649319565e-08
0.1 2.67567121846 2.68644846762 6.53809212207e-05 4.55945407545e-08
0.1 3.54208058913 0.204285070279 2.07661852335e-05 8.42742743024e-09
0.1 3.42408496289 0.261890888554 2.38291505265e-05 1.01103393509e-08
0.1 3.93763868593 0.11203323859 1.34928957461e-05 4.79697745675e-09
0.1 3.9284791293 0.113308270084 1.36218045082e-05 4.8574236081e-09
0.1 3.07835427484 0.885910283492 3.68198162453e-05 1.85125530029e-08
0.1 3.04004289757 1.09080814189 3.87585675665e-05 1.99724743643e-08
0.1 2.63981316456 2.72697083707 6.91028942211e-05 4.97987971309e-08
0.1 3.78820619379 0.136443314231 1.57953518828e-05 5.89881325947e-09
0.1 3.46753457771 0.237661048514 2.26418514e-05 9.44462820641e-09
0.1 3.46953996921 0.236638992797 2.25887568222e-05 9.41528373612e-09
0.1 3.6980139212 0.156042840101 1.7420669561e-05 6.70359703966e-09
0.1 3.6298886693 0.174367326036 1.87879316482e-05 7.39829416524e-09
0.1 2.77856237109 2.50905602331 5.60325666105e-05 3.55675432764e-08
0.1 3.12718061461 0.693991773777 3.45351994128e-05 1.68554681173e-08
0.1 3.33050335303 0.332222922295 2.66817424384e-05 1.17664051159e-08
0.1 3.29609236731 0.367092839037 2.78475419299e-05 1.24655244571e-08
0.1 2.65481436501 2.71095747446 6.75143583888e-05 4.79903258989e-08
0.1 2.61008208939 2.75530805891 7.2391931659e-05 5.36068055376e-08
0.1 2.7749553432 2.51748007482 5.63318624953e-05 3.58736539855e-08
0.1 2.82424406136 2.38140142217 5.24086365835e-05 3.19418352646e-08
0.1 2.8110849367 2.42259200086 5.34217293858e-05 3.29399856452e-08
0.1 2.95735633455 1.67137825311 4.33958101477e-05 2.37035545529e-08
0.1 3.35472101324 0.311032839578 2.59097056025e-05 1.13054345841e-08
0.1 3.21045703291 0.48920190216 3.1011772145e-05 1.44664211396e-08
0.1 3.25100718004 0.423722578332 2.94532927501e-05 1.34686362311e-08
0.1 3.2470527917 0.429421525008 2.96012793816e-05 1.35617512785e-08
0.1 3.05189826599 1.02182992272 3.81454130439e-05 1.95044109835e-08
0.1 3.1854962044 0.538756318856 3.20196864426e-05 1.5131130807e-08
0.1 3.4137534503 0.268306844259 2.412172276e-05 1.02775020287e-08
0.1 3.56910603825 0.194167624838 2.01337676838e-05 8.09288270063e-09
0.1 3.69766514865 0.156128013172 1.74273486467e-05 6.70695020704e-09
0.1 2.90609105401 2.01365947108 4.66182581001e-05 2.65015967738e-08
0.1 2.77963477823 2.50651075784 5.59439663275e-05 3.54771143204e-08
0.1 2.53377727512 2.8122539026 8.17762394011e-05 6.4905267181e-08
0.1 3.99450949168 0.104635381024 1.27243506934e-05 4.43982401465e-09
0.1 3.39928778972 0.277771051955 2.45374658598e-05 1.05176587958e-08
0.1 3.0376316063 1.1054461517 3.8884770303e-05 2.00695449817e-08
0.1 2.98334241871 1.47923529753 4.18663811281e-05 2.2436020074e-08
0.1 3.25300275848 0.420902914595 2.93789162657e-05 1.34219742649e-08
0.1 2.76869158588 2.53162223594 5.68563663265e-05 3.64124531134e-08
0.1 3.83724221424 0.127498380596 1.49908396723e-05 5.50841441183e-09
0.1 2.89429144752 2.08047525842 4.74018938079e-05 2.7207523857e-08
0.1 3.8217894426 0.130205543385 1.52387363054e-05 5.62816225727e-09
0.1 3.32797604638 0.334581605341 2.67665375208e-05 1.18159421658e-08
0.1 2.94089915994 1.78903348892 4.43990190661e-05 2.4556642328e-08
0.1 3.76606633813 0.140844199916 1.61761988302e-05 6.08543107869e-09
0.1 2.63403067972 2.73281851447 6.97277001595e-05 5.05156878672e-08
0.1 2.76944747888 2.52994776838 5.67927476831e-05 3.63469420262e-08
0.1 2.67922248645 2.68198811021 6.5026115181e-05 4.51998865218e-08
0.1 3.18989032945 0.529427186033 3.183940539e-05 1.50111377559e-08
0.1 3.43891514075 0.253144209261 2.34159747884e-05 9.87650434925e-09
0.1 2.67057276064 2.69270006735 6.58945542558e-05 4.61677937088e-08
0.1 3.40541570556 0.273691387958 2.43605287591e-05 1.04150390378e-08
0.1 3.42413751032 0.26185895261 2.38276722465e-05 1.01094982073e-08
0.1 3.66921886612 0.16335806472 1.79829837558e-05 6.98726974175e-09
0.1 3.39901299438 0.277956456097 2.4545426623e-05 1.05222915022e-08
0.1 3.89757370331 0.117798679849 1.40679418672e-05 5.06773030863e-09
0.1 2.53075130579 2.81414462438 8.21788736938e-05 6.54034861485e-08
0.1 2.77954310369 2.50672908973 5.59515334597e-05 3.54848342562e-08
0.1 3.78948900335 0.136195620403 1.57736293847e-05 5.88820440257e-09
0.1 3.59700329647 0.18461363531 1.94954693908e-05 7.76460138923e-09
0.1 2.63110979147 2.73570749507 7.00459945461e-05 5.08820834295e-08
0.1 3.40804345939 0.27197369112 2.42850163878e-05 1.03714346516e-08
0.1 3.77308897173 0.13942198493 1.60541695693e-05 6.02550778714e-09
0.1 3.59192152652 0.186291507492 1.96183707919e-05 7.82316416895e-09
0.1 3.06265307056 0.963598006618 3.75995376247e-05 1.90926527737e-08
0.1 3.07708663945 0.89186832054 3.68820223599e-05 1.85584865251e-08
0.1 2.84401831434 2.31145369002 5.09309601097e-05 3.05085140773e-08
0.1 3.26945358674 0.398812492106 2.87731165014e-05 1.30455115124e-08
0.1 3.85683300448 0.124202710248 1.46837441607e-05 5.36073919694e-09
0.1 3.57545125199 0.191919511581 1.99887600332e-05 8.01673599236e-09
0.1 2.74143639796 2.58667397901 5.92183873234e-05 3.8867107897e-08
0.1 3.83602283471 0.127708469407 1.50102176165e-05 5.51775761174e-09
0.1 2.90731730378 2.00643124718 4.65377517207e-05 2.64296413447e-08
0.1 3.81666522231 0.131125216284 1.53220669445e-05 5.66852447641e-09
0.1 3.39379243596 0.281525161357 2.46983302344e-05 1.0610813243e-08
0.1 3.9088997855 0.116118348052 1.39024042608e-05 4.98949931362e-09
0.1 3.96031238698 0.108980158756 1.31800553302e-05 4.65090973861e-09
0.1 3.56551897235 0.195459165111 2.02163207621e-05 8.13632558003e-09
0.1 3.49183220728 0.225781061457 2.20085615337e-05 9.09679378143e-09
0.1 2.54349305722 2.80601941252 8.05000418614e-05 6.33331483221e-08
0.1 2.70583295196 2.64552464609 6.24427330424e-05 4.23601595893e-08
0.1 3.33512040778 0.327989277858 2.65227615823e-05 1.16766195475e-08
0.1 3.5224476051 0.212238092158 2.12410681815e-05 8.68133039182e-09
0.1 2.87387772023 2.18438088432 4.87968660921e-05 2.84890172446e-08
0.1 3.82328934001 0.129938448753 1.52144517632e-05 5.61641007124e-09
0.1 3.93496990297 0.112402192524 1.35303025837e-05 4.81450258431e-09
0.1 3.49051940858 0.226395894414 2.20422243374e-05 9.1151659762e-09
0.1 3.41957907497 0.264655155713 2.39562827372e-05 1.0182805994e-08
0.1 3.83717661353 0.12750966791 1.49918813811e-05 5.50891660337e-09
0.1 3.62841509732 0.174804960955 1.88189493337e-05 7.41425242166e-09
0.1 2.97713926569 1.52523382828 4.22249373005e-05 2.27301104137e-08
0.1 3.17270560752 0.567554486504 3.25515953202e-05 1.5487950173e-08
0.1 3.64977597423 0.168643717733 1.83754479653e-05 7.18692886426e-09
0.1 3.62934457665 0.174528691936 1.87993770511e-05 7.40418164461e-09
0.1 2.94102733209 1.78813970867 4.43910943307e-05 2.45498399741e-08
0.1 3.8036583061 0.13351061194 1.5536151966e-05 5.77247165826e-09
0.1 3.02225487983 1.20340900491 3.97016755944e-05 2.07039354851e-08
0.1 3.95987469306 0.109037749792 1.31860117165e-05 4.65368233204e-09
0.1 3.75533689026 0.143066237622 1.63648794985e-05 6.17832351519e-09
0.1 3.57670214836 0.191481709865 1.99603263359e-05 8.00182896887e-09
0.1 3.26664791863 0.402434094328 2.88755580218e-05 1.31086987466e-08
0.1 3.48270577727 0.23011741575 2.22438831805e-05 9.22549708814e-09
0.1 2.60852628713 2.756679594 7.25693838585e-05 5.38146171597e-08
0.1 3.22007046777 0.472159784356 3.06337802737e-05 1.42210179817e-08
0.1 2.52810539947 2.8157786497 8.25329722584e-05 6.58425212489e-08
0.1 3.38406401513 0.288395478361 2.5008783852e-05 1.07783937624e-08
0.1 2.6005658089 2.76353956971 7.34859136319e-05 5.4891693951e-08
0.1 3.23157460577 0.453074292139 3.01885715197e-05 1.39347298812e-08
0.1 2.93568526366 1.82503374966 4.47228940792e-05 2.48355142215e-08
0.1 3.73053358632 0.148442136241 1.68116537942e-05 6.39945500147e-09
0.1 3.06800959664 0.936134399224 3.73312627526e-05 1.88919937307e-08
0.1 2.61547576222 2.75047252681 7.17809293366e-05 5.28930866934e-08
0.1 3.74351524234 0.145585598867 1.65759512089e-05 6.28258696536e-09
0.1 2.95524362416 1.68676290267 4.35229988074e-05 2.38108155311e-08
0.1 3.88360629451 0.119929118575 1.42754235761e-05 5.1661048573e-09
0.1 3.98682900347 0.105585246958 1.28250701566e-05 4.48629594238e-09
0.1 3.89357338021 0.118402199498 1.41269850549e-05 5.09568869324e-09
0.1 3.81474193995 0.131473292532 1.53534901458e-05 5.68375896259e-09
0.1 3.27471319237 0.392175060301 2.85819519219e-05 1.2928161344e-08
0.1 2.64230110366 2.72440090067 6.8836225614e-05 4.94937769899e-08
0.1 3.06700166069 0.941223879337 3.7381562932e-05 1.89295309309e-08
0.1 3.60191022364 0.183018347051 1.93878309934e-05 7.708562265e-09
0.1 3.18673899883 0.536089646349 3.19685715738e-05 1.50970607532e-08
0.1 2.98117381298 1.49529752356 4.19912977945e-05 2.25382447704e-08
0.1 3.64092456821 0.171149876076 1.8557634998e-05 7.28009076477e-09
0.1 3.79540917386 0.135062581812 1.56738609799e-05 5.83952806505e-09
0.1 2.98532810682 1.46455487816 4.17524073876e-05 2.23429675186e-08
0.1 3.52847291592 0.209740798463 2.10939158317e-05 8.60240074234e-09
0.1 3.43981985462 0.25262743929 2.33910333953e-05 9.86246689436e-09
0.1 2.77748512427 2.51159391971 5.61217433819e-05 3.56586478415e-08
0.1 3.66859297257 0.163523696021 1.79954547262e-05 6.99359275256e-09
0.1 2.94737233834 1.7434104193 4.40009931154e-05 2.42162402383e-08
0.1 3.45257332769 0.245537037491 2.30427058839e-05 9.66729721165e-09
0.1 3.28735481963 0.376992350671 2.8127724942e-05 1.26518661188e-08
0.1 3.832494068 0.128319771827 1.50664717675e-05 5.54489762808e-09
0.1 3.54679613337 0.202453656944 2.06540848339e-05 8.36783234284e-09
0.1 2.95301827895 1.70289194531 4.36574736831e-05 2.39245033086e-08
0.1 3.19860266593 0.511721090139 3.14855909482e-05 1.47770336898e-08
0.1 3.05238847464 1.01908586142 3.81203193538e-05 1.94853805699e-08
0.1 3.91186320039 0.115685425783 1.38594855457e-05 4.96925414646e-09
0.1 3.4046149051 0.274218583617 2.43835851228e-05 1.04283749225e-08
0.1 2.96460941164 1.6181249272 4.2960961832e-05 2.33402394614e-08
0.1 2.55153276173 2.80066340356 7.9462801517e-05 6.20633749014e-08
0.1 2.73047441866 2.60620255168 6.0164119813e-05 3.99068616685e-08
0.1 3.53696488316 0.206305216687 2.08886504259e-05 8.49268030359e-09
0.1 2.83293181314 2.35193214107 5.17529178683e-05 3.13024418791e-08
0.1 3.3827804184 0.289324372046 2.50474286472e-05 1.08007636823e-08
0.1 2.57225773515 2.78596489908 7.68649223003e-05 5.89153728472e-08
0.1 3.37277752789 0.296742284096 2.53510277011e-05 1.09771994108e-08
0.1 3.92311177395 0.114066957333 1.36980359593e-05 4.89323780666e-09
0.1 3.48755571525 0.227794818897 2.21184503079e-05 9.15681565211e-09
0.1 3.2741747903 0.392845546875 2.86014706191e-05 1.2940108376e-08
0.1 2.58332820633 2.77754043001 7.55207746843e-05 5.73050036331e-08
0.1 3.36735025338 0.30091292893 2.55175497261e-05 1.10745191573e-08
0.1 3.10240451832 0.782723017512 3.56636859356e-05 1.76697622501e-08
0.1 3.70801678015 0.153634063691 1.72304596048e-05 6.60826584823e-09
0.1 2.88023720969 2.15357381344 4.83568571326e-05 2.80813608165e-08
0.1 3.21162786301 0.487070087678 3.09654401454e-05 1.44362266034e-08
0.1 3.38871707046 0.285070875943 2.48457002339e-05 1.06978108453e-08
