5.0 1.22672379221 1.10329750209 0.620020276118 0.395493245081
5.0 3.2369719568 0.673538215548 0.231349284241 0.0949275094663
5.0 2.62414612936 0.766592972625 0.304726771659 0.142023048407
5.0 1.71110153537 0.955511948508 0.47522663115 0.270941680044
5.0 1.91497994909 0.905745352044 0.428238904199 0.233142175645
5.0 2.06051818439 0.873417773241 0.398369507884 0.209932591168
5.0 3.06432365855 0.697898347349 0.249650585353 0.106147642422
5.0 1.61168245089 0.981983909255 0.500695116429 0.292011708521
5.0 0.970373155738 1.2083913484 0.725663801731 0.492118359045
5.0 3.35495359202 0.657597548534 0.219747478255 0.0880183843642
5.0 3.9401868721 0.585937291308 0.171227582924 0.0611407276271
5.0 1.34974025158 1.06071849687 0.577704448269 0.358003844855
5.0 1.9805128707 0.890900376604 0.414433895991 0.222347586952
5.0 2.10549308856 0.863877396418 0.389691599131 0.203306284146
5.0 2.78125845725 0.740844277363 0.283556150863 0.127840829214
5.0 3.35753729518 0.657254582456 0.21950105961 0.0878735239635
5.0 1.63859108676 0.97465728767 0.493616222239 0.286123508473
5.0 2.55226655353 0.778888196251 0.315030557059 0.149111786653
5.0 0.87090264706 1.25718886934 0.775135939165 0.538518829839
5.0 3.81468573806 0.60036405235 0.180493330356 0.0660197943794
5.0 3.80236003864 0.601806322372 0.181434419599 0.0665218187048
5.0 3.7331174747 0.609997008963 0.186828124156 0.0694223686226
5.0 1.08338024164 1.15889325652 0.675724749367 0.445964841717
5.0 3.66813005754 0.617823663739 0.192059450923 0.0722743850103
5.0 2.7156138718 0.751420556686 0.292184712114 0.13355795081
5.0 2.96088425537 0.713127049393 0.261445595244 0.113562446693
5.0 2.10188478501 0.864635361533 0.390378922842 0.203828751422
5.0 2.11927224918 0.860994779099 0.387080543873 0.201325627304
5.0 2.70941128872 0.752433072483 0.293015790004 0.134113194726
5.0 1.82304053648 0.927478210515 0.448643015147 0.249337545574
5.0 2.61677804673 0.767838005032 0.305764352195 0.142731557474
5.0 1.60409966547 0.984072092891 0.502715174098 0.293697540179
5.0 0.903141234346 1.24077144996 0.758464079545 0.522810283231
5.0 3.46530320546 0.643176563643 0.209500367008 0.0820647673678
5.0 1.11788396807 1.14483271932 0.66160701855 0.433061327486
5.0 3.34898654436 0.65839061197 0.220317979812 0.0883539392511
5.0 2.12629189447 0.859533423567 0.385758726775 0.200325398772
5.0 2.34742209764 0.815855086577 0.34682041022 0.171611408657
5.0 3.89642129539 0.590915783541 0.17439438191 0.0627953737537
5.0 0.776827091056 1.30902479014 0.827814025464 0.588583623348
5.0 0.69698074487 1.3584205791 0.878135612469 0.636905502564
5.0 1.49732818655 1.014623061 0.532373692591 0.318789983986
5.0 3.58014391296 0.628644668403 0.199412689453 0.0763488828795
5.0 0.708734625093 1.35078734572 0.870353418933 0.629412799731
5.0 2.85668841507 0.728995858332 0.274009973453 0.121613170069
5.0 3.15141333861 0.685451724363 0.24021212615 0.100315461558
5.0 3.77968275652 0.604472512488 0.183180853088 0.0674565030493
5.0 3.4073736109 0.65068948759 0.214809622538 0.0851312594522
5.0 0.646120585798 1.3930749496 0.913449958405 0.671085247106
5.0 3.80920278435 0.601005063684 0.180911262578 0.0662425913683
5.0 0.739291438675 1.33155017843 0.850758775394 0.610552565823
5.0 2.35331707411 0.814748464314 0.345850891092 0.170913248679
5.0 2.97890528486 0.710437704288 0.259343266735 0.112230795939
5.0 0.594909981268 1.43095340257 0.952086142416 0.708673806364
5.0 2.50356507112 0.787411791647 0.322250206025 0.154144600579
5.0 3.84578236101 0.596745669231 0.17814413614 0.0647719998626
5.0 1.4799781134 1.0197930854 0.537424943616 0.323116456814
5.0 0.770851099655 1.31253400888 0.831384495272 0.592002391697
5.0 1.39430482318 1.04626019044 0.563446105007 0.345550509573
5.0 2.15329568105 0.853956875397 0.380725385647 0.196532074337
5.0 2.64629358423 0.762871286754 0.301632794549 0.139917742636
5.0 1.86612896174 0.917153047515 0.438927467798 0.24158493353
5.0 2.17777517902 0.848962693021 0.37623198098 0.193167090149
5.0 2.78547758446 0.740173162405 0.283011898567 0.127483083732
5.0 1.40936881084 1.04148408836 0.55873907873 0.341469491061
5.0 2.85891224824 0.728651218225 0.273734411591 0.121434838341
5.0 3.63056746583 0.622411320985 0.195159976915 0.0739829608151
5.0 2.6942903141 0.75491125193 0.295053560409 0.135478004554
5.0 2.1785436349 0.848806795948 0.376091986084 0.193062571685
5.0 3.92646524282 0.587492114219 0.172213170525 0.0616542128294
5.0 3.00741014243 0.70621555629 0.256059252688 0.110159313369
5.0 2.96377682198 0.712694242202 0.26110677198 0.11334749416
5.0 1.06650927825 1.16593388659 0.682805051705 0.452470560799
5.0 1.45887257845 1.02616341249 0.543666812434 0.328474772024
5.0 3.67346957234 0.617175439177 0.191623329876 0.0720351445943
5.0 3.59705986389 0.626544074041 0.197974267925 0.0755457998944
5.0 3.43591585859 0.646972163283 0.212174711636 0.0836044176652
5.0 2.35162430627 0.815065872093 0.346129005257 0.171113402749
5.0 3.10598171867 0.691903354581 0.245081705127 0.103312801637
5.0 3.39224269062 0.652672819451 0.216221699954 0.0859535931355
5.0 1.64623702498 0.972598457799 0.491629977454 0.284476611682
5.0 1.95751210624 0.896053706445 0.419210637348 0.226070061921
5.0 3.601141268 0.626038442002 0.197629026655 0.075353458113
5.0 3.5871905378 0.627768443493 0.198812027195 0.0760131530536
5.0 3.49850583833 0.63892633806 0.206524990693 0.0803636809727
5.0 2.29283463257 0.826235610863 0.355962404242 0.178230671848
5.0 1.49704926061 1.01470560395 0.532454294772 0.318858980549
5.0 1.10795058651 1.14883317416 0.665624640097 0.436721295826
5.0 3.69563951474 0.614493876514 0.18982467615 0.0710512929654
5.0 2.37792917212 0.810156938933 0.341839861399 0.168032381222
5.0 3.11635696542 0.690422154695 0.243959349503 0.102619665715
5.0 2.18320090992 0.847863570467 0.375244794932 0.192430594746
5.0 2.33059436329 0.819029217245 0.349606824858 0.173622001314
5.0 0.865243620692 1.26013713111 0.778132582808 0.541344484399
5.0 1.12854363555 1.14058320361 0.657337123322 0.429181442851
5.0 1.05110109396 1.17245989554 0.689383723095 0.458522473301
5.0 3.65203794614 0.619783147737 0.193380738647 0.0730008418289
5.0 1.73222252829 0.95008619598 0.470051759698 0.266697680005
5.0 1.51344780384 1.00987179577 0.527742950053 0.314833420027
5.0 2.75628283795 0.744838329038 0.286803342612 0.129982277678
5.0 1.51811959698 1.00850403535 0.526411620036 0.313698054709
5.0 3.41215404977 0.650064767001 0.214365785029 0.0848733501272
5.0 2.95484638092 0.714031584147 0.262154546312 0.114012493904
5.0 2.41481050463 0.803362586203 0.335938368592 0.16381592705
5.0 3.99698981071 0.579557348416 0.167217100123 0.0590638720882
5.0 0.586784201005 1.43727774526 0.958537425777 0.714960996272
5.0 1.34796579378 1.06130438298 0.578282931063 0.358511838371
5.0 2.23346600758 0.837812268252 0.366248673579 0.185762640506
5.0 3.68838341456 0.615369759531 0.190411217986 0.071371637855
5.0 1.06523529728 1.16646994113 0.683344426464 0.452967004195
5.0 3.77418795395 0.605120876319 0.183606932008 0.0676852079751
5.0 1.12089065189 1.14362961094 0.66039824253 0.431961942973
5.0 0.709404108583 1.35035704442 0.869914415615 0.628990105684
5.0 0.861405748063 1.26214899193 0.780176199687 0.543273465947
5.0 0.707292508118 1.35171633454 0.871301480576 0.630324279727
5.0 1.34043399282 1.06379992349 0.580747319532 0.360678652844
5.0 3.46179805149 0.643627563742 0.2098173194 0.082246713249
5.0 2.37555270828 0.810598368618 0.342224535657 0.168308123176
5.0 1.80406558873 0.932105982785 0.45300902708 0.252847767021
5.0 3.2465759779 0.672219811647 0.230378640676 0.0943430595783
5.0 1.59927923947 0.985405004253 0.504005062392 0.294775484214
5.0 2.16432725071 0.851699217983 0.3786921338 0.195007086633
5.0 2.95232269865 0.71441021053 0.262451557193 0.114201140963
5.0 2.05581309258 0.874427503862 0.399291591384 0.210640279195
5.0 2.50368211026 0.787391117116 0.322232584868 0.154132277246
5.0 3.13391508164 0.687926142706 0.24207387591 0.101458442499
5.0 0.771156087991 1.31235421381 0.831201501204 0.591827208887
5.0 3.77508073757 0.605015466547 0.183537625645 0.0676479896289
5.0 1.63869275549 0.974629846174 0.493589740029 0.286101535478
5.0 1.10379236335 1.15051941566 0.667317410513 0.438266419585
5.0 3.86029402279 0.595067213195 0.177060071741 0.0641987002781
5.0 1.01503939921 1.18813388757 0.705215246799 0.473110903103
5.0 2.12300500551 0.860217071687 0.386376972094 0.200793011792
5.0 2.77592856659 0.74169359491 0.284245434994 0.128294401346
5.0 1.44736106665 1.02967716714 0.547117434929 0.331442257695
5.0 2.7880667732 0.739761790196 0.282678489236 0.127264120455
5.0 3.10377472464 0.692219062762 0.245321244063 0.103460913762
5.0 3.2421080701 0.672832664081 0.230829601413 0.0946144829427
5.0 2.80378521989 0.737272585854 0.280664644374 0.125943958861
5.0 1.2899514851 1.08089090815 0.597689601971 0.37563874945
5.0 2.90969045679 0.720854329081 0.267530484994 0.117441354502
5.0 3.08505081796 0.694905989865 0.247364681258 0.104726682535
5.0 1.41278503817 1.04040858938 0.557679447588 0.340552527314
5.0 3.59271730921 0.627082328865 0.198342438609 0.0757510601588
5.0 1.01898887931 1.18638783839 0.703452260731 0.471482184229
5.0 2.06686980522 0.872057946312 0.397129194123 0.208981628261
5.0 1.60934012114 0.982627942983 0.501317867694 0.292531120119
5.0 2.3234626088 0.820381307286 0.35079623703 0.174482077586
5.0 0.787213201181 1.30298734635 0.821679733934 0.582712761722
5.0 2.11100898664 0.862721211858 0.38864382142 0.202510660268
5.0 2.58179372063 0.773796857529 0.310748378791 0.146151721157
5.0 1.99736227158 0.887162124338 0.410980635869 0.21966477811
5.0 0.608964422758 1.42023469059 0.94114411426 0.698011218157
5.0 3.1005461453 0.692681234484 0.24567216616 0.103677947983
5.0 2.91521980725 0.72001337151 0.266865156163 0.117015512396
5.0 0.575001379708 1.44661413521 0.968047780795 0.724263070971
5.0 2.2990811171 0.82503517776 0.354901096934 0.177458783926
5.0 2.19529674038 0.845423200154 0.373055465865 0.190800590937
5.0 1.50738291549 1.01165357629 0.52947814431 0.31631487974
5.0 3.06325901225 0.698052576237 0.24976862682 0.106221198529
5.0 2.85097831175 0.729881760189 0.274719196618 0.122072433102
5.0 2.08099943506 0.869047893941 0.394387523383 0.206884121115
5.0 2.16504186134 0.851553371266 0.378560875344 0.194908789345
5.0 1.60499611866 0.983824671326 0.502475649546 0.293497611669
5.0 0.829218627703 1.27940455029 0.797686879468 0.559883404558
5.0 3.24796995821 0.672028758249 0.23023814544 0.0942585533002
5.0 1.58745329348 0.988693324666 0.507188510302 0.297440949336
5.0 3.00555297522 0.70648947437 0.256271672264 0.110293097856
5.0 2.09793487884 0.865466545531 0.391133111187 0.204402499305
5.0 1.72129420664 0.952885553752 0.472719433183 0.268883576712
5.0 3.89092401507 0.591544872234 0.174796970131 0.0630066893033
5.0 0.748257417249 1.32605776697 0.845169434095 0.605191281918
5.0 3.74536114812 0.608537740422 0.18586106699 0.0688993257825
5.0 2.21934922455 0.840611450034 0.368748260884 0.18760750606
5.0 2.02293297998 0.88154716961 0.405812462043 0.215663369283
5.0 1.87071414964 0.916069131225 0.437909580975 0.240777318305
5.0 0.721074556958 1.34292249273 0.86232915588 0.621691520981
5.0 2.36998873989 0.811633119942 0.34312747258 0.168955797061
5.0 3.00738021564 0.706219968964 0.256062674048 0.110161465908
5.0 2.78682169931 0.739959560651 0.282838772248 0.127369368288
5.0 3.93130148711 0.586943620417 0.171865041388 0.0614726621108
5.0 3.49052276144 0.639944527769 0.207235903021 0.0807689835786
5.0 1.09074027739 1.15585553637 0.672674206079 0.44316703495
5.0 2.29924445337 0.825003835264 0.3548733989 0.17743865106
5.0 3.41035907514 0.650299250012 0.214532348701 0.0849700869234
5.0 2.15248578149 0.854123096213 0.380875168354 0.196644590284
5.0 2.7641981494 0.743568603445 0.285769562193 0.129299177264
5.0 2.63957320544 0.763997289412 0.30256769686 0.140552735989
5.0 3.7050412245 0.613361576333 0.189067787651 0.0706386414638
5.0 0.796179767551 1.29783931314 0.816450050446 0.577720314018
5.0 2.06841853377 0.87172712665 0.396827536204 0.208750531997
5.0 1.98862049029 0.88909776534 0.412767491071 0.221052053519
5.0 0.939174203259 1.22310580243 0.74057787882 0.506026616488
5.0 3.57080399616 0.629809044295 0.200212057094 0.0767964697584
5.0 2.32800341953 0.819519950583 0.350038349542 0.173933910282
5.0 3.08495573755 0.694919662456 0.247375109601 0.104733153142
5.0 3.71736734341 0.611881265807 0.188080731583 0.0701017349228
5.0 3.61553687871 0.624260246712 0.19641665383 0.074679462417
5.0 2.63497780665 0.764768893302 0.303208948146 0.140988862943
5.0 1.19249235815 1.11594678152 0.632635032234 0.406832754608
