0.5 1.22672379221 2.81834786987 0.161085308335 0.0114794100465
0.5 3.2369719568 1.03737285924 0.00371118139824 5.82279522773e-05
0.5 2.62414612936 1.87665549347 0.00847320574782 0.000194886475311
0.5 1.71110153537 2.5186225675 0.0446045063615 0.00208601237586
0.5 1.91497994909 2.42043069636 0.0288843239114 0.00113512968138
0.5 2.06051818439 2.34311847809 0.0217496026215 0.000758804567296
0.5 3.06432365855 1.27018286246 0.00460683739451 7.99655028298e-05
0.5 1.61168245089 2.56667711412 0.0561698432947 0.00286638353585
0.5 0.970373155738 3.16950947241 0.408630864775 0.0343435909318
0.5 3.35495359202 0.899518114958 0.00322183463016 4.73306800775e-05
0.5 3.9401868721 0.472446219661 0.00170426183781 1.85051311161e-05
0.5 1.34974025158 2.71807029443 0.111225113787 0.00715128129256
0.5 1.9805128707 2.38679313433 0.0253575264439 0.000944021312404
0.5 2.10549308856 2.31698711533 0.0200014685176 0.000673285038287
0.5 2.78125845725 1.67673983416 0.00674512909166 0.000139730584009
0.5 3.35753729518 0.896718957123 0.00321204827282 4.71202797052e-05
0.5 1.63859108676 2.55345631552 0.0527008273672 0.00262625034464
0.5 2.55226655353 1.95724611291 0.0094469228718 0.000228261052342
0.5 0.87090264706 3.38754183029 0.63637635726 0.0551470223755
0.5 3.81468573806 0.535382276517 0.00193773009764 2.24062727118e-05
0.5 3.80236003864 0.542217094258 0.00196275979149 2.28329080201e-05
0.5 3.7331174747 0.583062015633 0.0021111936499 2.54277093434e-05
0.5 1.08338024164 2.98317044661 0.262463601081 0.0207659363771
0.5 3.66813005754 0.625499772476 0.00226335182279 2.81773130374e-05
0.5 2.7156138718 1.76397292139 0.00740812141488 0.000160232326198
0.5 2.96088425537 1.42018827659 0.0052739472315 9.74991120318e-05
0.5 2.10188478501 2.31913102152 0.0201351722867 0.00067972403114
0.5 2.11927224918 2.30871972871 0.0195012196487 0.000649359002095
0.5 2.70941128872 1.77195571452 0.00747496123074 0.000162343353816
0.5 1.82304053648 2.46541176903 0.0349324914427 0.00148344773597
0.5 2.61677804673 1.88524470677 0.0085670671283 0.000198037215491
0.5 1.60409966547 2.57044372287 0.0571989737227 0.00293850416022
0.5 0.903141234346 3.31100798025 0.548140004104 0.0471354012165
0.5 3.46530320546 0.788372237568 0.00283487631642 3.9190217764e-05
0.5 1.11788396807 2.93728511038 0.231825205093 0.0179259638315
0.5 3.34898654436 0.906018505404 0.00324457835875 4.78208200954e-05
0.5 2.12629189447 2.30445802818 0.0192523610136 0.000637543977644
0.5 2.34742209764 2.14909622393 0.0130993456804 0.000366503445064
0.5 3.89642129539 0.493090429326 0.00178148893957 1.97372957965e-05
0.5 0.776827091056 3.64065962442 1.00446476939 0.0891347517302
0.5 0.69698074487 3.88289283603 1.45168846426 0.138159923984
0.5 1.49732818655 2.62625816154 0.0745627172646 0.00421088059721
0.5 3.58014391296 0.690081990918 0.00249179836871 3.24216680661e-05
0.5 0.708734625093 3.84602179922 1.38059768249 0.129263813677
0.5 2.85668841507 1.57127293771 0.00607197747924 0.000119819574983
0.5 3.15141333861 1.14885058583 0.0041249727575 6.80067291741e-05
0.5 3.77968275652 0.555128041765 0.00200994513697 2.36433082485e-05
0.5 3.4073736109 0.844587018305 0.00303030195434 4.3218716624e-05
0.5 0.646120585798 4.04665634592 1.76229152291 0.185958621924
0.5 3.80920278435 0.53840698661 0.00194881508997 2.2594876533e-05
0.5 0.739291438675 3.75200997247 1.20244626597 0.109096999639
0.5 2.35331707411 2.14429663693 0.0129718193698 0.000361360788314
0.5 2.97890528486 1.39385521526 0.00514947254732 9.4146523107e-05
0.5 0.594909981268 4.21914599857 2.05988622283 0.254966692356
0.5 2.50356507112 2.00780176672 0.0101865206926 0.000254617821501
0.5 3.84578236101 0.518686237827 0.00187633060385 2.1371597101e-05
0.5 1.4799781134 2.63597647676 0.0779841755069 0.00447238518101
0.5 0.770851099655 3.65804834385 1.03412496198 0.0920089752447
0.5 1.39430482318 2.68784551903 0.0981221730514 0.00606879650627
0.5 2.15329568105 2.28773457436 0.0183312053544 0.000594266940138
0.5 2.64629358423 1.85039007623 0.00819885359883 0.000185759575464
0.5 1.86612896174 2.44457896061 0.0319187819012 0.00130681769942
0.5 2.17777517902 2.27210085233 0.0175432793866 0.000557987591103
0.5 2.78547758446 1.67097387342 0.00670510475784 0.000138520064477
0.5 1.40936881084 2.67818636557 0.0941412073433 0.00574611622887
0.5 2.85891224824 1.56809729283 0.00605343247126 0.000119284512363
0.5 3.63056746583 0.652016075474 0.00235754382508 2.99202231236e-05
0.5 2.6942903141 1.79121544045 0.00764089238812 0.000167625881526
0.5 2.1785436349 2.27160247612 0.0175192326173 0.000556890785392
0.5 3.92646524282 0.478778085925 0.00172801780773 1.88898619987e-05
0.5 3.00741014243 1.35229657024 0.0049599599554 8.91129429732e-05
0.5 2.96377682198 1.41596054868 0.00525371730934 9.69517843084e-05
0.5 1.06650927825 3.00731457594 0.27937182243 0.0223379498805
0.5 1.45887257845 2.64811727266 0.0824182979119 0.00481571209711
0.5 3.67346957234 0.621852426481 0.00225034574187 2.79392607753e-05
0.5 3.59705986389 0.67698481986 0.00244572173253 3.15807039846e-05
0.5 3.43591585859 0.816308676497 0.0029319660205 4.11773309389e-05
0.5 2.35162430627 2.14567880028 0.0130082802387 0.000362829008648
0.5 3.10598171867 1.21132938896 0.00436808282715 7.39524896646e-05
0.5 3.39224269062 0.860041243453 0.00308409370658 4.44358651897e-05
0.5 1.64623702498 2.54973608333 0.0517645396934 0.00256233882168
0.5 1.95751210624 2.3987884079 0.0265306860085 0.0010065517095
0.5 3.601141268 0.673875001611 0.00243476391971 3.13728668601e-05
0.5 3.5871905378 0.684585596322 0.00247247408775 3.2089838358e-05
0.5 3.49850583833 0.758209626224 0.0027299153921 3.70709621278e-05
0.5 2.29283463257 2.19174738263 0.0143578063987 0.000418359261288
0.5 1.49704926061 2.62641265075 0.0746162057323 0.00421494428205
0.5 1.10795058651 2.95003385636 0.240146083923 0.0186955925682
0.5 3.69563951474 0.607022489559 0.00219732901175 2.69763998653e-05
0.5 2.37792917212 2.12382947459 0.0124559388373 0.00034077830675
0.5 3.11635696542 1.19688883196 0.00431102772471 7.25514444781e-05
0.5 2.18320090992 2.26857189156 0.0173743838969 0.000550296475646
0.5 2.33059436329 2.16258605054 0.0134721635009 0.000381664804916
0.5 0.865243620692 3.40154791373 0.65360976284 0.0567087490229
0.5 1.12854363555 2.92399712149 0.223307679813 0.0171397013434
0.5 1.05110109396 3.03041416958 0.2960757039 0.0238925426629
0.5 3.65203794614 0.636673473248 0.00230311959823 2.8909083289e-05
0.5 1.73222252829 2.50859636403 0.0425444651901 0.00195345682215
0.5 1.51344780384 2.61742143283 0.0715520030608 0.00398348774607
0.5 2.75628283795 1.71049576774 0.0069883225989 0.000147151301899
0.5 1.51811959698 2.6148920558 0.0707083348376 0.00392022193352
0.5 3.41215404977 0.839771407226 0.00301355008948 4.28689612603e-05
0.5 2.95484638092 1.42901198376 0.00531648817221 9.8653155417e-05
0.5 2.41481050463 2.09182417377 0.0117296072411 0.000312453472282
0.5 3.99698981071 0.447521749417 0.00161005897783 1.70061062836e-05
0.5 0.586784201005 4.24739708572 2.10493648421 0.26850332833
0.5 1.34796579378 2.71932965813 0.111791632163 0.00719872703227
0.5 2.23346600758 2.23470688964 0.0159020882166 0.000484658804814
0.5 3.68838341456 0.611821363061 0.00221450817954 2.72870598752e-05
0.5 1.06523529728 3.00918558389 0.280705584111 0.0224620386192
0.5 3.77418795395 0.558323128703 0.00202157638013 2.38447634994e-05
0.5 1.12089065189 2.93349587754 0.229380489639 0.0177001227713
0.5 0.709404108583 3.84393292342 1.37657999984 0.128777606913
0.5 0.861405748063 3.41114197047 0.665618528143 0.0577967854168
0.5 0.707292508118 3.85052533049 1.38926491763 0.130318448946
0.5 1.34043399282 2.72472654495 0.114237519607 0.00740412892519
0.5 3.46179805149 0.791642672264 0.00284624765616 3.94213118486e-05
0.5 2.37555270828 2.1258362307 0.0125046331455 0.000342709666696
0.5 1.80406558873 2.47448775307 0.0363722264737 0.00156975414363
0.5 3.2465759779 1.02543297302 0.00366803993475 5.72429826573e-05
0.5 1.59927923947 2.57284864704 0.0578653934904 0.00298538132611
0.5 2.16432725071 2.28074684571 0.0179708571746 0.000577591003713
0.5 2.95232269865 1.43270001779 0.0053343958046 9.91401964949e-05
0.5 2.05581309258 2.34578125433 0.0219433089579 0.000768448356072
0.5 2.50368211026 2.00768413834 0.0101846585798 0.000254550281218
0.5 3.13391508164 1.17267672444 0.00421655759298 7.02329550233e-05
0.5 0.771156087991 3.6571589244 1.03259320418 0.0918597101021
0.5 3.77508073757 0.557802071332 0.00201968087798 2.38118940231e-05
0.5 1.63869275549 2.55340674979 0.0526882385997 0.00262538797658
0.5 1.10379236335 2.95547918815 0.24374445948 0.0190288768918
0.5 3.86029402279 0.511155541088 0.00184850782157 2.09086760055e-05
0.5 1.01503939921 3.08864519814 0.340588609638 0.028034965596
0.5 2.12300500551 2.30645775048 0.0193683726687 0.000643044966496
0.5 2.77592856659 1.68399827053 0.00679613354967 0.000141277253147
0.5 1.44736106665 2.65489839332 0.0849714503381 0.00501568305189
0.5 2.7880667732 1.66742633484 0.00668068076168 0.000137783171059
0.5 3.10377472464 1.21441314567 0.00438034046898 7.42579639754e-05
0.5 3.2421080701 1.03097250231 0.00368803318067 5.76992384766e-05
0.5 2.80378521989 1.64575447592 0.00653476391293 0.000133406409972
0.5 1.2899514851 2.76324886369 0.132526638301 0.00896636786953
0.5 2.90969045679 1.49486543118 0.00564857643732 0.000107787168315
0.5 3.08505081796 1.24073747569 0.00448607536918 7.69072223932e-05
0.5 1.41278503817 2.67603078925 0.0932668697205 0.00567570817812
0.5 3.59271730921 0.680314975441 0.00245744825184 3.18035764484e-05
0.5 1.01898887931 3.08197102454 0.335305408857 0.0275436450408
0.5 2.06686980522 2.3395033652 0.0214914560092 0.000745999123589
0.5 1.60934012114 2.56783853122 0.0564852104986 0.00288844831629
0.5 2.3234626088 2.16820913105 0.0136340867319 0.000388301343932
0.5 0.787213201181 3.61076693611 0.954715945023 0.084383233534
0.5 2.11100898664 2.31369303925 0.0197993220815 0.000663577263623
0.5 2.58179372063 1.92500593905 0.00903088341241 0.000213796884687
0.5 1.99736227158 2.37785970491 0.0245389914836 0.000901048341794
0.5 0.608964422758 4.17091315027 1.98056620836 0.233400384374
0.5 3.1005461453 1.21893191572 0.00439834925135 7.47074372825e-05
0.5 2.91521980725 1.48682593689 0.00560655079486 0.000106614004352
0.5 0.575001379708 4.28888999499 2.16929297816 0.289664255785
0.5 2.2990811171 2.18702639714 0.0142064166077 0.000412028611322
0.5 2.19529674038 2.26061838469 0.0170051249013 0.000533586286435
0.5 1.50738291549 2.6207253033 0.0726664454883 0.0040673444122
0.5 3.06325901225 1.27170324863 0.00461314995678 8.01263226793e-05
0.5 2.85097831175 1.57941237354 0.00611992025561 0.000121206249546
0.5 2.08099943506 2.33137460719 0.0209309404504 0.000718378608968
0.5 2.16504186134 2.28029124311 0.0179478128082 0.000576529513677
0.5 1.60499611866 2.569997394 0.0570760906056 0.00292986773857
0.5 0.829218627703 3.49455254455 0.777167614445 0.067928493661
0.5 3.24796995821 1.02371013673 0.00366182934879 5.71013842047e-05
0.5 1.58745329348 2.57878542606 0.0595424224786 0.003104285117
0.5 3.00555297522 1.35499846209 0.00497203991882 8.94312409274e-05
0.5 2.09793487884 2.32146807407 0.0202826137471 0.000686854090747
0.5 1.72129420664 2.51378084134 0.0435951242023 0.00202079603586
0.5 3.89092401507 0.495777787369 0.00179149614831 1.98920769611e-05
0.5 0.748257417249 3.72497110084 1.15275246202 0.103892773551
0.5 3.74536114812 0.575525569259 0.00208397897421 2.49479354857e-05
0.5 2.21934922455 2.2444380853 0.0162993256933 0.00050208914406
0.5 2.02293297998 2.36404466431 0.0233588155064 0.000839995818083
0.5 1.87071414964 2.44233931712 0.0316175383144 0.00128948820501
0.5 0.721074556958 3.80772593021 1.30725334245 0.120635934029
0.5 2.36998873989 2.13050889426 0.0126195720726 0.000347273579007
0.5 3.00738021564 1.35234010108 0.0049601543246 8.91180617071e-05
0.5 2.78682169931 1.66913322901 0.00669241186398 0.000138136959663
0.5 3.93130148711 0.476532003449 0.00171959804871 1.87532096276e-05
0.5 3.49052276144 0.765328046125 0.00275470464569 3.75658485588e-05
0.5 1.09074027739 2.97299787864 0.25550487843 0.0201197250392
0.5 2.29924445337 2.18690197539 0.01420247931 0.000411864235555
0.5 3.41035907514 0.841575832773 0.00301982659511 4.29999159288e-05
0.5 2.15248578149 2.2882439514 0.018358041076 0.00059551296194
0.5 2.7641981494 1.69986983448 0.00691009505405 0.000144751357922
0.5 2.63957320544 1.8584303238 0.00828096158139 0.000188475681163
0.5 3.7050412245 0.600882961271 0.00217531605776 2.65802652672e-05
0.5 0.796179767551 3.58531385933 0.913634468751 0.0805156945315
0.5 2.06841853377 2.33861819295 0.0214292079231 0.000742906849507
0.5 1.98862049029 2.38251066577 0.024959476826 0.000923055540604
0.5 0.939174203259 3.23213567701 0.466900172359 0.0397100533648
0.5 3.57080399616 0.697460209462 0.00251770251037 3.29176607123e-05
0.5 2.32800341953 2.16463498947 0.0135307242336 0.000384060759612
0.5 3.08495573755 1.24087185502 0.00448662035478 7.69209433981e-05
0.5 3.71736734341 0.592965147356 0.00214687031768 2.60716610932e-05
0.5 3.61553687871 0.663058812573 0.00239659953566 3.06522598033e-05
0.5 2.63497780665 1.86389304086 0.00833770068957 0.000190359432732
0.5 1.19249235815 2.85205520375 0.179883623853 0.013168961513
