0.1 1.22672379221 3.09215436515 0.00180305731911 6.93194986054e-06
0.1 3.2369719568 0.446623191347 3.18122756146e-05 1.81548166063e-08
0.1 2.62414612936 2.74248721529 7.50866959221e-05 6.51178856126e-08
0.1 1.71110153537 3.00885428521 0.000439667686231 9.39818164937e-07
0.1 1.91497994909 2.98392382262 0.00027512555832 4.78616954294e-07
0.1 2.06051818439 2.96255382021 0.000203106117563 2.97721994238e-07
0.1 3.06432365855 0.959420956725 3.98125593848e-05 2.45652460486e-08
0.1 1.61168245089 3.02070619691 0.000564655598971 1.349217575e-06
0.1 0.970373155738 3.28330853929 0.00510749699167 2.80517299695e-05
0.1 3.35495359202 0.312201592627 2.75006358101e-05 1.50659841418e-08
0.1 3.9401868721 0.112151508439 1.43070342945e-05 6.58455971589e-09
0.1 1.34974025158 3.06054009429 0.00119567972513 3.91148668542e-06
0.1 1.9805128707 2.974871168 0.000239291797806 3.80391247146e-07
0.1 2.10549308856 2.95482943002 0.000185760250949 2.59966103714e-07
0.1 2.78125845725 2.50327317219 5.91493522266e-05 4.47273969751e-08
0.1 3.35753729518 0.310074553569 2.74143646246e-05 1.5006648088e-08
0.1 1.63859108676 3.01744207527 0.000526786953387 1.22085132029e-06
0.1 2.55226655353 2.80017649492 8.41574272249e-05 7.78038489597e-08
0.1 0.87090264706 3.57441028752 0.0085015492416 5.34019859976e-05
0.1 3.81468573806 0.132032655512 1.63141676408e-05 7.84534507676e-09
0.1 3.80236003864 0.13431131657 1.65297044152e-05 7.9831185318e-09
0.1 3.7331174747 0.148482896708 1.78084512925e-05 8.77976801028e-09
0.1 1.08338024164 3.16067194467 0.00310703516942 1.45697350888e-05
0.1 3.66813005754 0.164329872271 1.91211549479e-05 9.59799560312e-09
0.1 2.7156138718 2.63088812268 6.52261186566e-05 5.21894352105e-08
0.1 2.96088425537 1.65014335768 4.57911694618e-05 3.01321154623e-08
0.1 2.10188478501 2.95547438786 0.000187081718126 2.62800606227e-07
0.1 2.11927224918 2.95232474822 0.000180820127636 2.49435925161e-07
0.1 2.70941128872 2.64041802952 6.58450575995e-05 5.29672292362e-08
0.1 1.82304053648 2.99555901628 0.000337570144116 6.41713286887e-07
0.1 2.61677804673 2.74933870134 7.59585629693e-05 6.63069792635e-08
0.1 1.60409966547 3.02163803555 0.000575904014333 1.38813108462e-06
0.1 0.903141234346 3.44261708087 0.00714104545728 4.30206490994e-05
0.1 3.46530320546 0.239824214917 2.4107650401e-05 1.27819211817e-08
0.1 1.11788396807 3.13891945586 0.00270482887582 1.20769411815e-05
0.1 3.34898654436 0.317217439602 2.77011536912e-05 1.52042236466e-08
0.1 2.12629189447 2.95102202319 0.000178366625473 2.44246455349e-07
0.1 2.34742209764 2.89664526677 0.000118651718743 1.3140105591e-07
0.1 3.89642129539 0.118466013993 1.49700298561e-05 6.99652552625e-09
0.1 0.776827091056 4.44243534614 0.0151913677517 0.000105227979094
0.1 0.69698074487 5.27608618079 0.0286733475122 0.000199949892519
0.1 1.49732818655 3.03566588148 0.000769664507635 2.09702720024e-06
0.1 3.58014391296 0.191084546868 2.11101414985e-05 1.08477299437e-08
0.1 0.708734625093 5.19262456324 0.0257641935001 0.00018118755951
0.1 2.85668841507 2.26262063388 5.30305908424e-05 3.76848701067e-08
0.1 3.15141333861 0.624557997194 3.55000671688e-05 2.09809741143e-08
0.1 3.77968275652 0.138685561266 1.69355808017e-05 8.24105787628e-09
0.1 3.4073736109 0.273584161769 2.58142552653e-05 1.3920212262e-08
0.1 0.646120585798 5.52577575603 0.0504354826189 0.000312595193873
0.1 3.80920278435 0.133037975971 1.64096126697e-05 7.90629837503e-09
0.1 0.739291438675 4.90966137295 0.0200001133386 0.00014115333083
0.1 2.35331707411 2.89470641007 0.000117435289335 1.29382455104e-07
0.1 2.97890528486 1.51706931198 4.46403534602e-05 2.90394879067e-08
0.1 0.594909981268 5.67614882082 0.141501175901 0.000508010354101
0.1 2.50356507112 2.83012987058 9.11337206821e-05 8.79268374686e-08
0.1 3.84578236101 0.126570315884 1.57857278223e-05 7.50949398347e-09
0.1 1.4799781134 3.03817058528 0.000808605912636 2.24900828396e-06
0.1 0.770851099655 4.52125434849 0.0158374752748 0.000110154948152
0.1 1.39430482318 3.05201381699 0.00104114879282 3.21760918377e-06
0.1 2.15329568105 2.94582621973 0.000169328860197 2.25336768912e-07
0.1 2.64629358423 2.72029830804 7.25402825731e-05 6.16842400639e-08
0.1 1.86612896174 2.99022855401 0.000306319939528 5.58161411035e-07
0.1 2.17777517902 2.94084644356 0.000161615290609 2.09566869794e-07
0.1 2.78547758446 2.49299356914 5.87846073757e-05 4.42928439453e-08
0.1 1.40936881084 3.04936658373 0.000994658717779 3.01640861276e-06
0.1 2.85891224824 2.25329829426 5.28616366369e-05 3.74991440745e-08
0.1 3.63056746583 0.174894817632 1.99468536232e-05 1.01100242227e-08
0.1 2.6942903141 2.66222895068 6.73803033026e-05 5.4920043235e-08
0.1 2.1785436349 2.94068546078 0.000161379994376 2.09097097901e-07
0.1 3.92646524282 0.114068253718 1.45108810312e-05 6.7107417486e-09
0.1 3.00741014243 1.30996319816 4.29845389261e-05 2.74227431896e-08
0.1 2.96377682198 1.62892550939 4.56069837792e-05 2.99529034209e-08
0.1 1.06650927825 3.17316715952 0.00333179973418 1.59982151787e-05
0.1 1.45887257845 3.04133478971 0.000859200200599 2.45155770112e-06
0.1 3.67346957234 0.162918412131 1.90089575832e-05 9.52763470581e-09
0.1 3.59705986389 0.185368682456 2.07111819324e-05 1.05934559771e-08
0.1 3.43591585859 0.255962198767 2.49624698705e-05 1.3343882291e-08
0.1 2.35162430627 2.89526674633 0.00011778299286 1.29958516315e-07
0.1 3.10598171867 0.772607987646 3.76744532209e-05 2.27470730021e-08
0.1 3.39224269062 0.283822982449 2.62896559009e-05 1.42388262629e-08
0.1 1.64623702498 3.01652495837 0.000516611397767 1.18697845539e-06
0.1 1.95751210624 2.97813906346 0.000251164538044 4.09052057965e-07
0.1 3.601141268 0.184034686371 2.06162304446e-05 1.05331562248e-08
0.1 3.5871905378 0.188665689312 2.09428975629e-05 1.07409460338e-08
0.1 3.49850583833 0.223643732018 2.31747498374e-05 1.21822385292e-08
0.1 2.29283463257 2.9131001105 0.000130709396448 1.51980943302e-07
0.1 1.49704926061 3.03570551717 0.000770270292159 2.09937386856e-06
0.1 1.10795058651 3.1447217594 0.00281344715205 1.27406119578e-05
0.1 3.69563951474 0.157278034995 1.85515417982e-05 9.24164945205e-09
0.1 2.37792917212 2.8862225205 0.000112595777813 1.21321566919e-07
0.1 3.11635696542 0.734298768656 3.7164219858e-05 2.23250925977e-08
0.1 2.18320090992 2.93970526527 0.000159963277276 2.06323635914e-07
0.1 2.33059436329 2.90199707542 0.000122211682467 1.37363164294e-07
0.1 0.865243620692 3.60361530967 0.00877528102057 5.55212124075e-05
0.1 1.12854363555 3.13305725489 0.00259419970969 1.14136939898e-05
0.1 1.05110109396 3.18588403842 0.00355555377453 1.74223400348e-05
0.1 3.65203794614 0.168715630169 1.94641162528e-05 9.81363952638e-09
0.1 1.73222252829 3.00637382213 0.000417728621638 8.73003360846e-07
0.1 1.51344780384 3.03340794768 0.00073565176319 1.96644557239e-06
0.1 2.75628283795 2.55839086799 6.13796447018e-05 4.74073003671e-08
0.1 1.51811959698 3.03276510409 0.000726149582649 1.93036831239e-06
0.1 3.41215404977 0.270484649999 2.56661050014e-05 1.38214787914e-08
0.1 2.95484638092 1.69408950061 4.61780475951e-05 3.05110299114e-08
0.1 2.41481050463 2.87220160671 0.000105693417905 1.10266163792e-07
0.1 3.99698981071 0.104770778845 1.35003018586e-05 6.08948550142e-09
0.1 0.586784201005 5.69549118241 0.193999245134 0.00055072356528
0.1 1.34796579378 3.06090398336 0.00120240508513 3.94255467794e-06
0.1 2.23346600758 2.92841030994 0.000145627819234 1.78961298788e-07
0.1 3.68838341456 0.15908614759 1.86997653399e-05 9.33417396922e-09
0.1 1.06523529728 3.17416876817 0.00334960162656 1.6112665291e-05
0.1 3.77418795395 0.139782663739 1.70357819753e-05 8.30270133739e-09
0.1 1.12089065189 3.13722925038 0.00267301169561 1.18853503627e-05
0.1 0.709404108583 5.1874833325 0.0256122951309 0.000180180407862
0.1 0.861405748063 3.62468814693 0.0089675267876 5.70076612829e-05
0.1 0.707292508118 5.20355121434 0.0260961140116 0.00018337952267
0.1 1.34043399282 3.06247171856 0.00123155450025 4.0776827322e-06
0.1 3.46179805149 0.241653648383 2.42078488711e-05 1.28473582229e-08
0.1 2.37555270828 2.88707026563 0.000112984747496 1.22074937585e-07
0.1 1.80406558873 2.99785493081 0.000352599895322 6.83400730374e-07
0.1 3.2465759779 0.43208848615 3.14344705738e-05 1.78720889064e-08
0.1 1.59927923947 3.02223368611 0.000583273974551 1.41353253159e-06
0.1 2.16432725071 2.94361566559 0.000165791387504 2.18073939396e-07
0.1 2.95232269865 1.71229078408 4.63407689612e-05 3.06713636639e-08
0.1 2.05581309258 2.96332502885 0.000205035868401 3.01992341919e-07
0.1 2.50368211026 2.83006471645 9.11162393483e-05 8.79008558961e-08
0.1 3.13391508164 0.675811735645 3.63195794465e-05 2.16366545499e-08
0.1 0.771156087991 4.51723553446 0.0158035667414 0.000109897006699
0.1 3.77508073757 0.139603388685 1.70194515836e-05 8.29265152029e-09
0.1 1.63869275549 3.01742985373 0.000526650006292 1.22039365219e-06
0.1 1.10379236335 3.14725425913 0.00286057472809 1.3031120767e-05
0.1 3.86029402279 0.124152749017 1.55464249961e-05 7.35831342293e-09
0.1 1.01503939921 3.2217941753 0.00416017845383 2.1472915385e-05
0.1 2.12300500551 2.95163449905 0.000179510237836 2.46661916153e-07
0.1 2.77592856659 2.51583618337 5.96135560026e-05 4.52837313342e-08
0.1 1.44736106665 3.04312057997 0.000888511352619 2.57099288915e-06
0.1 2.7880667732 2.48653256105 5.85620071888e-05 4.40286963858e-08
0.1 3.10377472464 0.781143522121 3.77840907417e-05 2.2838343597e-08
0.1 3.2421080701 0.438743527744 3.16104632061e-05 1.80028385758e-08
0.1 2.80378521989 2.4446636973 5.72308333895e-05 4.246558699e-08
0.1 1.2899514851 3.07408056713 0.00145175374181 5.13821901016e-06
0.1 2.90969045679 1.99537418712 4.91915383089e-05 3.35627697893e-08
0.1 3.08505081796 0.859444102967 3.8730294515e-05 2.36347890549e-08
0.1 1.41278503817 3.04878068921 0.000984478434793 2.97285070865e-06
0.1 3.59271730921 0.186806803999 2.08127714669e-05 1.06580579208e-08
0.1 1.01898887931 3.21736774366 0.00408779414229 2.08006152552e-05
0.1 2.06686980522 2.9615015761 0.000200536986627 2.92057750968e-07
0.1 1.60934012114 3.02099343732 0.000568073014725 1.36110374773e-06
0.1 2.3234626088 2.90418631082 0.000123760629828 1.39987727499e-07
0.1 0.787213201181 4.30713179609 0.014153942372 9.72951826379e-05
0.1 2.11100898664 2.95383510163 0.000183762660874 2.5569535557e-07
0.1 2.58179372063 2.77875827529 8.02743366694e-05 7.22904731749e-08
0.1 1.99736227158 2.97240729234 0.000231038370599 3.60928991288e-07
0.1 0.608964422758 5.64052297987 0.0959878310467 0.000442895169586
0.1 3.1005461453 0.793885373379 3.7945185726e-05 2.29728335861e-08
0.1 2.91521980725 1.9618320528 4.88102693168e-05 3.31675416941e-08
0.1 0.575001379708 5.72232738438 0.414157302838 0.000620327424771
0.1 2.2990811171 2.91134367035 0.000129253362322 1.49436419295e-07
0.1 2.19529674038 2.93710879288 0.000156356805385 1.99317311597e-07
0.1 1.50738291549 3.03425002605 0.000748222262742 2.01444059273e-06
0.1 3.06325901225 0.964957041369 3.98691743539e-05 2.46145273757e-08
0.1 2.85097831175 2.28586914551 5.34489417232e-05 3.81671534934e-08
0.1 2.08099943506 2.95911730013 0.000194966124917 2.79859539759e-07
0.1 2.16504186134 2.94347059477 0.000165565558321 2.17612397561e-07
0.1 1.60499611866 3.0215275467 0.000574555971353 1.38346466237e-06
0.1 0.829218627703 3.85064457039 0.0108292301154 7.1493918229e-05
0.1 3.24796995821 0.430048196363 3.13797098809e-05 1.78315690724e-08
0.1 1.58745329348 3.02370616779 0.000601745001145 1.47811737656e-06
0.1 3.00555297522 1.32304733125 4.30932521169e-05 2.75240906567e-08
0.1 2.09793487884 2.95617438841 0.000188541807442 2.65940873021e-07
0.1 1.72129420664 3.00765703875 0.000428918863448 9.06867843758e-07
0.1 3.89092401507 0.119302243307 1.50559956145e-05 7.05027146893e-09
0.1 0.748257417249 4.80740760898 0.0186702931411 0.000131436026439
0.1 3.74536114812 0.145793049597 1.75736563564e-05 8.63446934532e-09
0.1 2.21934922455 2.93172145376 0.000149484780815 1.86192176119e-07
0.1 2.02293297998 2.96854184305 0.000219182680929 3.33701568933e-07
0.1 1.87071414964 2.9896496833 0.000303204197837 5.50041261656e-07
0.1 0.721074556958 5.09054181804 0.0231693993189 0.000163676784891
0.1 2.36998873989 2.88903057398 0.000114078356993 1.23859244617e-07
0.1 3.00738021564 1.31017348122 4.29862880821e-05 2.74243720371e-08
0.1 2.78682169931 2.4896539531 5.86689311363e-05 4.41554792359e-08
0.1 3.93130148711 0.113386328644 1.44386228419e-05 6.66596424482e-09
0.1 3.49052276144 0.227354009744 2.33977664555e-05 1.23231772522e-08
0.1 1.09074027739 3.15563476993 0.00301511296162 1.39920837408e-05
0.1 2.29924445337 2.91129733424 0.000129215562254 1.49370580117e-07
0.1 3.41035907514 0.271641051129 2.57216202259e-05 1.38584448816e-08
0.1 2.15248578149 2.94598664693 0.000169570979929 2.25880300637e-07
0.1 2.7641981494 2.54192150755 6.06634238239e-05 4.65377009263e-08
0.1 2.63957320544 2.72729818642 7.33014543206e-05 6.27042831175e-08
0.1 3.7050412245 0.154987973525 1.83616142778e-05 9.1232900953e-09
0.1 0.796179767551 4.19510916047 0.0133363261945 9.0979601443e-05
0.1 2.06841853377 2.96124327162 0.000199916730743 2.90693879952e-07
0.1 1.98862049029 2.97369347653 0.000235275055891 3.70869272821e-07
0.1 0.939174203259 3.34368013352 0.00594098216518 3.40779446462e-05
0.1 3.57080399616 0.194374260221 2.13340352026e-05 1.09912029992e-08
0.1 2.32800341953 2.90279777244 0.000122771582066 1.38309611315e-07
0.1 3.08495573755 0.859869669766 3.87351741295e-05 2.36389370258e-08
0.1 3.71736734341 0.152072225475 1.81162013541e-05 8.97067028884e-09
0.1 3.61553687871 0.179461223293 2.02854316805e-05 1.03236421716e-08
0.1 2.63497780665 2.73194732586 7.38276485289e-05 6.34126465432e-08
0.1 1.19249235815 3.10421477221 0.00203846919185 8.21612841231e-06
