10.0 1.22672379221 0.708785438755 0.461828505053 0.34189592516
10.0 3.2369719568 0.478547876845 0.240909751803 0.141380110463
10.0 2.62414612936 0.528001169676 0.286354057416 0.179867381588
10.0 1.71110153537 0.629337270893 0.383525874345 0.267658406814
10.0 1.91497994909 0.602582472688 0.357480715766 0.243565951389
10.0 2.06051818439 0.585207022317 0.340694498439 0.228222403679
10.0 3.06432365855 0.491436944042 0.252605035339 0.151060185927
10.0 1.61168245089 0.643592466517 0.397468021364 0.280716264218
10.0 0.970373155738 0.765047550247 0.517871101804 0.396154297034
10.0 3.35495359202 0.470148196501 0.233349879098 0.135206159802
10.0 3.9401868721 0.432400662266 0.200338569323 0.108947681954
10.0 1.34974025158 0.685910093484 0.439179678909 0.320180045319
10.0 1.9805128707 0.59461348832 0.349736881749 0.236498272407
10.0 2.10549308856 0.580082255593 0.335772912153 0.223756094191
10.0 2.78125845725 0.514286851893 0.273566422217 0.168858683308
10.0 3.35753729518 0.469967459739 0.233188311194 0.135074519504
10.0 1.63859108676 0.639658068804 0.393594808155 0.277098123559
10.0 2.55226655353 0.534575189069 0.292483820183 0.185237877091
10.0 0.87090264706 0.791085141972 0.543910736271 0.421578955788
10.0 3.81468573806 0.439969583775 0.206880141714 0.114002142062
10.0 3.80236003864 0.440727116361 0.207537672689 0.11451369482
10.0 3.7331174747 0.445032766396 0.211281662674 0.11744179005
10.0 1.08338024164 0.738576705002 0.491462700686 0.370494578371
10.0 3.66813005754 0.449154955699 0.214873087082 0.120277899216
10.0 2.7156138718 0.519909149334 0.278811081572 0.173342076924
10.0 2.96088425537 0.499543349379 0.259974867093 0.1572865471
10.0 2.10188478501 0.580488748518 0.336164032441 0.224109436735
10.0 2.11927224918 0.578537448738 0.334285341248 0.222415076637
10.0 2.70941128872 0.520448035931 0.279313919727 0.173773849878
10.0 1.82304053648 0.614284435324 0.36881952894 0.254032023651
10.0 2.61677804673 0.528666618849 0.286973773444 0.18040789455
10.0 1.60409966547 0.644713087554 0.398572981212 0.281747721762
10.0 0.903141234346 0.782326625419 0.535152024964 0.413004806295
10.0 3.46530320546 0.462540064958 0.226595279939 0.129707227114
10.0 1.11788396807 0.731042946951 0.483980872326 0.363230711602
10.0 3.34898654436 0.470566209926 0.233723640747 0.135510970645
10.0 2.12629189447 0.577754926919 0.333531589763 0.221736628248
10.0 2.34742209764 0.55432857554 0.311174147893 0.201679980157
10.0 3.89642129539 0.435011413267 0.202587876008 0.110679500394
10.0 0.776827091056 0.818678154278 0.571520382923 0.448684532124
10.0 0.69698074487 0.844904373124 0.597808756804 0.474573019971
10.0 1.49732818655 0.661139577935 0.414707107011 0.29695970381
10.0 3.58014391296 0.454864858304 0.219858046689 0.124259456197
10.0 0.708734625093 0.840850938994 0.593755761675 0.470567171498
10.0 2.85668841507 0.507991288351 0.267724030875 0.163882780799
10.0 3.15141333861 0.484837673059 0.246613483619 0.146071335829
10.0 3.77968275652 0.442127769452 0.208754561718 0.115462385161
10.0 3.4073736109 0.466505453366 0.23010432944 0.13256185303
10.0 0.646120585798 0.863257155882 0.616214663075 0.492752220943
10.0 3.80920278435 0.440306338828 0.207172331519 0.114229349011
10.0 0.739291438675 0.830641908712 0.583518222618 0.460483584879
10.0 2.35331707411 0.553734980228 0.310610722308 0.201180156633
10.0 2.97890528486 0.498110483964 0.258669498311 0.156178213838
10.0 0.594909981268 0.883280561502 0.636317493852 0.512629126152
10.0 2.50356507112 0.539129363189 0.296755569996 0.18899279174
10.0 3.84578236101 0.438070216927 0.205233165662 0.1127240124
10.0 1.4799781134 0.663913334495 0.417453067955 0.299543809471
10.0 0.770851099655 0.820539447339 0.573392371137 0.450520325619
10.0 1.39430482318 0.678158123591 0.431492163322 0.312881332529
10.0 2.15329568105 0.574771289321 0.330655648309 0.219153923667
10.0 2.64629358423 0.52601309777 0.2845025645 0.1782556627
10.0 1.86612896174 0.608721564744 0.363437583674 0.249039034905
10.0 2.17777517902 0.572100323472 0.328084118793 0.216847015132
10.0 2.78547758446 0.513930332366 0.273234346596 0.168575776269
10.0 1.40936881084 0.675594432155 0.428956387512 0.310469312519
10.0 2.85891224824 0.507808067783 0.267554826763 0.163738684463
10.0 3.63056746583 0.451574365011 0.216983534258 0.121957268762
10.0 2.6942903141 0.521767952107 0.280545291825 0.174832825998
10.0 2.1785436349 0.572016846111 0.328003957836 0.216775186933
10.0 3.92646524282 0.433216068113 0.201040150996 0.109487244366
10.0 3.00741014243 0.495861515272 0.256623755032 0.154445163123
10.0 2.96377682198 0.499312784121 0.259764697685 0.157107983342
10.0 1.06650927825 0.742336468909 0.49522533384 0.374127124589
10.0 1.45887257845 0.667338163249 0.420837451601 0.302736465659
10.0 3.67346957234 0.448813289277 0.214575221674 0.120041563939
10.0 3.59705986389 0.453755517327 0.21888827425 0.123481050398
10.0 3.43591585859 0.464544052113 0.228365620732 0.131146492605
10.0 2.35162430627 0.553905271765 0.310772398015 0.201323464822
10.0 3.10598171867 0.488254482608 0.249715729395 0.148645474832
10.0 3.39224269062 0.467551644536 0.231034300669 0.133319247831
10.0 1.64623702498 0.638550658179 0.392508826822 0.276080957871
10.0 1.95751210624 0.597380243032 0.352419539893 0.238948337617
10.0 3.601141268 0.453488631532 0.218655150266 0.123294207631
10.0 3.5871905378 0.454402145284 0.219453375077 0.123934434515
10.0 3.49850583833 0.460295546344 0.224618722685 0.128103147787
10.0 2.29283463257 0.55990595319 0.316459864478 0.206398173131
10.0 1.49704926061 0.661183924929 0.41475110467 0.297000682674
10.0 1.10795058651 0.733188592209 0.486110975445 0.365294257585
10.0 3.69563951474 0.44740033983 0.213343708869 0.119066592375
10.0 2.37792917212 0.55127516889 0.30827352022 0.199112883193
10.0 3.11635696542 0.487469280996 0.249002811649 0.148052381341
10.0 2.18320090992 0.571512324848 0.327518893179 0.216340154315
10.0 2.33059436329 0.556032619756 0.312790151201 0.203117104114
10.0 0.865243620692 0.792656819444 0.545484680129 0.42311616501
10.0 1.12854363555 0.72876729299 0.481711414958 0.361043946399
10.0 1.05110109396 0.745832193032 0.498711862645 0.377502849763
10.0 3.65203794614 0.450188136356 0.215774076362 0.120993765047
10.0 1.73222252829 0.626417520057 0.380673047008 0.265006253268
10.0 1.51344780384 0.658590618418 0.412190210565 0.294585454758
10.0 2.75628283795 0.516409141983 0.27554472069 0.170546504385
10.0 1.51811959698 0.657856239445 0.411467189892 0.293901935588
10.0 3.41215404977 0.466176000185 0.229811870984 0.132323574031
10.0 2.95484638092 0.50002535768 0.260414393899 0.157660014732
10.0 2.41481050463 0.54764253764 0.304818861246 0.196071532853
10.0 3.99698981071 0.429054692467 0.197470070763 0.106746090262
10.0 0.586784201005 0.886623558082 0.639662000774 0.515953577716
10.0 1.34796579378 0.686225144472 0.43949067691 0.320476932155
10.0 2.23346600758 0.566127578945 0.322365816279 0.211709294694
10.0 3.68838341456 0.447861762952 0.213745765794 0.119384589444
10.0 1.06523529728 0.742623016832 0.495511932476 0.374403578259
10.0 3.77418795395 0.442468506869 0.209050756597 0.115693735458
10.0 1.12089065189 0.730398323368 0.4833390258 0.362611186566
10.0 0.709404108583 0.840622421359 0.593525696554 0.470341653187
10.0 0.861405748063 0.7937297934 0.546556516338 0.424166603353
10.0 0.707292508118 0.841343429632 0.594250412686 0.471053601755
10.0 1.34043399282 0.687567266402 0.440814186403 0.321743368935
10.0 3.46179805149 0.46277822552 0.226805443701 0.12987793269
10.0 2.37555270828 0.551511527545 0.308498091357 0.199311123696
10.0 1.80406558873 0.616772508736 0.37123574002 0.256275733545
10.0 3.2465759779 0.477852894493 0.240281004236 0.14086533332
10.0 1.59927923947 0.645428790329 0.39927837788 0.282406366374
10.0 2.16432725071 0.5735639564 0.329492455371 0.218110478262
10.0 2.95232269865 0.5002270755 0.260598432386 0.15781640862
10.0 2.05581309258 0.585750377264 0.341215325366 0.228697857928
10.0 2.50368211026 0.539118295167 0.296745177488 0.188983743519
10.0 3.13391508164 0.486147120114 0.2478023441 0.147055723686
10.0 0.771156087991 0.820444281017 0.57329637711 0.450426448283
10.0 3.77508073757 0.44241310811 0.209002628092 0.115656104358
10.0 1.63869275549 0.639643314726 0.393580324604 0.277084567517
10.0 1.10379236335 0.734093302053 0.487007495355 0.366165515353
10.0 3.86029402279 0.437189277436 0.204470442787 0.112133490543
10.0 1.01503939921 0.754222222775 0.507072554758 0.385636562257
10.0 2.12300500551 0.578120921136 0.333884226901 0.222053957566
10.0 2.77592856659 0.514738282444 0.273986760209 0.16921704362
10.0 1.44736106665 0.669231516759 0.422701331936 0.304504427842
10.0 2.7880667732 0.513711750596 0.27303098841 0.168402239021
10.0 3.10377472464 0.488421883149 0.249867876121 0.148772174307
10.0 3.2421080701 0.478175967754 0.24057321255 0.141104536593
10.0 2.80378521989 0.51238945919 0.27180076925 0.167354148165
10.0 1.2899514851 0.696748945838 0.449899518194 0.33044548888
10.0 2.90969045679 0.503659219291 0.263737484276 0.160487816617
10.0 3.08505081796 0.489847548616 0.251162104584 0.149852129728
10.0 1.41278503817 0.675015914845 0.428386133203 0.309925572848
10.0 3.59271730921 0.454039773298 0.219136684745 0.123680245179
10.0 1.01898887931 0.753291168313 0.506139206308 0.384733380371
10.0 2.06686980522 0.584475845263 0.339993098696 0.227583240852
10.0 1.60934012114 0.643938061912 0.397808748202 0.28103433034
10.0 2.3234626088 0.556758875197 0.313478660066 0.203730806371
10.0 0.787213201181 0.815466928713 0.568312467538 0.445519242012
10.0 2.11100898664 0.579462565372 0.335176361748 0.223217971484
10.0 2.58179372063 0.531852530255 0.289942329509 0.183006298039
10.0 1.99736227158 0.592604362058 0.347796641995 0.234722903233
10.0 0.608964422758 0.877618620936 0.630626781863 0.507003095958
10.0 3.1005461453 0.488667011127 0.250090429383 0.14895763692
10.0 2.91521980725 0.503211440753 0.263327053376 0.160138349739
10.0 0.575001379708 0.891546301934 0.644609714607 0.520846557548
10.0 2.2990811171 0.559260489984 0.315848424673 0.205850062698
10.0 2.19529674038 0.570206442749 0.326265011492 0.215214643743
10.0 1.50738291549 0.659546797026 0.413133284014 0.295475917745
10.0 3.06325901225 0.491518900137 0.2526794427 0.15112257994
10.0 2.85097831175 0.50846224954 0.268159292851 0.164253430315
10.0 2.08099943506 0.582857740773 0.338440480351 0.226171259857
10.0 2.16504186134 0.573485963455 0.329417340094 0.218043128267
10.0 1.60499611866 0.644580404513 0.398442058114 0.281625446805
10.0 0.829218627703 0.80291307779 0.555749263834 0.43317833117
10.0 3.24796995821 0.477752170375 0.240189940065 0.140790805524
10.0 1.58745329348 0.647195153426 0.401017163809 0.284032869854
10.0 3.00555297522 0.49600736293 0.256756346271 0.154557308974
10.0 2.09793487884 0.580934727714 0.336592889153 0.22449717909
10.0 1.72129420664 0.62792297192 0.382145226807 0.266372870884
10.0 3.89092401507 0.43534150483 0.202872830356 0.110899286303
10.0 0.748257417249 0.827733023881 0.580593367212 0.457610588382
10.0 3.74536114812 0.444265092959 0.210613429149 0.116917164233
10.0 2.21934922455 0.567628919369 0.323797991804 0.212997652948
10.0 2.02293297998 0.589583549893 0.344890716241 0.232060414917
10.0 1.87071414964 0.608137285438 0.362872291102 0.24851676669
10.0 0.721074556958 0.836681562652 0.58956289562 0.466445002394
10.0 2.36998873989 0.552065636561 0.309024803881 0.199776363414
10.0 3.00738021564 0.495863864541 0.256625890885 0.154446969425
10.0 2.78682169931 0.51381680997 0.273128782019 0.168485578644
10.0 3.93130148711 0.432928346819 0.200792415607 0.109296726695
10.0 3.49052276144 0.460833510258 0.225091764074 0.128486677725
10.0 1.09074027739 0.736952593923 0.489844285846 0.368924784754
10.0 2.29924445337 0.559243637388 0.315832448652 0.205835764503
10.0 3.41035907514 0.466299701087 0.22992166769 0.132412977187
10.0 2.15248578149 0.57486022366 0.330741290787 0.219230743829
10.0 2.7641981494 0.515734337483 0.274915368425 0.170009312096
10.0 2.63957320544 0.526614481852 0.28506272392 0.178742583034
10.0 3.7050412245 0.446803962784 0.212824103248 0.11865617328
10.0 0.796179767551 0.812727292419 0.565574917706 0.442826459103
10.0 2.06841853377 0.584297903461 0.339822283927 0.227427771562
10.0 1.98862049029 0.593644791621 0.348800698889 0.235641951437
10.0 0.939174203259 0.772911112742 0.525731044084 0.40380992079
10.0 3.57080399616 0.455479728916 0.220395853493 0.12469190549
10.0 2.32800341953 0.556296254032 0.313039971151 0.203339725389
10.0 3.08495573755 0.489854812446 0.251168699142 0.149857640853
10.0 3.71736734341 0.446024510456 0.212145111235 0.118120989835
10.0 3.61553687871 0.452550022634 0.217835386068 0.122637843628
10.0 2.63497780665 0.527026679951 0.28544643798 0.179076592762
10.0 1.19249235815 0.715552433111 0.468573407953 0.348363552981
