0.5 1.22672379221 4.6734608511 1.66171974343 0.0250049739578
0.5 3.2369719568 2.7570252569 0.00829824488601 0.000123186353236
0.5 2.62414612936 2.87343488452 0.0198381641994 0.000412281968324
0.5 1.71110153537 3.47933452461 0.136022224621 0.00443116114176
0.5 1.91497994909 3.2103684935 0.0786487224116 0.00240550497247
0.5 2.06051818439 3.09272935988 0.0563084055601 0.00160673424949
0.5 3.06432365855 2.78714115694 0.0104024964413 0.000169230734696
0.5 1.61168245089 3.67572100222 0.18723464933 0.00610142834345
0.5 0.970373155738 5.21612683593 2.96795851992 0.0793958966709
0.5 3.35495359202 2.73604859914 0.00716247838476 0.000100119462624
0.5 3.9401868721 2.6075119473 0.00370974794976 3.9133438432e-05
0.5 1.34974025158 4.36445972648 0.645917901881 0.0153982701978
0.5 1.9805128707 3.15177437145 0.0673482939733 0.00199958145219
0.5 2.10549308856 3.06440394529 0.0511399264079 0.00142534865304
0.5 2.78125845725 2.83947251228 0.0155525517704 0.00029569648095
0.5 3.35753729518 2.73558075305 0.00713986991679 9.96704962178e-05
0.5 1.63859108676 3.61772877898 0.170929446107 0.00558685318858
0.5 2.55226655353 2.89107534856 0.0222994609364 0.000482877001698
0.5 0.87090264706 5.460715461 3.21583770894 0.134538532954
0.5 3.81468573806 2.64052447688 0.00423368783053 4.73270588507e-05
0.5 3.80236003864 2.6435532635 0.00429001333742 4.81973914092e-05
0.5 3.7331174747 2.65995015605 0.00462451099565 5.37097047532e-05
0.5 1.08338024164 4.98052926593 2.65982779209 0.0463492542265
0.5 3.66813005754 2.67447637345 0.00496871217554 5.9494893245e-05
0.5 2.7156138718 2.85302674244 0.017183951914 0.000339009367614
0.5 2.96088425537 2.80549356332 0.0119904689554 0.000206336718069
0.5 2.10188478501 3.0665642387 0.0515309324294 0.00143899781243
0.5 2.11927224918 3.05632574774 0.0496821576536 0.00137458528052
0.5 2.70941128872 2.85435004947 0.0173492214714 0.000343465932742
0.5 1.82304053648 3.31275763949 0.099287071182 0.0031462372886
0.5 2.61677804673 2.87517132011 0.0200739925424 0.000418945819331
0.5 1.60409966547 3.69270886156 0.192243793428 0.00625623124422
0.5 0.903141234346 5.374842459 3.12964206537 0.112626340605
0.5 3.46530320546 2.71560236233 0.00627179328516 8.28954512231e-05
0.5 1.11788396807 4.90989952854 2.52014746637 0.0397155195703
0.5 3.34898654436 2.73712740135 0.00721503727889 0.000101202020699
0.5 2.12629189447 3.05230983883 0.0489604710722 0.00134955047937
0.5 2.34742209764 2.95286856351 0.0318315851714 0.000775492491219
0.5 3.89642129539 2.61950179261 0.00388272235735 4.17860435222e-05
0.5 0.776827091056 5.76579918452 3.54428217167 0.238062043299
0.5 0.69698074487 6.10465386021 3.966404988 0.425416322361
0.5 1.49732818655 3.95860058371 0.290959838877 0.00899588407282
0.5 3.58014391296 2.69300630236 0.00548766263238 6.85572634584e-05
0.5 0.708734625093 6.04998754042 3.89473173449 0.38737248543
0.5 2.85668841507 2.82475098304 0.0139126114717 0.000253662552158
0.5 3.15141333861 2.77195359991 0.00926615164789 0.000143860914769
0.5 3.77968275652 2.64903644935 0.00439611889394 4.99568907695e-05
0.5 3.4073736109 2.72646209587 0.00672078282529 9.14457699032e-05
0.5 0.646120585798 6.35787752858 4.30656794443 0.669748435641
0.5 3.80920278435 2.64187612032 0.0042586284732 4.77265460832e-05
0.5 0.739291438675 5.9154707784 3.72364964646 0.308131050404
0.5 2.35331707411 2.95077704054 0.0314909785634 0.000764611196475
0.5 2.97890528486 2.80225470852 0.0116928670167 0.000199237704195
0.5 0.594909981268 6.63526702856 4.67365699592 1.17097872532
0.5 2.50356507112 2.90402884173 0.0241917358626 0.00053873389358
0.5 3.84578236101 2.63272389448 0.00409564863264 4.51004170245e-05
0.5 1.4799781134 4.00551686479 0.314208120047 0.0095612569142
0.5 0.770851099655 5.78847623061 3.57065206016 0.247687928465
0.5 1.39430482318 4.24263411768 0.48732703751 0.0130298446336
0.5 2.15329568105 3.03746242679 0.0463089196856 0.0012579321925
0.5 2.64629358423 2.8683050336 0.01915022985 0.000393014283599
0.5 1.86612896174 3.2614656576 0.0887962556403 0.00277037613422
0.5 2.17777517902 3.02477333586 0.0440653318756 0.00118115462895
0.5 2.78547758446 2.83862714803 0.0154545581341 0.000293139635632
0.5 1.40936881084 4.2008554135 0.447271129248 0.0123263705296
0.5 2.85891224824 2.82432840947 0.0138676697964 0.000252524835606
0.5 3.63056746583 2.68253441251 0.00518240263558 6.31817473635e-05
0.5 2.6942903141 2.85761033816 0.017760361437 0.000354671816104
0.5 2.1785436349 3.02438624197 0.0439972239944 0.00117883101618
0.5 3.92646524282 2.61133012428 0.00376292894998 3.99508342395e-05
0.5 3.00741014243 2.79717259617 0.0112407251505 0.000188572532869
0.5 2.96377682198 2.80497223739 0.0119421548785 0.000205177702699
0.5 1.06650927825 5.01485534448 2.71627356171 0.0500623630867
0.5 1.45887257845 4.06340422409 0.346635676446 0.0103049956596
0.5 3.67346957234 2.67331139226 0.0049392451055 5.89943237751e-05
0.5 3.59705986389 2.68953498937 0.00538280032693 6.66955537186e-05
0.5 3.43591585859 2.72114965821 0.00649468338541 8.71114561594e-05
0.5 2.35162430627 2.95137531781 0.0315883363669 0.000767717679015
0.5 3.10598171867 2.7798629937 0.00983833692541 0.000156556468141
0.5 3.39224269062 2.7292505244 0.00684465541865 9.38450676321e-05
0.5 1.64623702498 3.60190587397 0.166674471531 0.00544982539989
0.5 1.95751210624 3.17116728449 0.0710504079488 0.00213232374293
0.5 3.601141268 2.68869128326 0.00535787699398 6.62549257309e-05
0.5 3.5871905378 2.69156521257 0.00544367177027 6.77746961456e-05
0.5 3.49850583833 2.70922797086 0.00603138485103 7.84167067211e-05
0.5 2.29283463257 2.97337834906 0.0352242063231 0.00088518156778
0.5 1.49704926061 3.95934897399 0.291312189253 0.00900466304932
0.5 1.10795058651 4.93033841123 2.5644306032 0.0415042026925
0.5 3.69563951474 2.66842187352 0.00481921483481 5.69638611021e-05
0.5 2.37792917212 2.94228289326 0.0301180539198 0.000721040545709
0.5 3.11635696542 2.77805560282 0.00970383665143 0.00015356710086
0.5 2.18320090992 3.02205437278 0.0435873766113 0.00116482260288
0.5 2.33059436329 2.95896663927 0.0328306377711 0.000807488700149
0.5 0.865243620692 5.476623073 3.23197066027 0.13891239618
0.5 1.12854363555 4.88783164775 2.46810549854 0.0378955447907
0.5 1.05110109396 5.04624608504 2.76304246565 0.0537629883721
0.5 3.65203794614 2.67795656848 0.00505890122597 6.10451536025e-05
0.5 1.73222252829 3.44378102941 0.127777500573 0.00414802908765
0.5 1.51344780384 3.91572095656 0.271664511189 0.00850487819949
0.5 2.75628283795 2.8445375898 0.016149210483 0.000311358156451
0.5 1.51811959698 3.90343982195 0.26643992024 0.00836839257232
0.5 3.41215404977 2.72557723867 0.00668223576848 9.07026732828e-05
0.5 2.95484638092 2.80658368498 0.0120923350668 0.000208748924679
0.5 2.41481050463 2.93022281547 0.0282016785031 0.000661063608684
0.5 3.99698981071 2.59109392326 0.00349939004902 3.59927766839e-05
0.5 0.586784201005 6.68103046345 4.73214566346 1.28850778107
0.5 1.34796579378 4.36923111424 0.653832750183 0.0155023989814
0.5 2.23346600758 2.99834226664 0.0394648381988 0.0010256042848
0.5 3.68838341456 2.67003208467 0.00485809333451 5.76197288319e-05
0.5 1.06523529728 5.01744767211 2.72029708085 0.0503567050154
0.5 3.77418795395 2.65034766076 0.00442232229208 5.03823187803e-05
0.5 1.12089065189 4.90369074118 2.50597079551 0.0391920213694
0.5 0.709404108583 6.04692149503 3.89074417886 0.385350733669
0.5 0.861405748063 5.48756619448 3.24311202349 0.141980371922
0.5 0.707292508118 6.05660991303 3.90335584744 0.391777895899
0.5 1.34043399282 4.38940073396 0.689122050352 0.0159535220741
0.5 3.46179805149 2.71626857095 0.00629786814038 8.33852874263e-05
0.5 2.37555270828 2.94308687911 0.0302472011824 0.000725121220437
0.5 1.80406558873 3.33741620282 0.10445027846 0.00333012082482
0.5 3.2465759779 2.75534007033 0.00819767636155 0.000121088929556
0.5 1.59927923947 3.70365199079 0.195531733927 0.0063569530172
0.5 2.16432725071 3.0316570834 0.0452798148769 0.00122268741575
0.5 2.95232269865 2.80704011359 0.0121353088871 0.000209782230415
0.5 2.05581309258 3.09587815419 0.0568882500104 0.00162720733437
0.5 2.50368211026 2.90399661516 0.0241869474377 0.000538590872509
0.5 3.13391508164 2.77499832666 0.00948142491524 0.000148658030299
0.5 0.771156087991 5.7873083618 3.56928686934 0.247184373695
0.5 3.77508073757 2.65013500654 0.00441805152516 5.03129098578e-05
0.5 1.63869275549 3.61751646467 0.170871834209 0.00558500565858
0.5 1.10379236335 4.93886323236 2.58189436953 0.04228083078
0.5 3.86029402279 2.62900256289 0.00403316187248 4.41219853824e-05
0.5 1.01503939921 5.12053039717 2.86022773042 0.0637645332076
0.5 2.12300500551 3.054182194 0.0492966707836 0.00136121629421
0.5 2.77592856659 2.84054463473 0.0156774728862 0.000298976482253
0.5 1.44736106665 4.09524602056 0.366595031444 0.010738680016
0.5 2.7880667732 2.83810972975 0.0153948088597 0.00029158332371
0.5 3.10377472464 2.78024801606 0.00986723516472 0.000157201056271
0.5 3.2421080701 2.75612439717 0.00824426621567 0.000122059773646
0.5 2.80378521989 2.83499095664 0.0150383174177 0.000282346198746
0.5 1.2899514851 4.52055103352 1.01464254185 0.0194006787701
0.5 2.90969045679 2.81482808792 0.0128897156588 0.000228094781612
0.5 3.08505081796 2.78351513931 0.0101167636793 0.000162741003222
0.5 1.41278503817 4.19136030931 0.438912323964 0.0121730214066
0.5 3.59271730921 2.69043003493 0.00540947831204 6.71679744463e-05
0.5 1.01898887931 5.11230548236 2.85020400963 0.0625675515654
0.5 2.06686980522 3.08853682145 0.0555379873956 0.0015795667703
0.5 1.60934012114 3.68093854616 0.188761215341 0.00614875651257
0.5 2.3234626088 2.96160940824 0.0332662486903 0.000821533265231
0.5 0.787213201181 5.72739732082 3.50030374211 0.222469022685
0.5 2.11100898664 3.06113896378 0.0505497245004 0.00140477150735
0.5 2.58179372063 2.883633163 0.0212437609056 0.000452335781818
0.5 1.99736227158 3.13830209203 0.0647988753523 0.001908406088
0.5 0.608964422758 6.55721584206 4.5723425039 0.994792782337
0.5 3.1005461453 2.78081136668 0.00990971778143 0.000158149584094
0.5 2.91521980725 2.81380940019 0.012788558656 0.000225616443794
0.5 0.575001379708 6.7482417681 4.81677318267 1.47786916779
0.5 2.2990811171 2.97092090913 0.0348130294441 0.000871738241137
0.5 2.19529674038 3.01610966798 0.0425459304972 0.0011294230099
0.5 1.50738291549 3.93176579264 0.278685807101 0.00868591261469
0.5 3.06325901225 2.7873277201 0.0104174424991 0.000169570839173
0.5 2.85097831175 2.8258387366 0.0140288546961 0.000256546369291
0.5 2.08099943506 3.07944335127 0.0538731631191 0.00152101162573
0.5 2.16504186134 3.03128603402 0.0452141863368 0.00122043838369
0.5 1.60499611866 3.6906859519 0.191641360375 0.00623770276513
0.5 0.829218627703 5.58464157329 3.34389997427 0.171368613052
0.5 3.24796995821 2.75509562187 0.00818320365778 0.000120787847667
0.5 1.58745329348 3.73096991897 0.203960288906 0.0066121009293
0.5 3.00555297522 2.79750234283 0.0112694995147 0.000189246572243
0.5 2.09793487884 3.06895004418 0.0519634752947 0.00145411328263
0.5 1.72129420664 3.46192026045 0.131952263814 0.00429188659889
0.5 3.89092401507 2.6209698679 0.00390515609214 4.21322567715e-05
0.5 0.748257417249 5.87814938529 3.67776491511 0.289116515065
0.5 3.74536114812 2.65712365642 0.00456304477871 5.26843246743e-05
0.5 2.21934922455 3.00474405969 0.0405694627639 0.00106266445364
0.5 2.02293297998 3.11895750588 0.0611692499854 0.00177902221663
0.5 1.87071414964 3.25636672147 0.087770645239 0.00273352957242
0.5 0.721074556958 5.99431992488 3.82292513155 0.352338956078
0.5 2.36998873989 2.94498266638 0.0305523705359 0.00073477429316
0.5 3.00738021564 2.79717790837 0.0112411880833 0.000188583371089
0.5 2.78682169931 2.83835842098 0.0154235041253 0.000292330506115
0.5 3.93130148711 2.60999066429 0.0037440804905 3.96642093919e-05
0.5 3.49052276144 2.71077144579 0.00608811051959 7.94674864869e-05
0.5 1.09074027739 4.96553314662 2.63309643027 0.0448314106117
0.5 2.29924445337 2.97085708934 0.0348023612557 0.000871390376308
0.5 3.41035907514 2.7259097117 0.00669667695324 9.09808664055e-05
0.5 2.15248578149 3.03789439604 0.046385673047 0.00126057391024
0.5 2.7641981494 2.84292085949 0.0159569218802 0.000306286903649
0.5 2.63957320544 2.8698476338 0.019355706167 0.0003987224453
0.5 3.7050412245 2.66632159065 0.00476941841586 5.61266608534e-05
0.5 0.796179767551 5.69526945659 3.4641452246 0.210062401966
0.5 2.06841853377 3.08752454026 0.0553522443122 0.00157302316301
0.5 1.98862049029 3.14521713709 0.0661053832123 0.00195513262926
0.5 0.939174203259 5.28695392339 3.04136992005 0.0930817007494
0.5 3.57080399616 2.69490577355 0.00554665982091 6.96104170625e-05
0.5 2.32800341953 2.95992263394 0.0329880376061 0.000812558429708
0.5 3.08495573755 2.7835317483 0.0101180512326 0.000162770008129
0.5 3.71736734341 2.66354284332 0.00470511550517 5.50503857744e-05
0.5 3.61553687871 2.68569570192 0.00527111708786 6.47254066982e-05
0.5 2.63497780665 2.87090947542 0.0194978431303 0.000402706843927
0.5 1.19249235815 4.75098584108 2.01668154879 0.0288137108251
