10.0 1.22672379221 1.20981922689 0.933344504076 0.694753663242
10.0 3.2369719568 0.786322350954 0.495411087913 0.290542416536
10.0 2.62414612936 0.87547103612 0.586435616663 0.369015162332
10.0 1.71110153537 1.06135746179 0.779125667437 0.546268987164
10.0 1.91497994909 1.01187598526 0.727683248569 0.497820296599
10.0 2.06051818439 0.979885886736 0.694452332564 0.466905058026
10.0 3.06432365855 0.809472028115 0.518882319379 0.310355698866
10.0 1.61168245089 1.08782423097 0.80664587799 0.572444598452
10.0 0.970373155738 1.31622698445 1.04346877024 0.802784168417
10.0 3.35495359202 0.7712527385 0.480210981248 0.277885452952
10.0 3.9401868721 0.704045056061 0.413399089169 0.224048392201
10.0 1.34974025158 1.1668631498 0.8887740114 0.651435773838
10.0 1.9805128707 0.997159768175 0.712393047586 0.483554664308
10.0 2.10549308856 0.970487216123 0.684697592654 0.457892826855
10.0 2.78125845725 0.850634835474 0.560921274248 0.34659438138
10.0 3.35753729518 0.770929106204 0.479885335353 0.277615746957
10.0 1.63859108676 1.08049279534 0.799022437869 0.565177387831
10.0 2.55226655353 0.8873715121 0.598691840676 0.379891848696
10.0 0.87090264706 1.36578939849 1.0946072171 0.853317123145
10.0 3.81468573806 0.717513481638 0.426640529914 0.234469792946
10.0 3.80236003864 0.718861927268 0.427970452208 0.235523750954
10.0 3.7331174747 0.726524144749 0.435543994167 0.241549637433
10.0 1.08338024164 1.26604497332 0.991587466457 0.751736009575
10.0 3.66813005754 0.73385549163 0.442813275515 0.247371556317
10.0 2.7156138718 0.860824007143 0.571376989382 0.355745831166
10.0 2.96088425537 0.824021718336 0.533701919434 0.323025375625
10.0 2.10188478501 0.97123326028 0.685471943777 0.458607027857
10.0 2.11927224918 0.967650477445 0.681754316389 0.455179739007
10.0 2.70941128872 0.861800354849 0.572379714494 0.356626306104
10.0 1.82304053648 1.03345558951 0.750114570703 0.518863955872
10.0 2.61677804673 0.876674775837 0.587674426579 0.370111452425
10.0 1.60409966547 1.08991400629 0.808818761279 0.574518047521
10.0 0.903141234346 1.34909952044 1.07739879791 0.836291151609
10.0 3.46530320546 0.757663383079 0.466565905931 0.266644416336
10.0 1.11788396807 1.2518197808 0.9768634795 0.737295388037
10.0 3.34898654436 0.772001544014 0.480964444245 0.278509388302
10.0 2.12629189447 0.966213110184 0.680262693372 0.45380621944
10.0 2.34742209764 0.923365537564 0.635864435099 0.413263447291
10.0 3.89642129539 0.708688953607 0.417955474923 0.227619403154
10.0 0.776827091056 1.41847923202 1.14886135635 0.907113891219
10.0 0.69698074487 1.46874710821 1.20051435356 0.95847253397
10.0 1.49732818655 1.12051072649 0.840623816977 0.604977432973
10.0 3.58014391296 0.744005155943 0.452914130671 0.255520878393
10.0 0.708734625093 1.46097982995 1.19253922191 0.950535503395
10.0 2.85668841507 0.839240602865 0.549251744093 0.336442811824
10.0 3.15141333861 0.797623824944 0.506852679955 0.300160805389
10.0 3.77968275652 0.721354757329 0.430431656666 0.237477530035
10.0 3.4073736109 0.764738418243 0.473662445156 0.272475873518
10.0 0.646120585798 1.50401798483 1.23669436825 0.994513252869
10.0 3.80920278435 0.71811278139 0.427231490071 0.234937973628
10.0 0.739291438675 1.44140057544 1.172426914 0.930529995999
10.0 2.35331707411 0.922283357361 0.634744985019 0.412250351074
10.0 2.97890528486 0.821448249143 0.531076725208 0.320772772099
10.0 0.594909981268 1.54259159727 1.27620884904 1.0339255092
10.0 2.50356507112 0.895640535773 0.607219313244 0.38749710144
10.0 3.84578236101 0.714132687267 0.423308762686 0.23183529969
10.0 1.4799781134 1.12570140216 0.846017888979 0.610162643143
10.0 0.770851099655 1.42205017628 1.15253334769 0.910761186541
10.0 1.39430482318 1.1523200509 0.873672880814 0.636823846863
10.0 2.15329568105 0.960730817561 0.674575489183 0.448574741222
10.0 2.64629358423 0.871874683233 0.582735280858 0.365744762621
10.0 1.86612896174 1.02320066696 0.739453900175 0.50884572486
10.0 2.17777517902 0.955824452432 0.66948660243 0.443902995711
10.0 2.78547758446 0.849988817511 0.560259024607 0.346016385204
10.0 1.40936881084 1.14751593312 0.868682136978 0.632003449249
10.0 2.85891224824 0.838909456092 0.548912888786 0.336149311893
10.0 3.63056746583 0.738156167237 0.447088577803 0.250812323767
10.0 2.6942903141 0.864190763217 0.574835564893 0.358784163354
10.0 2.1785436349 0.955671419212 0.669327745013 0.443757397485
10.0 3.92646524282 0.705495034317 0.414820711979 0.22516089263
10.0 3.00741014243 0.817411051566 0.526962584153 0.317249494721
10.0 2.96377682198 0.823607467727 0.533279658322 0.322662509742
10.0 1.06650927825 1.27317500565 0.998965953481 0.758980525339
10.0 1.45887257845 1.13210339351 0.852671038605 0.616564413097
10.0 3.67346957234 0.733247745736 0.442210128 0.246887004739
10.0 3.59705986389 0.742033167763 0.45094866499 0.253929647838
10.0 3.43591585859 0.761236464738 0.470147700461 0.269583720051
10.0 2.35162430627 0.922593831189 0.635065884921 0.412540941922
10.0 3.10598171867 0.803760270921 0.513078995465 0.305426762376
10.0 3.39224269062 0.766607944165 0.475540180358 0.274024174158
10.0 1.64623702498 1.07843273215 0.796880663621 0.563137420318
10.0 1.95751210624 1.00226469248 0.717696279697 0.488495260383
10.0 3.601141268 0.741558821307 0.45047606729 0.253547467553
10.0 3.5871905378 0.743182506327 0.452094052778 0.254856584992
10.0 3.49850583833 0.753664994956 0.462562798162 0.263369832703
10.0 2.29283463257 0.933526983104 0.646382528946 0.422803947296
10.0 1.49704926061 1.12059346868 0.840710052448 0.605060735227
10.0 1.10795058651 1.25586687681 0.981053335085 0.741402439839
10.0 3.69563951474 0.73073506881 0.439716769985 0.244887191133
10.0 2.37792917212 0.917796247276 0.630104248332 0.408055885865
10.0 3.11635696542 0.802350360938 0.511647915825 0.304214431032
10.0 2.18320090992 0.954744764278 0.668367299883 0.442876401401
10.0 2.33059436329 0.926471003327 0.63907783751 0.416173892816
10.0 0.865243620692 1.36878592168 1.0976960911 0.856374639034
10.0 1.12854363555 1.24751949475 0.972410179493 0.732931815739
10.0 1.05110109396 1.27979235272 1.00581089275 0.765706477057
10.0 3.65203794614 0.735692100274 0.444638260634 0.248838679218
10.0 1.73222252829 1.05594689488 0.773499125967 0.54093806273
10.0 1.51344780384 1.11574488078 0.83567086871 0.600221413032
10.0 2.75628283795 0.854480693221 0.564865587446 0.350040974637
10.0 1.51811959698 1.11437380714 0.834245774586 0.598853932081
10.0 3.41215404977 0.764149813317 0.473071309343 0.271988635381
10.0 2.95484638092 0.824887757449 0.534585677032 0.323784401171
10.0 2.41481050463 0.911164208062 0.623249122892 0.401874892945
10.0 3.99698981071 0.698099502007 0.407580372494 0.219511082936
10.0 0.586784201005 1.54902994958 1.28279764 1.04050230846
10.0 1.34796579378 1.16745279538 0.8893863545 0.652028674591
10.0 2.23346600758 0.94487847503 0.658140308598 0.433517467966
10.0 3.68838341456 0.731555725233 0.440530714418 0.24553959762
10.0 1.06523529728 1.27371801957 0.999527978162 0.759532391905
10.0 3.77418795395 0.721961231881 0.431030819025 0.237953828723
10.0 1.12089065189 1.25060213561 0.975602798388 0.7360600214
10.0 0.709404108583 1.46054064101 1.19208928825 0.950087243426
10.0 0.861405748063 1.37082976591 1.09980306699 0.858460902345
10.0 0.707292508118 1.46192556611 1.19351051556 0.951501442515
10.0 1.34043399282 1.1699645946 0.891994412556 0.654555321516
10.0 3.46179805149 0.758087855084 0.466991133687 0.266993094893
10.0 2.37555270828 0.918227356653 0.630550089973 0.408458304311
10.0 1.80406558873 1.03805452798 0.754895697487 0.52336586682
10.0 3.2465759779 0.785073886059 0.494149255153 0.289486544464
10.0 1.59927923947 1.09124778149 0.810205733694 0.575841993619
10.0 2.16432725071 0.958512454134 0.672274116052 0.446461188108
10.0 2.95232269865 0.825250296392 0.53495579803 0.324102431342
10.0 2.05581309258 0.980881468283 0.695486493563 0.467861835291
10.0 2.50368211026 0.895620462785 0.607198629623 0.387478499228
10.0 3.13391508164 0.799975893005 0.509238419779 0.302175826929
10.0 0.771156087991 1.42186708408 1.15234525898 0.910574342734
10.0 3.77508073757 0.721862627724 0.430933397482 0.237876364743
10.0 1.63869275549 1.08046537481 0.798993905533 0.565150083545
10.0 1.10379236335 1.25757236878 0.982819140962 0.743133448555
10.0 3.86029402279 0.712564693775 0.421765577911 0.230617868288
10.0 1.01503939921 1.29568918906 1.02224778914 0.78187567045
10.0 2.12300500551 0.966885482874 0.680960660936 0.454448738461
10.0 2.77592856659 0.85145252132 0.561759763472 0.347326362739
10.0 1.44736106665 1.13563684608 0.856343011423 0.620100538508
10.0 2.7880667732 0.849592914609 0.559853135662 0.345662453786
10.0 3.10377472464 0.80406080622 0.513384160797 0.305685405931
10.0 3.2421080701 0.785654212873 0.494735640684 0.289977146201
10.0 2.80378521989 0.847197900364 0.557398537143 0.343522731854
10.0 1.2899514851 1.18719738095 0.909879461782 0.67191351662
10.0 2.90969045679 0.831425920102 0.541261384201 0.329532478905
10.0 3.08505081796 0.806619921731 0.515983368606 0.307891251699
10.0 1.41278503817 1.14643410561 0.867558632568 0.630918336413
10.0 3.59271730921 0.742538387787 0.451452083537 0.254336986214
10.0 1.01898887931 1.29391961163 1.02041809324 0.780074413555
10.0 2.06686980522 0.978545328814 0.693061235678 0.465617430055
10.0 1.60934012114 1.0884686694 0.807315861437 0.573083909211
10.0 2.3234626088 0.927794102044 0.640447259177 0.417415427321
10.0 0.787213201181 1.41234213009 1.14254790618 0.900844986644
10.0 2.11100898664 0.969349088997 0.683516859421 0.456804294446
10.0 2.58179372063 0.882440075159 0.593610489969 0.375374441887
10.0 1.99736227158 0.993460506249 0.708550217947 0.479980090142
10.0 0.608964422758 1.53167060843 1.26502664281 1.02276807378
10.0 3.1005461453 0.804500766182 0.513831058655 0.306064468832
10.0 2.91521980725 0.830619281934 0.540437528539 0.328821838096
10.0 0.575001379708 1.55853282528 1.29252090678 1.05020900946
10.0 2.2990811171 0.932351257784 0.645165172561 0.421697582973
10.0 2.19529674038 0.952348694642 0.665882628123 0.440599496255
10.0 1.50738291549 1.11753136861 0.83752805523 0.602003990674
10.0 3.06325901225 0.809619128096 0.519031870782 0.310482988164
10.0 2.85097831175 0.84009185129 0.550122611176 0.337198084768
10.0 2.08099943506 0.975578474955 0.68998188762 0.462770790758
10.0 2.16504186134 0.958369132362 0.672125691078 0.446324690203
10.0 1.60499611866 1.08966638481 0.808561181726 0.574272331961
10.0 0.829218627703 1.38835908999 1.11786090267 0.876353541495
10.0 3.24796995821 0.784892967048 0.493966442339 0.289333633447
10.0 1.58745329348 1.09453862937 0.813626803899 0.579109740459
10.0 3.00555297522 0.817673123507 0.52722926774 0.317477588336
10.0 2.09793487884 0.972051524936 0.686321202566 0.459390449775
10.0 1.72129420664 1.05873774908 0.776401185051 0.543686790773
10.0 3.89092401507 0.709276216853 0.41853233539 0.228072760549
10.0 0.748257417249 1.43581649416 1.16668735893 0.924824851796
10.0 3.74536114812 0.725158325805 0.434192116456 0.240471089919
10.0 2.21934922455 0.947625376746 0.660986860003 0.436118912324
10.0 2.02293297998 0.98790926797 0.702784740627 0.474625623763
10.0 1.87071414964 1.02212392002 0.738335209394 0.507796060301
10.0 0.721074556958 1.45296857332 1.1843113137 0.942349403248
10.0 2.36998873989 0.919238330762 0.631595517454 0.409402953189
10.0 3.00738021564 0.817415293473 0.526966880027 0.317253168654
10.0 2.78682169931 0.849783253239 0.560048376943 0.34583266368
10.0 3.93130148711 0.704983341915 0.414318813264 0.224768037258
10.0 3.49052276144 0.75462255835 0.463521213198 0.264152777849
10.0 1.09074027739 1.26297049993 0.988406199042 0.748614357653
10.0 2.29924445337 0.932320669696 0.645133384495 0.421668612207
10.0 3.41035907514 0.764370601253 0.473293153414 0.272171432278
10.0 2.15248578149 0.960894226989 0.674744897706 0.448730219567
10.0 2.7641981494 0.853258017464 0.56361103991 0.348944163253
10.0 2.63957320544 0.872962478992 0.583854307205 0.366733222827
10.0 3.7050412245 0.729674398083 0.438664877434 0.244044871617
10.0 0.796179767551 1.40711127947 1.13716601243 0.895502669163
10.0 2.06841853377 0.978219152551 0.692722148733 0.465304205683
10.0 1.98862049029 0.995375157026 0.710539483379 0.481829914578
10.0 0.939174203259 1.33117305626 1.05890068229 0.818013145222
10.0 3.57080399616 0.745098336237 0.454004349601 0.25640438891
10.0 2.32800341953 0.926950895622 0.63957478322 0.416624435446
10.0 3.08495573755 0.806632909867 0.515996727919 0.307902501862
10.0 3.71736734341 0.728288225455 0.43729113358 0.242945708563
10.0 3.61553687871 0.739890541577 0.448814620536 0.252205031804
10.0 2.63497780665 0.873707925781 0.58462136717 0.3674111048
10.0 1.19249235815 1.22258849247 0.946582002115 0.707670321697
