5.0 1.22672379221 1.97160748036 1.29830205754 0.829729702293
5.0 3.2369719568 1.23339970735 0.506687230509 0.199577615712
5.0 2.62414612936 1.38812302985 0.663692778074 0.300162239783
5.0 1.71110153537 1.71063442089 1.01307738683 0.572601780458
5.0 1.91497994909 1.6244332987 0.918629947068 0.493342507921
5.0 2.06051818439 1.56887531985 0.857941652634 0.444407093737
5.0 3.06432365855 1.27372569101 0.546310205657 0.223491993365
5.0 1.61168245089 1.75689030132 1.0637884673 0.616545969577
5.0 0.970373155738 2.16101300562 1.50309498482 1.0254081558
5.0 3.35495359202 1.20705664255 0.481426120584 0.184869124659
5.0 3.9401868721 1.08822815046 0.374953323531 0.127599109345
5.0 1.34974025158 1.8957118033 1.21564677188 0.752970230686
5.0 1.9805128707 1.59886114595 0.890669123988 0.470588286194
5.0 2.10549308856 1.55257666733 0.840186700762 0.430413268676
5.0 2.78125845725 1.3451366616 0.618855921663 0.269879061751
5.0 3.35753729518 1.20649008241 0.480888557329 0.184560731751
5.0 1.63859108676 1.74406463386 1.04973007526 0.604274316451
5.0 2.55226655353 1.40870961462 0.685408602481 0.315260355067
5.0 0.87090264706 2.24991962809 1.59845029079 1.11848166244
5.0 3.81468573806 1.1122591946 0.3953928786 0.137986253407
5.0 3.80236003864 1.11465789566 0.397465590943 0.139055993529
5.0 3.7331174747 1.12826763833 0.409333932912 0.145239239894
5.0 1.08338024164 2.07143765828 1.4065196078 0.932296512496
5.0 3.66813005754 1.14125522742 0.420828377011 0.151320581885
5.0 2.7156138718 1.36277682697 0.637165205468 0.282099332304
5.0 2.96088425537 1.29900279249 0.571670960581 0.239332408978
5.0 2.10188478501 1.55387035069 0.841594705211 0.431517509543
5.0 2.11927224918 1.54765977541 0.834836382172 0.426225571649
5.0 2.70941128872 1.36446679883 0.63892624877 0.283285325461
5.0 1.82304053648 1.6619828522 0.959750617851 0.527411590893
5.0 2.61677804673 1.39020575835 0.665882762087 0.301672487687
5.0 1.60409966547 1.76054741208 1.06779650875 0.620056943756
5.0 0.903141234346 2.21993212335 1.56634445917 1.08703320834
5.0 3.46530320546 1.18322497727 0.459045074244 0.172190738035
5.0 1.11788396807 2.04612853248 1.37914055491 0.906153247084
5.0 3.34898654436 1.20836703271 0.482670209899 0.18558353605
5.0 2.12629189447 1.54516807979 0.832126490085 0.424109817638
5.0 2.34742209764 1.47096919849 0.751857032531 0.363127602877
5.0 3.89642129539 1.09652843502 0.381945560895 0.131119546374
5.0 0.776827091056 2.34491117014 1.6997956758 1.21836128657
5.0 0.69698074487 2.43598688699 1.79646238884 1.31433647299
5.0 1.49732818655 1.81417251516 1.12653113288 0.672100565763
5.0 3.58014391296 1.15918555884 0.436959742147 0.160008935645
5.0 0.708734625093 2.42188437728 1.78152530085 1.29946950713
5.0 2.85668841507 1.32539775923 0.598535619468 0.256555428231
5.0 3.15141333861 1.25310622999 0.525914692026 0.211054091705
5.0 3.77968275652 1.11908977889 0.401310229799 0.141048193688
5.0 3.4073736109 1.19564259531 0.470648260391 0.178722134932
5.0 0.646120585798 2.50014704356 1.86428273271 1.38199115816
5.0 3.80920278435 1.11332526509 0.396313436795 0.138460974139
5.0 0.739291438675 2.38638519863 1.74387527797 1.26205141497
5.0 2.35331707411 1.46909665532 0.749844293341 0.361642026599
5.0 2.97890528486 1.29453505169 0.567161050402 0.236485513126
5.0 0.594909981268 2.57055807906 1.93845828742 1.45622358078
5.0 2.50356507112 1.42301232612 0.700577483385 0.325969521694
5.0 3.84578236101 1.10623864454 0.390216259816 0.135327773156
5.0 1.4799781134 1.82328567456 1.13650472561 0.681041394436
5.0 0.770851099655 2.35136551063 1.70666261289 1.22515728228
5.0 1.39430482318 1.87008997863 1.18767408101 0.727359135177
5.0 2.15329568105 1.53566667488 0.821799344654 0.416079938569
5.0 2.64629358423 1.38190065819 0.657157921119 0.295673684718
5.0 1.86612896174 1.64413053431 0.940193322605 0.511121065615
5.0 2.17777517902 1.52716546458 0.812569908642 0.40894787788
5.0 2.78547758446 1.3440178886 0.61769938072 0.26911393714
5.0 1.40936881084 1.86163406869 1.17843551605 0.718943905617
5.0 2.85891224824 1.32482410331 0.597947872253 0.256173931635
5.0 3.63056746583 1.14886002962 0.42763364954 0.154964081695
5.0 2.6942903141 1.36860398596 0.643241946504 0.286199819534
5.0 2.1785436349 1.52690030377 0.812282178825 0.408726168705
5.0 3.92646524282 1.09082140034 0.377130285406 0.128691546434
5.0 3.00741014243 1.28752395214 0.560107202202 0.232058701095
5.0 2.96377682198 1.29828375164 0.570944372542 0.238872902572
5.0 1.06650927825 2.08413934383 1.42024381259 0.945446201278
5.0 1.45887257845 1.83453202398 1.14880843594 0.692111088247
5.0 3.67346957234 1.14018011568 0.419870708455 0.150810410126
5.0 3.59705986389 1.15570635621 0.433806296907 0.158296445279
5.0 3.43591585859 1.18949915991 0.464891875294 0.175470550351
5.0 2.35162430627 1.46963402369 0.750421622493 0.362067982087
5.0 3.10598171867 1.26378999391 0.536448171407 0.217444033614
5.0 3.39224269062 1.19891957444 0.47373204833 0.180472867136
5.0 1.64623702498 1.74046280712 1.04578167799 0.600840061467
5.0 1.95751210624 1.60772909036 0.900360645347 0.478435610954
5.0 3.601141268 1.15486929401 0.43304921498 0.157886335031
5.0 3.5871905378 1.1577343255 0.435643028304 0.159292981184
5.0 3.49850583833 1.17619770251 0.452536281244 0.168566313754
5.0 2.29283463257 1.48855524302 0.770795870316 0.377212366182
5.0 1.49704926061 1.81431808859 1.1266904957 0.67224317016
5.0 1.10795058651 2.05332581638 1.38692981811 0.913578898267
5.0 3.69563951474 1.13573156058 0.415919990129 0.148712456821
5.0 2.37792917212 1.46133347228 0.741508044481 0.355512395585
5.0 3.11635696542 1.26133613386 0.534022402136 0.215966088857
5.0 2.18320090992 1.52529509972 0.810541049195 0.407385641837
5.0 2.33059436329 1.47634251004 0.757637241899 0.367406047111
5.0 0.865243620692 2.25530857706 1.60421524348 1.12413825054
5.0 1.12854363555 2.0384832603 1.37086318056 0.898273048451
5.0 1.05110109396 2.09593377864 1.43297923531 0.957675162949
5.0 3.65203794614 1.14450419049 0.423729035424 0.152869723726
5.0 1.73222252829 1.70119009015 1.00272378917 0.563742123947
5.0 1.51344780384 1.80580973487 1.11737702266 0.663919448831
5.0 2.75628283795 1.35179592199 0.62575203896 0.274458027948
5.0 1.51811959698 1.80340529279 1.11474323975 0.661570596539
5.0 3.41215404977 1.19461016447 0.469678622884 0.178172901023
5.0 2.95484638092 1.30050602752 0.573190852014 0.240294701942
5.0 2.41481050463 1.44986176976 0.729214709804 0.346542546339
5.0 3.99698981071 1.07757816729 0.366087962006 0.123185460765
5.0 0.586784201005 2.58233342812 1.95083849308 1.46863435448
5.0 1.34796579378 1.89675124261 1.21678102914 0.754013048063
5.0 2.23346600758 1.50820689941 0.792026857316 0.393228225337
5.0 3.68838341456 1.1371847453 0.417208529334 0.14939551721
5.0 1.06523529728 2.08510717697 1.42128932821 0.946449122594
5.0 3.77418795395 1.12016729608 0.402247977404 0.141535672654
5.0 1.12089065189 2.04396398173 1.37679760424 0.903921607699
5.0 0.709404108583 2.42108890034 1.78068235298 1.29863048752
5.0 0.861405748063 2.25898516982 1.60814720288 1.12799912678
5.0 0.707292508118 2.42360066591 1.7833439301 1.30127852915
5.0 1.34043399282 1.90118082853 1.22161261943 0.758458048119
5.0 3.46179805149 1.1839706221 0.459738165505 0.172578344075
5.0 2.37555270828 1.46207924481 0.742308297214 0.356099180275
5.0 1.80406558873 1.66999305382 0.968528759075 0.534773515984
5.0 3.2465759779 1.23121983385 0.504577670032 0.198333119521
5.0 1.59927923947 1.76288259944 1.07035529899 0.622300837722
5.0 2.16432725071 1.53182267412 0.817624632065 0.412848785589
5.0 2.95232269865 1.30113528148 0.573827435492 0.24069819673
5.0 2.05581309258 1.57060308266 0.859825357125 0.445900302333
5.0 2.50368211026 1.42297762579 0.700540569243 0.325943284407
5.0 3.13391508164 1.2572026171 0.529944645126 0.213490382205
5.0 0.771156087991 2.35103496924 1.70631083573 1.2248095882
5.0 3.77508073757 1.11999211275 0.40209545034 0.141456341102
5.0 1.63869275549 1.74401661549 1.04967744064 0.60422849884
5.0 1.10379236335 2.05635961545 1.39021265991 0.916711797767
5.0 3.86029402279 1.10344428049 0.387826168919 0.134106647631
5.0 1.01503939921 2.12429981333 1.46357368461 0.987147451326
5.0 2.12300500551 1.5463336484 0.833393934616 0.42509901812
5.0 2.77592856659 1.34655261337 0.620320515284 0.270849080697
5.0 1.44736106665 1.84074312184 1.15560012012 0.698240560283
5.0 2.7880667732 1.34333215109 0.616990566372 0.268645605472
5.0 3.10377472464 1.26431306485 0.536965731341 0.217759862167
5.0 3.2421080701 1.23223299015 0.505557945505 0.198911002399
5.0 2.80378521989 1.33918374159 0.612708149048 0.265821477702
5.0 1.2899514851 1.93159843998 1.25476664301 0.78911060177
5.0 2.90969045679 1.31184933354 0.584699756557 0.247628997775
5.0 3.08505081796 1.26876509441 0.541378782226 0.220459886673
5.0 1.41278503817 1.85973017431 1.17635507559 0.717051870849
5.0 3.59271730921 1.15659803433 0.43461341804 0.158734078972
5.0 1.01898887931 2.12113879116 1.46016720964 0.983859754041
5.0 2.06686980522 1.56654994688 0.855406802448 0.442400012997
5.0 1.60934012114 1.75801785892 1.06502454875 0.617627957395
5.0 2.3234626088 1.47863261764 0.760102483491 0.369236149834
5.0 0.787213201181 2.3338215769 1.68799171203 1.20668520223
5.0 2.11100898664 1.55060413625 0.838039874378 0.428731386815
5.0 2.58179372063 1.4001792371 0.676392667773 0.308958329131
5.0 1.99736227158 1.59243664925 0.88365145563 0.464932264065
5.0 0.608964422758 2.55059710313 1.91745592025 1.43518383456
5.0 3.1005461453 1.26507869442 0.537723849016 0.21822279971
5.0 2.91521980725 1.31045100393 0.583276875038 0.246717720058
5.0 0.575001379708 2.59972685893 1.96911340155 1.48696176094
5.0 2.2990811171 1.48651991043 0.768600719173 0.375569977167
5.0 2.19529674038 1.52114413108 0.806039489032 0.403927197108
5.0 1.50738291549 1.80894474312 1.12080858819 0.666983580454
5.0 3.06325901225 1.27398140718 0.54656485747 0.223648995019
5.0 2.85097831175 1.32687300712 0.600047696549 0.257538289401
5.0 2.08099943506 1.5614050014 0.849800462619 0.437971970061
5.0 2.16504186134 1.53157432576 0.817355009213 0.412640435123
5.0 1.60499611866 1.76011410877 1.06732175715 0.619640572497
5.0 0.829218627703 2.29054945419 1.64186434047 1.16116048214
5.0 3.24796995821 1.23090401369 0.504272252251 0.198153201533
5.0 1.58745329348 1.76864391041 1.07666819788 0.627847174994
5.0 3.00555297522 1.28797844252 0.560563820515 0.232344306256
5.0 2.09793487884 1.55528901822 0.843139140887 0.432729941688
5.0 1.72129420664 1.70606114122 1.00806328445 0.568306222516
5.0 3.89092401507 1.09757699621 0.382834099034 0.131569306589
5.0 0.748257417249 2.37627288434 1.73313637028 1.25139534264
5.0 3.74536114812 1.1258442941 0.40720725422 0.14412390498
5.0 2.21934922455 1.51296335731 0.797175665232 0.397147539772
5.0 2.02293297998 1.58279926874 0.873129944669 0.456495489334
5.0 1.87071414964 1.64225768291 0.938142215454 0.509421717124
5.0 0.721074556958 2.40735126508 1.76612024398 1.28414847066
5.0 2.36998873989 1.46382853798 0.744185955739 0.35747728763
5.0 3.00738021564 1.28753127758 0.560114557005 0.232063300312
5.0 2.78682169931 1.34366179704 0.617331411562 0.268870691504
5.0 3.93130148711 1.08990649153 0.376361416232 0.128305378514
5.0 3.49052276144 1.17788151479 0.454091895946 0.169430109685
5.0 1.09074027739 2.0659648755 1.40060291085 0.926636918601
5.0 2.29924445337 1.48646677838 0.768543402136 0.375527142446
5.0 3.41035907514 1.19499760577 0.470042477003 0.178378906612
5.0 2.15248578149 1.53594974682 0.822106777296 0.416318323176
5.0 2.7641981494 1.34967860993 0.623557396706 0.272997622529
5.0 2.63957320544 1.38378295017 0.659133338517 0.297027752427
5.0 3.7050412245 1.1338526087 0.414256935709 0.147832495556
5.0 0.796179767551 2.32437586588 1.67793231319 1.19674245255
5.0 2.06841853377 1.56598423494 0.854790050674 0.441912299897
5.0 1.98862049029 1.59576220025 0.887283839517 0.467857112211
5.0 0.939174203259 2.18777831984 1.53185391634 1.05337050567
5.0 3.57080399616 1.1611131044 0.438711563872 0.160963031035
5.0 2.32800341953 1.47717361473 0.758531711835 0.368069743135
5.0 3.08495573755 1.26878777311 0.541401292932 0.220473691775
5.0 3.71736734341 1.13139586372 0.412087652831 0.14668763174
5.0 3.61553687871 1.15192360212 0.430390476676 0.156449196323
5.0 2.63497780665 1.38507290531 0.660487885078 0.297957594357
5.0 1.19249235815 1.99423116769 1.32287779267 0.852834650975
