0.1 1.22672379221 5.85149948461 0.00953082966766 1.51522422581e-05
0.1 3.2369719568 3.06289736784 7.04799949908e-05 3.93141083222e-08
0.1 2.62414612936 3.08804831601 0.000171871563272 1.48046819375e-07
0.1 1.71110153537 3.30019434027 0.00117579435409 2.03062311311e-06
0.1 1.91497994909 3.17893812515 0.000691546762973 1.01060306771e-06
0.1 2.06051818439 3.14250090832 0.00049560546638 6.99819845825e-07
0.1 3.06432365855 3.06936126726 8.87879238154e-05 5.58910031211e-08
0.1 1.61168245089 3.46359055158 0.00158155789699 2.89450356769e-06
0.1 0.970373155738 6.05752524569 3.13879516576 6.20404377743e-05
0.1 3.35495359202 3.05836173677 6.06263259914e-05 3.16300904989e-08
0.1 3.9401868721 3.02926090181 3.10458470183e-05 6.159930747e-09
0.1 1.34974025158 5.55741847504 0.00433536651019 8.48746334502e-06
0.1 1.9805128707 3.15996078954 0.000592769313796 8.205770074e-07
0.1 2.10549308856 3.13463347459 0.000449899812281 6.02207932797e-07
0.1 2.78125845725 3.0806126015 0.000133986856591 1.02602873645e-07
0.1 3.35753729518 3.05826013724 6.04316552127e-05 3.14961769843e-08
0.1 1.63859108676 3.40392411454 0.00145530448234 2.62963156413e-06
0.1 2.55226655353 3.09198051711 0.000193560970514 1.7603927759e-07
0.1 0.87090264706 6.15033074747 3.14647697648 0.000119256713894
0.1 3.81468573806 3.0370048645 3.55093467912e-05 8.43602569639e-09
0.1 3.80236003864 3.03770475027 3.59891823503e-05 8.74011004547e-09
0.1 3.7331174747 3.04146472022 3.88725298789e-05 1.78203732118e-08
0.1 1.08338024164 5.98157667286 3.10602115532 3.19255967834e-05
0.1 3.66813005754 3.04475652836 4.18196858991e-05 1.95255902335e-08
0.1 2.7156138718 3.08356155104 0.000148386268487 1.19276660398e-07
0.1 2.96088425537 3.07329356801 0.000102690400786 6.95475288319e-08
0.1 2.10188478501 3.13522277944 0.000453361636863 6.109261429e-07
0.1 2.11927224918 3.13244346081 0.000436989105316 5.72443328534e-07
0.1 2.70941128872 3.08385056149 0.000149845588146 1.21012557348e-07
0.1 1.82304053648 3.21716504656 0.000869107569752 1.39628994892e-06
0.1 2.61677804673 3.08843302855 0.000173961329304 1.50681897019e-07
0.1 1.60409966547 3.483639076 0.00161987742865 2.99743402712e-06
0.1 0.903141234346 6.11408894452 3.14392061085 9.56307379953e-05
0.1 3.46530320546 3.05389913712 5.2998329429e-05 2.64823412099e-08
0.1 1.11788396807 5.9570202647 0.147958147361 2.64302833318e-05
0.1 3.34898654436 3.05859592923 6.10788964437e-05 3.19419949963e-08
0.1 2.12629189447 3.13136337738 0.000430595501219 5.59010857555e-07
0.1 2.34742209764 3.10625965257 0.000278411724618 2.97617681324e-07
0.1 3.89642129539 3.03209847839 3.25335102414e-05 6.80104021856e-09
0.1 0.776827091056 6.3505208177 3.15752225994 0.000237997337793
0.1 0.69698074487 6.96756392729 3.17993851662 0.00046073936443
0.1 1.49732818655 4.09755278306 0.00232767492107 4.5322470684e-06
0.1 3.58014391296 3.04890653983 4.62626149816e-05 2.22035972815e-08
0.1 0.708734625093 6.81163161598 3.17495638926 0.000415940710836
0.1 2.85668841507 3.07743172093 0.000119541161658 8.684214676e-08
0.1 3.15141333861 3.0661057199 7.88566669278e-05 4.66502863723e-08
0.1 3.77968275652 3.03896760819 3.68933611218e-05 9.34366291531e-09
0.1 3.4073736109 3.05627570246 5.68268693297e-05 2.90432715832e-08
0.1 0.646120585798 7.88495681794 3.22056142868 0.000734463068461
0.1 3.80920278435 3.0373174103 3.57218067464e-05 8.56926671409e-09
0.1 0.739291438675 6.5357722954 3.16533966115 0.000321530894072
0.1 2.35331707411 3.1057618091 0.000275377559356 2.92925001419e-07
0.1 2.97890528486 3.07259904615 0.000100082426656 6.69384795667e-08
0.1 0.594909981268 8.46497438841 3.50067137012 0.00123318761158
0.1 2.50356507112 3.09490513324 0.000210477056534 1.98195353296e-07
0.1 3.84578236101 3.03519435233 3.43339549513e-05 7.73931535321e-09
0.1 1.4799781134 4.29756870865 0.00248230114121 4.86231538583e-06
0.1 0.770851099655 6.37307077587 3.15856643709 0.000249414170707
0.1 1.39430482318 5.29672393892 0.00351729383912 6.97148578766e-06
0.1 2.15329568105 3.12741993829 0.000407088441277 5.13098696112e-07
0.1 2.64629358423 3.08691434737 0.000165777769019 1.4042599565e-07
0.1 1.86612896174 3.19710365233 0.00077927214126 1.21365863522e-06
0.1 2.17777517902 3.12410834338 0.000387223002975 4.76605016491e-07
0.1 2.78547758446 3.08042937837 0.000133122823998 1.01631018882e-07
0.1 1.40936881084 5.16751505938 0.00329373274855 6.53375527882e-06
0.1 2.85891224824 3.07734058907 0.000119145465664 8.64261002335e-08
0.1 3.63056746583 3.04656784852 4.36550262322e-05 2.06123831283e-08
0.1 2.6942903141 3.08456363352 0.000153479833701 1.25368606482e-07
0.1 2.1785436349 3.12400793431 0.000386620529574 4.75519970127e-07
0.1 3.92646524282 3.03016772939 3.14971944595e-05 6.34565301133e-09
0.1 3.00741014243 3.07151003876 9.61302653761e-05 6.3016241435e-08
0.1 2.96377682198 3.07318178501 0.000102266083521 6.91218075518e-08
0.1 1.06650927825 5.9929395265 3.1205989989 3.50966447615e-05
0.1 1.45887257845 4.57464253211 0.00269093571397 5.30350815001e-06
0.1 3.67346957234 3.04449404721 4.15668431896e-05 1.93774868205e-08
0.1 3.59705986389 3.0481331963 4.53423223441e-05 2.16520020325e-08
0.1 3.43591585859 3.05511477759 5.48842754035e-05 2.77444134802e-08
0.1 2.35162430627 3.1059041037 0.000276244492837 2.94264806114e-07
0.1 3.10598171867 3.06780208675 8.38217702264e-05 5.12324337275e-08
0.1 3.39224269062 3.05688325915 5.78919482968e-05 2.97624432554e-08
0.1 1.64623702498 3.38965340501 0.00142187982935 2.55775936107e-06
0.1 1.95751210624 3.16604350855 0.000625219218 8.82817616166e-07
0.1 3.601141268 3.0479450054 4.51283458148e-05 2.15216601667e-08
0.1 3.5871905378 3.04858593159 4.58851488824e-05 2.19715716127e-08
0.1 3.49850583833 3.05249801863 5.09238984918e-05 2.51429052684e-08
0.1 2.29283463257 3.11120200641 0.000308597510017 3.44696164116e-07
0.1 1.49704926061 4.10050034212 0.00233004981329 4.53730154655e-06
0.1 1.10795058651 5.96432366125 2.80225539598 2.78720254916e-05
0.1 3.69563951474 3.04338899888 4.05375376477e-05 1.87787574947e-08
0.1 2.37792917212 3.10375104729 0.000263203231438 2.74144086027e-07
0.1 3.11635696542 3.06741437582 8.26489080474e-05 5.01413819165e-08
0.1 2.18320090992 3.12340521343 0.00038294692068 4.69015117627e-07
0.1 2.33059436329 3.10771741426 0.000287311625384 3.11429675091e-07
0.1 0.865243620692 6.15767242133 3.14696152695 0.000124033820916
0.1 1.12854363555 5.94891626848 0.0599344102546 2.49636369933e-05
0.1 1.05110109396 6.00311501803 3.12688348807 3.83146468429e-05
0.1 3.65203794614 3.04554018572 4.2593640083e-05 1.99814022598e-08
0.1 1.73222252829 3.27957202682 0.00110803362881 1.88785890108e-06
0.1 1.51344780384 3.94279393145 0.00219606297118 4.25124568218e-06
0.1 2.75628283795 3.08171220642 0.000139248684372 1.08594541123e-07
0.1 1.51811959698 3.90350587647 0.00215992238892 4.17282127001e-06
0.1 3.41215404977 3.05608251699 5.64955472586e-05 2.88205345652e-08
0.1 2.95484638092 3.07352733253 0.000103583256535 7.04448597134e-08
0.1 2.41481050463 3.10092646704 0.000246099816541 2.48424701962e-07
0.1 3.99698981071 3.02532519262 2.92616781643e-05 5.62203141798e-09
0.1 0.586784201005 8.51878446273 3.82117956825 0.00134666358647
0.1 1.34796579378 5.56499182185 0.00437391227472 8.55577962977e-06
0.1 2.23346600758 3.11737311266 0.000346318885288 4.03823009399e-07
0.1 3.68838341456 3.0437535502 4.0870823573e-05 1.89718880642e-08
0.1 1.06523529728 5.99378672191 3.12127138586 3.53504815117e-05
0.1 3.77418795395 3.03926863836 3.71167152345e-05 1.68399194164e-08
0.1 1.12089065189 5.954764115 0.104402782118 2.60092274624e-05
0.1 0.709404108583 6.8037153502 3.17469835296 0.000413548244097
0.1 0.861405748063 6.16284932247 3.14729819216 0.00012741224714
0.1 0.707292508118 6.82902592561 3.17551938875 0.000421150074868
0.1 1.34043399282 5.59535770312 0.00454374758793 8.85284902534e-06
0.1 3.46179805149 3.05404530174 5.32235888256e-05 2.66290056193e-08
0.1 2.37555270828 3.10394059308 0.000264300783558 2.75900643529e-07
0.1 1.80406558873 3.22756518341 0.000912974575563 1.48204582346e-06
0.1 3.2465759779 3.06253404176 6.96095443374e-05 3.85883505692e-08
0.1 1.59927923947 3.49727394231 0.00164490058581 3.05173271399e-06
0.1 2.16432725071 3.12589861142 0.000397974201984 4.96165136549e-07
0.1 2.95232269865 3.07362508369 0.000103959335579 7.08234314332e-08
0.1 2.05581309258 3.14339468721 0.000500725424988 7.01698765356e-07
0.1 2.50368211026 3.09489781443 0.000210434578212 1.98138370992e-07
0.1 3.13391508164 3.06675923607 8.07254570508e-05 4.83556876566e-08
0.1 0.771156087991 6.37186909645 3.15851146269 0.000248816110896
0.1 3.77508073757 3.03921981935 3.70803293299e-05 1.68193670258e-08
0.1 1.63869275549 3.40372749402 0.0014548529936 2.62866099178e-06
0.1 1.10379236335 5.96731822563 2.99811163417 2.85259017219e-05
0.1 3.86029402279 3.03432651384 3.38148315593e-05 7.44678119337e-09
0.1 1.01503939921 6.02677316775 3.13414896736 4.72857036099e-05
0.1 2.12300500551 3.13186601233 0.000433574055598 5.65195310764e-07
0.1 2.77592856659 3.08084514183 0.000135088475993 1.03846972622e-07
0.1 1.44736106665 4.72921382729 0.00281558271107 5.56366978826e-06
0.1 2.7880667732 3.0803172828 0.000132596049405 1.01040229593e-07
0.1 3.10377472464 3.06788454776 8.40757387991e-05 5.14680083658e-08
0.1 3.2421080701 3.06270329792 7.00128438729e-05 3.89236530974e-08
0.1 2.80378521989 3.0796421431 0.000129452460377 9.75436252402e-08
0.1 1.2899514851 5.74354308042 0.00602333187148 1.1186698713e-05
0.1 2.90969045679 3.07529684996 0.000110603027658 7.75430484334e-08
0.1 3.08505081796 3.06858451148 8.62718241276e-05 5.35166212148e-08
0.1 1.41278503817 5.1346166645 0.00324597151193 6.4389307667e-06
0.1 3.59271730921 3.04833294188 4.55713948278e-05 2.17918449564e-08
0.1 1.01898887931 6.02416413223 3.13359388937 4.61895756983e-05
0.1 2.06686980522 3.14131674117 0.000488800056455 6.77894651089e-07
0.1 1.60934012114 3.4696096422 0.00159325864778 2.92002924094e-06
0.1 2.3234626088 3.10835215045 0.00029119304304 3.17470386096e-07
0.1 0.787213201181 6.31570394926 3.15584780733 0.000219572093386
0.1 2.11100898664 3.1337456636 0.000444673378212 5.89579956945e-07
0.1 2.58179372063 3.09031549407 0.000184226272343 1.63907116156e-07
0.1 1.99736227158 3.15584061531 0.000570393313435 8.11857214227e-07
0.1 0.608964422758 8.35344017319 3.33189868614 0.00106348678422
0.1 3.1005461453 3.06800519466 8.44490880596e-05 5.1814849596e-08
0.1 2.91521980725 3.0750778842 0.00010971600893 7.66359068935e-08
0.1 0.575001379708 8.58641960487 5.40136584119 0.00153543932955
0.1 2.2990811171 3.11060421757 0.000304971525895 3.3897280306e-07
0.1 2.19529674038 3.1218761546 0.00037370246054 4.52664172147e-07
0.1 1.50738291549 3.99745482122 0.00224431222652 4.3556419233e-06
0.1 3.06325901225 3.06940122988 8.89172441546e-05 5.60160496995e-08
0.1 2.85097831175 3.07766577993 0.000120564826485 8.79223756015e-08
0.1 2.08099943506 3.13877218429 0.000474085782368 6.53631586318e-07
0.1 2.16504186134 3.12580087998 0.00039739159248 4.9509720506e-07
0.1 1.60499611866 3.48118224936 0.00161528125378 2.98746399317e-06
0.1 0.829218627703 6.21435289036 3.15044330246 0.000160292565813
0.1 3.24796995821 3.06248127394 6.94843200133e-05 3.8484560531e-08
0.1 1.58745329348 3.53403735176 0.00170856086447 3.18929554091e-06
0.1 3.00555297522 3.07158068346 9.63759107464e-05 6.32643565308e-08
0.1 2.09793487884 3.13587597402 0.000457190468672 6.21909502572e-07
0.1 1.72129420664 3.28985384944 0.00114240083475 1.96003591085e-06
0.1 3.89092401507 3.0324442448 3.2724528293e-05 6.89208590744e-09
0.1 0.748257417249 6.48040002848 3.16316352387 0.00029881467951
0.1 3.74536114812 3.04082034871 3.83395055395e-05 1.75207509111e-08
0.1 2.21934922455 3.11898436592 0.000356137074876 4.19601126184e-07
0.1 2.02293297998 3.15006959855 0.000538472319702 7.56355107025e-07
0.1 1.87071414964 3.19521570129 0.000770465582249 1.19593591586e-06
0.1 0.721074556958 6.68070900923 3.17058704996 0.000374342471221
0.1 2.36998873989 3.1043881442 0.00026701049894 2.80060659616e-07
0.1 3.00738021564 3.07151117683 9.61343449102e-05 6.30202315429e-08
0.1 2.78682169931 3.0803711541 0.000132849034386 1.01323794108e-07
0.1 3.93130148711 3.02984990524 3.1337185053e-05 6.27867567301e-09
0.1 3.49052276144 3.05283757993 5.14131039187e-05 2.54568768884e-08
0.1 1.09074027739 5.97651185236 3.09217418784 3.06459070524e-05
0.1 2.29924445337 3.11058869932 0.000304876582959 3.38824330664e-07
0.1 3.41035907514 3.0561551738 5.66196675842e-05 2.89039194217e-08
0.1 2.15248578149 3.12753364097 0.000407769505878 5.14377003336e-07
0.1 2.7641981494 3.08136099286 0.00013755340933 1.06650666673e-07
0.1 2.63957320544 3.08725473755 0.000167597646634 1.42691691468e-07
0.1 3.7050412245 3.04291292555 4.01107919628e-05 1.85323050342e-08
0.1 0.796179767551 6.28941654422 3.15452802473 0.000205019755143
0.1 2.06841853377 3.14103201293 0.000487158906191 6.7534593823e-07
0.1 1.98862049029 3.15794473419 0.000581929608631 8.32493714567e-07
0.1 0.939174203259 6.08153753602 3.14124949342 7.5566560131e-05
0.1 3.57080399616 3.04932901034 4.67689626058e-05 2.25161777345e-08
0.1 2.32800341953 3.10794683915 0.000288714088298 3.13611316282e-07
0.1 3.08495573755 3.06858807006 8.6283110734e-05 5.35272549254e-08
0.1 3.71736734341 3.04228217445 3.95605413553e-05 1.82153909744e-08
0.1 3.61553687871 3.04727563261 4.43836669162e-05 2.10702347983e-08
0.1 2.63497780665 3.08748931104 0.000168856582034 1.44264234603e-07
0.1 1.19249235815 5.89167489106 0.0135277075263 1.79741876726e-05
