0.1 3.3080999685260384 0.0009307300507270023 1.3928803661064712e-07 9.065528084403292e-12
0.1 1.8330440771324588 0.005768458779487587 2.69799297152783e-06 5.681858751179875e-10
0.1 1.0177610913371709 0.040872342944750194 5.319222198108204e-05 3.5532361809314e-08
0.1 3.638264533541036 0.0006968797548914095 8.648643984415436e-08 4.655979752820518e-12
0.1 2.167498190670398 0.003412697492541612 1.1614618851007672e-06 1.7541208958105752e-10
0.1 3.2855705977991243 0.0009503071859713616 1.4413973865577706e-07 9.510022945024496e-12
0.1 1.7893573430081735 0.006225515007306245 3.046401786038076e-06 6.729502726796991e-10
0.1 1.0813006206571192 0.032931169162822814 3.9033806565196085e-05 2.318877063285455e-08
0.1 1.7706258444103498 0.006436511378093506 3.212214868144295e-06 7.245160609896928e-10
0.1 1.1854871769836908 0.023932279025010945 2.443106392521769e-05 1.2134236782716781e-08
0.1 3.0923078413073455 0.001143271876895759 1.9530656051510732e-07 1.4541470056853711e-11
0.1 0.8843814240580149 0.06913438456148648 0.00010947161040963223 9.57705008823675e-08
0.1 2.5785680771230504 0.0019947611204792735 4.856948213790779e-07 5.19322676573806e-11
0.1 2.3082336934362337 0.0028075175288294093 8.467932622840317e-07 1.1285915560775713e-10
0.1 1.324805766218711 0.01645987911501761 1.3900084277625562e-05 5.5544866154432834e-09
0.1 0.8873234122245025 0.06824725230585736 0.00010761157057592049 9.354885944779182e-08
0.1 0.9794517137824894 0.04700493055298905 6.474561006225851e-05 4.6573155926013697e-08
0.1 0.8096876793315361 0.09854392915834789 0.0001728722249582419 1.7878404600673595e-07
0.1 0.9791036058268888 0.04706640618757493 6.486374520189901e-05 4.6690093135400794e-08
0.1 1.5580791782477823 0.009684963541066008 6.121026690474374e-06 1.7775985134170322e-09
0.1 1.5002038422661368 0.010945965772630952 7.410341863477217e-06 2.318817025647783e-09
0.1 1.0257965141589975 0.03972954033394634 5.10942718669193e-05 3.3616011643180514e-08
0.1 1.8979626255795694 0.005169271522887656 2.2644788595609333e-06 4.4510996837848606e-10
0.1 0.8950359553184515 0.06599705343228196 0.00010291355492858348 8.799929747535989e-08
0.1 0.849589391195142 0.08099801433354266 0.0001347054215341951 1.2719576416770166e-07
0.1 0.9776956067456827 0.04731621276914687 6.534422810620686e-05 4.716651082741117e-08
0.1 1.288968726553461 0.01803542019257695 1.597309221477523e-05 6.735504198012099e-09
0.1 2.3650722390380765 0.002603974732854775 7.494352382582926e-07 9.516710302801256e-11
0.1 1.8010308945748112 0.006098728521489449 2.9482612975487574e-06 6.429393545803283e-10
0.1 1.8507812359386047 0.005595816706389632 2.570326634539926e-06 5.310712345808924e-10
0.1 1.7120412978407415 0.007162301450810303 3.805598241685292e-06 9.174456505618246e-10
0.1 1.3915725128925116 0.013990927290544894 1.0836482415123654e-05 3.931659328497899e-09
0.1 1.2440220673911653 0.02031885351199141 1.9124850126166395e-05 8.644972089260554e-09
0.1 2.1142702821897426 0.0036873195444304297 1.3160276006964279e-06 2.0881711322265483e-10
0.1 0.9412721037921722 0.054483656217707274 7.940758393431844e-05 6.165821762784378e-08
0.1 1.0118025013241336 0.041749649505119404 5.4815205025966985e-05 3.7034262546961345e-08
0.1 0.8989523506929069 0.06489460628569103 0.00010062281071165154 8.53260645678799e-08
0.1 1.9095075029749804 0.005071623464818014 2.1964249751737336e-06 4.265741905655934e-10
0.1 1.1426729093926251 0.027158976538992862 2.945962476448999e-05 1.5719734955917056e-08
0.1 1.0946608925113999 0.03153912610104509 3.666327229957559e-05 2.1267296312000347e-08
0.1 1.5518000413196533 0.00981190979298906 6.2470833730814155e-06 1.8287187910407295e-09
0.1 1.4964874924216842 0.011034397481722037 7.503778637586058e-06 2.3595609139262345e-09
0.1 0.9321367086199123 0.05651979886052687 8.349082109703137e-05 6.605310081972547e-08
0.1 1.1620972312052469 0.025625040100516385 2.703737705181243e-05 1.39610155050312e-08
0.1 0.8605565228341356 0.07696379412275332 0.00012605726560526432 1.1616541721309288e-07
0.1 1.3353631576478469 0.01603179762531443 1.3352181100917498e-05 5.253078775298732e-09
0.1 0.916438052257856 0.0602781109010452 9.111619603056026e-05 7.447015113955611e-08
0.1 0.8911724698418465 0.06711085505486589 0.0001052353136883144 9.073072738801484e-08
0.1 0.9516263568219488 0.05229876050015621 7.506699179033449e-05 5.7076075308426655e-08
0.1 0.8686389010969354 0.07417209852494623 0.00012011082179128102 1.0873527023419803e-07
0.1 1.0414718157903569 0.037625199310100076 4.728138379207844e-05 3.020796605749047e-08
0.1 1.4029320933653595 0.01362212853299543 1.039973953314193e-05 3.713366745087682e-09
0.1 1.7776305296113941 0.0063564933896282485 3.1489689472199016e-06 7.04721476754448e-10
0.1 0.9234895530236461 0.05854755445145422 8.759137838622105e-05 7.054617056198627e-08
0.1 2.536056978858603 0.0020994774701015837 5.279425621451168e-07 5.834854156280821e-11
0.1 1.5172993730318969 0.010551348609094563 6.998124459494818e-06 2.141456995248184e-09
0.1 2.053587861576536 0.004037970174662114 1.5234696184374123e-06 2.56120102613194e-10
0.1 1.1758018209461634 0.024613931146248717 2.547188128231475e-05 1.2855331321283466e-08
0.1 0.8696995061169116 0.07381653105478464 0.00011935589177834546 1.0780122930615466e-07
0.1 1.7104736532763865 0.007183210794160311 3.82320728665304e-06 9.233623625427869e-10
0.1 0.9370403228437432 0.055413758687579515 8.126838014383009e-05 6.365106355420917e-08
0.1 0.9434427322804791 0.054015103253637134 7.847306946002479e-05 6.066377435541053e-08
0.1 1.079194740735284 0.033158333629268025 3.942409621326221e-05 2.3509411006454964e-08
0.1 1.9999732355627189 0.0043861752688593115 1.740200182723647e-06 3.0832497482166204e-10
0.1 0.924118386857424 0.05839665530572352 8.728510483692312e-05 7.020788313915378e-08
0.1 1.3771044167102293 0.014480661400230115 1.1425121893796622e-05 4.231259918153783e-09
0.1 0.999093165233507 0.043710985474396995 5.848092220557217e-05 4.048694957449665e-08
0.1 1.3905814112258497 0.014023747751760367 1.087562381172051e-05 3.951390975664199e-09
0.1 0.8870158954832671 0.06833922112402455 0.00010780419945494313 9.377829916626193e-08
0.1 1.0378584631887768 0.038096230818709644 4.812901262649563e-05 3.095706620220684e-08
0.1 2.364283976759986 0.002606659674489943 7.506904836366827e-07 9.538971555069636e-11
0.1 2.30220125423012 0.0028303600033505404 8.579938546710326e-07 1.1494841929375854e-10
0.1 0.8984519055297822 0.0650340155368312 0.00010091207197860152 8.566242308995618e-08
0.1 1.606555183832127 0.008776074187860096 5.244175556053053e-06 1.4335753664889409e-09
0.1 1.566017020423293 0.009527653864488955 5.96601766794045e-06 1.7152956960042504e-09
0.1 3.3934970831260918 0.0008612385151280746 1.225909250069355e-07 7.583359325527707e-12
0.1 1.117680430912078 0.029325738611209077 3.297246448092991e-05 1.8368079500067822e-08
0.1 0.9374237062302906 0.05532857585691679 8.109764760825756e-05 6.346751470746847e-08
0.1 0.8613271678846159 0.07669119773597503 0.0001254751741262511 1.1543244230688135e-07
0.1 2.221881533942537 0.0031597956563793285 1.02550894591838e-06 1.4743877650094267e-10
0.1 0.8924175613061873 0.0667490108691739 0.00010448023600748207 8.984000737835531e-08
0.1 2.315779957870413 0.0027792902632643316 8.330280972628831e-07 1.1030643035022689e-10
0.1 1.5848890613993167 0.009167325048571533 5.616030778875672e-06 1.576941896671728e-09
0.1 1.5629368399952466 0.009588281060810161 6.025600319146146e-06 1.7391703116680068e-09
0.1 1.204189073584517 0.02268782728850756 2.256243305005314e-05 1.0868823817356575e-08
0.1 1.29833674729729 0.017604281760442743 1.539722109140475e-05 6.401164637310977e-09
0.1 1.268438648787379 0.019032233038981532 1.732836594728867e-05 7.540484757180776e-09
0.1 1.2780759431733386 0.018555139854413 1.667561635894246e-05 7.149651670067324e-09
0.1 0.8361371805850982 0.0863726090426855 0.00014631341538186732 1.4240039568828016e-07
0.1 1.9900516741288592 0.004455006647084467 1.784269501603419e-06 3.1926766345481805e-10
0.1 2.1562408686564307 0.003468423211358071 1.192250451972211e-06 1.819341491441454e-10
0.1 0.9270014982582009 0.05771179802985812 8.589731883379745e-05 6.868045728200198e-08
0.1 1.784204110791046 0.006282618484016683 3.0909717846627904e-06 6.867057060218224e-10
0.1 1.0678840441164406 0.03441647737216364 4.1602619397971335e-05 2.532081433713061e-08
0.1 0.84199292143141 0.08397205942235465 0.00014111763879134657 1.3553963758631863e-07
0.1 3.0884569211042217 0.0011476290187058097 1.9653011128787085e-07 1.466896170012291e-11
0.1 0.957783520231021 0.05105766012396045 7.262143270339034e-05 5.4536457503469213e-08
0.1 3.4661571672788853 0.0008074764145193375 1.102468700655938e-07 6.5375795483204544e-12
0.1 1.3018551509685066 0.01744600385764708 1.5187410637967608e-05 6.280527863037279e-09
0.1 1.4347034189442562 0.01265853260044077 9.286025222723941e-06 3.17280078159104e-09
0.1 1.0507058813045445 0.03645774946652722 4.51956212080682e-05 2.8385986690302473e-08
0.1 0.9601311684857273 0.05059535389111368 7.171434617956327e-05 5.3602366138497924e-08
0.1 3.3247473717798592 0.000916609539724095 1.3582863195567763e-07 8.75231573630631e-12
0.1 3.044762483127689 0.0011986621464685153 2.1107853792426125e-07 1.6208742467803706e-11
0.1 1.1560134314846415 0.026092312723760076 2.7769333770046528e-05 1.4486438805323957e-08
0.1 1.0268735554190838 0.03957976653532906 5.08207097345258e-05 3.336824909032754e-08
0.1 2.4657548073123348 0.002289462126349533 6.079304375096015e-07 7.105458652472281e-11
0.1 1.1427536935434603 0.02715233747311437 2.944902227853904e-05 1.571191381652251e-08
0.1 2.465284602873645 0.002290809044231997 6.085125800504021e-07 7.114961902773902e-11
0.1 1.3884600725873761 0.01409435018162605 1.095997436711457e-05 3.994006036435585e-09
0.1 0.8032522678629898 0.10187767855122916 0.00018019358685405202 1.891786218577893e-07
0.1 0.9036986336705837 0.06359326557663525 9.79285824086862e-05 8.221003056872175e-08
0.1 1.0491519891800285 0.036650639788912275 4.553873116019362e-05 2.8683593587055692e-08
0.1 1.3863822323839392 0.014163976094868452 1.1043359147999918e-05 4.036257463887596e-09
0.1 0.8469610140167785 0.08200971091530196 0.0001368834274695994 1.3001438860571932e-07
0.1 1.0057444211896374 0.042668841610511 5.652687438494284e-05 3.863616847721434e-08
0.1 3.9199119609154414 0.0005557494502646756 5.9536310479030236e-08 2.7619946761275077e-12
0.1 1.0707340447033977 0.03409328572155054 4.104030369815298e-05 2.4849781144384747e-08
0.1 1.1924180875310175 0.023460365636588886 2.3717581592301086e-05 1.1646578906061239e-08
0.1 1.3555614245777317 0.015254261186029168 1.237455968865357e-05 4.72705816941861e-09
0.1 1.4402918017864696 0.012498729049987719 9.105265820101186e-06 3.0873270099864765e-09
0.1 1.611277569732797 0.008693814846922264 5.167097151823424e-06 1.4043408035696892e-09
0.1 1.8500874583079918 0.005602437417964707 2.5751819569539824e-06 5.324698061592071e-10
0.1 0.9669149823461848 0.04929209938241928 6.916895540755731e-05 5.10043966818372e-08
0.1 1.023185544403557 0.04009592349585527 5.176484297669163e-05 3.4225422690576055e-08
0.1 2.393744590104195 0.0025087860095488546 7.054431809240226e-07 8.745939984695574e-11
0.1 0.9777423259297674 0.04730789405000854 6.532821638626139e-05 4.7150613751810233e-08
0.1 0.9540305995946478 0.051809134282826026 7.410040764132351e-05 5.606863693211467e-08
0.1 0.9996006216553297 0.04363022700798431 5.832899873107346e-05 4.0342223944214764e-08
0.1 2.063927731107482 0.00397513868387962 1.4854875191311507e-06 2.472574007215151e-10
0.1 1.7031923713556274 0.007281419773250225 3.906291405042881e-06 9.51422073017113e-10
0.1 1.878257460066314 0.005341886891759745 2.386584402521551e-06 4.789160298474965e-10
0.1 0.8611128788043234 0.07676685850005001 0.00012563670669248672 1.1563572403423561e-07
0.1 0.8409435534700663 0.08439514783593834 0.00014203213629469403 1.3674078657456824e-07
0.1 1.1377383941741608 0.027568801895539192 3.011605740769487e-05 1.6206024268408036e-08
0.1 2.5384091240619373 0.002093493180670386 5.25492490364561e-07 5.797070271998588e-11
0.1 2.550032582046459 0.0020642546105517365 5.135836571033055e-07 5.614413238743609e-11
0.1 1.604583746259873 0.00881072710700556 5.2767616388321e-06 1.445985222855354e-09
0.1 2.7039511279580952 0.0017239668744760497 3.8276039862119785e-07 3.7234611368548056e-11
0.1 1.2971506683776919 0.017658081701447267 1.5468734359912705e-05 6.44242772640096e-09
0.1 1.94011939681536 0.004824465188350475 2.0275297810483004e-06 3.8154931778217855e-10
0.1 2.7413935504296156 0.0016527352012110866 3.572506328745143e-07 3.3814149582447236e-11
0.1 2.255603904678408 0.0030155150506207037 9.507822965842561e-07 1.3266377159198098e-10
0.1 1.7217457738811976 0.007034678249963462 3.698732775508261e-06 8.817685246999847e-10
0.1 1.0793768634146124 0.03313860193157666 3.939015770359014e-05 2.3481481649984994e-08
0.1 1.758511682057286 0.006578143042510127 3.3252365290448735e-06 7.602690778817571e-10
0.1 1.2768439291493234 0.018615209472007826 1.6757392892798074e-05 7.198300275754787e-09
0.1 1.6928147181594735 0.007424559208404251 4.028489709926221e-06 9.931157260174512e-10
0.1 2.9208097419106043 0.001361035992977537 2.5997063328382606e-07 2.168714418445173e-11
0.1 2.921233763897275 0.0013604317404741645 2.597815124591538e-07 2.166509978065462e-11
0.1 1.9674015257232365 0.0046176926079945545 1.8900032023458608e-06 3.4595415130440335e-10
0.1 2.1103959231868576 0.003708454040294386 1.3282144664070533e-06 2.1151981632408376e-10
0.1 3.160364356358683 0.0010697941967140441 1.751198663228293e-07 1.2484716930404733e-11
0.1 0.9615040043489279 0.05032773621588899 7.119023904722397e-05 5.306462348202361e-08
0.1 1.3244460694758111 0.01647473823744147 1.3919223262880275e-05 5.565098839606411e-09
0.1 1.8849987571552034 0.005281970121831612 2.343940839548655e-06 4.670307982335824e-10
0.1 0.9324218858419197 0.056454625572086595 8.335957942825628e-05 6.591059883392794e-08
0.1 1.6815584901551428 0.007584158211374684 4.1662661277150846e-06 1.0407193714683512e-09
0.1 2.217658715700438 0.0031785124029379695 1.0353555013304738e-06 1.4941819578235733e-10
0.1 1.6693613642283696 0.007762388183409103 4.3220042473390835e-06 1.0952723728932355e-09
0.1 1.070919009383561 0.03407245668543372 4.100412687208177e-05 2.481955916849019e-08
0.1 1.8536578416792688 0.00556847772450493 2.5503120099662433e-06 5.253169741548691e-10
0.1 1.9164179604997602 0.005014361910537763 2.1568647246641462e-06 4.1590185044290135e-10
0.1 0.8736414091875137 0.07251610453803013 0.00011659983351428593 1.0440930308429413e-07
0.1 1.2522801786717024 0.019870685210092734 1.84932121011816e-05 8.251918207872283e-09
0.1 0.9944117920873545 0.04446596995216266 5.990518047528265e-05 4.185045538518696e-08
0.1 0.8609552572211125 0.07682257930266229 0.00012575568324684993 1.1578551061651491e-07
0.1 1.8860403639180698 0.005272793323118039 2.337433854757578e-06 4.6522463464229964e-10
0.1 1.261382389927112 0.01939228506724725 1.782585175682751e-05 7.842163531270955e-09
0.1 2.5788848676610105 0.001994007376852307 4.853955637389424e-07 5.188758031960328e-11
0.1 0.8154536749321281 0.09568906628042897 0.00016661595935948462 1.7002298310734293e-07
0.1 0.930120246078622 0.0569836802601897 8.44259666352782e-05 6.707083853689681e-08
0.1 1.096296765044135 0.03137432449179395 3.638508620263817e-05 2.1044789981599748e-08
0.1 2.1850646518738333 0.0033281215892633073 1.1153029076094696e-06 1.6576137980352444e-10
0.1 0.8094637210645876 0.0986572828837984 0.00017312090413192292 1.7913462088316305e-07
0.1 3.4609003288462463 0.0008112128027837908 1.1108828399107724e-07 6.607449562663055e-12
0.1 1.4678572927796831 0.011749391370217726 8.273158593575198e-06 2.702406069329959e-09
0.1 0.8273610054951449 0.09015888850262864 0.00015454049156472476 1.5344072517874826e-07
0.1 1.7361118216947775 0.006851337610472658 3.547075633108249e-06 8.318264084425513e-10
0.1 0.9623118225286714 0.050171191774037074 7.088399707404494e-05 5.275108479450234e-08
0.1 0.8066431675759245 0.10010112955209309 0.0001762901268733117 1.8361784018303935e-07
0.1 1.0381088980560658 0.038063320060347454 4.806967760478744e-05 3.0904467393696933e-08
0.1 1.7885244722403084 0.00623469646964969 3.0535526620134834e-06 6.751519464439326e-10
0.1 0.8108977093610581 0.09793472660987033 0.0001715360759005703 1.769034461770999e-07
0.1 1.5304190460226508 0.01026151652295327 6.700373735608271e-06 2.0158295507655163e-09
0.1 0.8226124308583607 0.0923076967804019 0.00015922496489686355 1.5982123972799597e-07
0.1 2.604628473554372 0.0019340110572376183 4.61799898990999e-07 4.839876701465318e-11
0.1 0.8324838650824476 0.08792046026353115 0.0001496722212302361 1.468819084238013e-07
0.1 0.9812371052675667 0.04669139628761364 6.414377458499731e-05 4.597864410695179e-08
0.1 3.3372084500865915 0.0009062269851726379 1.3330652081338416e-07 8.525951249254882e-12
0.1 1.0825303131274326 0.03279951920335695 3.880805567920286e-05 2.300385251874072e-08
0.1 2.0735867135161716 0.003917628509867004 1.4510297114932508e-06 2.392937595592086e-10
0.1 1.2843082104555175 0.018255309387620353 1.6269223792320283e-05 6.909246490635565e-09
0.1 1.2991243088174447 0.017568682372617175 1.5349955647334485e-05 6.373932726292644e-09
0.1 2.763904572923212 0.0016117999011566193 3.42895391987904e-07 3.193105732515325e-11
0.1 0.9278431175462309 0.0575140202237729 8.549723536394137e-05 6.82417756999922e-08
0.1 0.8150515977771104 0.09588424814659118 0.00016704324879870076 1.7061772220004787e-07
0.1 1.1780099058571063 0.02445619326091336 2.5229969789227915e-05 1.2686717316346765e-08
0.1 1.510445046062275 0.010707206541069565 7.160003191494536e-06 2.210637266268721e-09
0.1 1.0908895767458735 0.0319236621439743 3.731441958031352e-05 2.179058798831825e-08
0.1 1.5303519187819874 0.010262971754267328 6.7018579762332316e-06 2.0164505096117256e-09
0.1 1.1691782697136166 0.025095598771464327 2.621447286951959e-05 1.3376700759910248e-08
0.1 1.4475620726609835 0.012294917190483446 8.876394831206286e-06 2.9800406288821168e-09
0.1 2.4529314155183726 0.0023265796372190107 6.240491790402248e-07 7.369912757502231e-11
0.1 0.8947176533064751 0.06608781978293013 0.000103102485235823 8.822074088905383e-08
0.1 1.6217897814033604 0.00851441997134801 5.000351303722142e-06 1.3416777650457689e-09
0.1 2.804945312257374 0.0015405988303371684 3.184647873047674e-07 2.879799916900524e-11
0.1 3.4402520299576755 0.0008261148765674252 1.1446877287621119e-07 6.890276258347399e-12
0.1 1.399867528778001 0.01372030290091999 1.0515444540841363e-05 3.7708609095506925e-09
0.1 2.6132909469572954 0.0019143679937549782 4.5417154101794034e-07 4.728569541871483e-11
0.1 1.0361491772378286 0.03832191915503382 4.853635560213647e-05 3.1318814387688017e-08
0.1 3.1532335656736104 0.0010771909705206007 1.7711347400583744e-07 1.2683839602095938e-11
0.1 3.905497989755264 0.0005619927941612947 6.064474191478777e-08 2.8341794067742994e-12
0.1 2.913794555424377 0.0013710853848523214 2.6312364208451575e-07 2.2055602155450805e-11
0.1 0.9359286599818639 0.05566180487136083 8.176589529661995e-05 6.418672721121102e-08
0.1 1.0389210431918041 0.037956864852557434 4.7877863180244345e-05 3.0734594639475775e-08
0.1 0.8902406103160873 0.0673834955136494 0.00010580474663761165 9.140398017738767e-08
0.1 0.9396802517469842 0.05483092600586989 8.010145997488548e-05 6.239936297332583e-08
0.1 2.0646220080911264 0.003970967133367506 1.4829781775826701e-06 2.4667498234941477e-10
0.1 1.3025163143644738 0.017416478740345114 1.5148368756922953e-05 6.258149616182617e-09
0.1 1.2499993789194057 0.01999309611424777 1.8665121300793203e-05 8.358394226028673e-09
0.1 1.8175459746146214 0.005925247531375064 2.8158241073793324e-06 6.030578688718364e-10
0.1 1.5959102011455768 0.008965411009489133 5.423050628154264e-06 1.5020629480867275e-09
0.1 1.899442961508955 0.005156609643847545 2.2556125194576437e-06 4.426825127254216e-10
0.1 2.8784539074780198 0.0014232531928735244 2.7972389685933114e-07 2.4024159665079997e-11
0.1 0.9851263105648931 0.04601849368571059 6.285595185199239e-05 4.471339737071168e-08
0.1 1.0078335853303004 0.04234868285292816 5.592941316414733e-05 3.807495153904545e-08
0.1 3.896343463521399 0.000566006797590373 6.136159195685276e-08 2.8811441989355163e-12
0.1 2.0182850954128266 0.004262851978749915 1.6622463770752177e-06 2.8923501090032497e-10
0.1 1.9014408293811436 0.005139587382794927 2.2437124956458617e-06 4.394303639463242e-10
0.1 0.9486932453923065 0.05290496336557978 7.626687432754514e-05 5.8333288471541795e-08
0.1 1.304683171076519 0.01732019329380663 1.5021258749796253e-05 6.185445046672708e-09
0.1 1.3807885003459006 0.014353764359368396 1.1271658805836813e-05 4.152565457582461e-09
0.1 1.9267701004976092 0.004930202221542084 2.099190984829408e-06 4.004802944832471e-10
0.1 1.158307293396924 0.025914759071607202 2.749058517316042e-05 1.428571873145857e-08
0.1 0.8775722059287866 0.07125161998899014 0.00011392769934080127 1.0114800656353215e-07
0.1 0.7948342883172919 0.10648999637467993 0.0001903450799569665 2.0383673876264197e-07
0.1 3.568762722288529 0.0007389409374831946 9.525849278227346e-08 5.3294162097614315e-12
0.1 1.275688990013765 0.018671763599063865 1.6834491996589674e-05 7.244249444114216e-09
0.1 3.3661986644653097 0.0008826740178506378 1.2765317924239113e-07 8.024744290387582e-12
0.1 0.9035791921832889 0.06362555810880499 9.799530741752504e-05 8.2286831640292e-08
0.1 1.1124619680845425 0.029808171407968605 3.376839195791089e-05 1.8983469868366434e-08
0.1 1.5298484056857462 0.010273896209800232 6.713003690396647e-06 2.0211152235067337e-09
0.1 1.7743156408350311 0.006394192364533565 3.1787110701750485e-06 7.140109361443612e-10
0.1 3.174015698312857 0.0010558222631154883 1.7137788277569645e-07 1.2113396228498668e-11
0.1 0.8619036280917555 0.07648819028485555 0.0001250418778916692 1.1488761982996258e-07
0.1 0.8514047166687292 0.08030967414799195 0.00013322556992928015 1.2528986256873417e-07
0.1 0.8228619335728552 0.0921929679793087 0.0001589745950518393 1.5947852636537443e-07
0.1 0.8448353701604304 0.08284118920111096 0.00013867601876854085 1.3234624649096044e-07
0.1 3.506741886003409 0.0007793908303306195 1.0400198708735489e-07 6.025696751589684e-12
0.1 0.8775185126708147 0.07126868000902613 0.00011396369849234298 1.0119176212731685e-07
0.1 3.3819699521726982 0.0008702040235550896 1.2469858330298836e-07 7.766265703939713e-12
0.1 0.8030134086772587 0.10200453429484178 0.00018047247197731068 1.8957754278353497e-07
0.1 0.9795442120899 0.046988614367754894 6.471426314587768e-05 4.6542140054311924e-08
0.1 0.863336386457089 0.07598693992666287 0.00012397274828562294 1.135461950919481e-07
0.1 0.9865909703054009 0.04576860620078874 6.237905730566853e-05 4.424727067907147e-08
0.1 0.8547396938247365 0.07906674962215718 0.00013055774253719176 1.2187302194617304e-07
0.1 0.997321601987137 0.043994565485112644 5.901504960248305e-05 4.099687264768524e-08
0.1 0.8555376068520802 0.07877345483704352 0.0001299290451147448 1.2107141206453824e-07
0.1 3.556637804057524 0.0007466240651115878 9.689625555567346e-08 5.457977160998283e-12
0.1 1.0624655419567952 0.03504279507890407 4.2697529035570805e-05 2.6244807397033164e-08
0.1 0.9013773977588297 0.06422503176971191 9.923520740816471e-05 8.371740056631824e-08
0.1 0.868770218536136 0.07412794203258506 0.00012001703896948443 1.0861912226275234e-07
0.1 3.3865439598192575 0.0008666315988801678 1.2385709123050615e-07 7.693090897264375e-12
0.1 1.3569282662919695 0.015203522523687597 1.2311567966798031e-05 4.693696043077237e-09
0.1 1.1865701550639214 0.02385768365396287 2.431789406299811e-05 1.2056521521565325e-08
0.1 2.0921957153136286 0.003809948774655808 1.3873103462692846e-06 2.247633395337567e-10
0.1 1.4496875099785136 0.012236189438304353 8.81079617983024e-06 2.949485657603928e-09
0.1 0.9091032948412556 0.06215603007827538 9.496587523983834e-05 7.881913937356963e-08
0.1 0.8041972577203038 0.10137803281573393 0.00017909534062024736 1.876097784568208e-07
0.1 1.0755821691566902 0.033553127105274604 4.01046337530774e-05 2.4071345188246424e-08
0.1 0.8459258402925415 0.08241313402946515 0.00013775288743205025 1.3114406152221427e-07
0.1 2.4983525583120976 0.002198618723543411 5.691537457773732e-07 6.480651338546227e-11
0.1 1.40888840923739 0.013434039654089073 1.0179202795842716e-05 3.6044639606021247e-09
0.1 2.9267434282557496 0.0013526127710836808 2.573390644320166e-07 2.1380974859675503e-11
0.1 2.2828020844365406 0.0029055324997636343 8.952387762293402e-07 1.2197292105800621e-10
0.1 1.25403495662885 0.019777205490563436 1.8362245955996707e-05 8.171053947868462e-09
0.1 1.0644323292949351 0.03481363730734023 4.229613487299333e-05 2.590503130848017e-08
0.1 1.8950772995541885 0.00519407166271957 2.281880898453605e-06 4.4988519251099284e-10
0.1 1.109841410677288 0.03005458851321624 3.417680356321031e-05 1.930137442006899e-08
0.1 0.8746591426019952 0.07218566430305119 0.00011590078850792096 1.0355351209037921e-07
0.1 0.9847242325866467 0.04608742745144177 6.298763696939968e-05 4.484233937029624e-08
0.1 1.2045997078313755 0.022661513453346188 2.2523372805610744e-05 1.0842783777578676e-08
0.1 1.0334353593294858 0.038684090962995445 4.919165903838408e-05 3.1903138051203084e-08
0.1 1.7009753265665222 0.007311683720156728 3.932019051244121e-06 9.601585448030346e-10
0.1 1.1406511448698227 0.027325864297211257 2.9726473483507308e-05 1.5916930382496862e-08
0.1 1.0486772328128289 0.03670985656142817 4.564418591756261e-05 2.8775231266548625e-08
0.1 3.346114324473702 0.0008989028685894631 1.3153838342682108e-07 8.36826759651717e-12
0.1 3.447583694374672 0.0008207819258197356 1.1325449495741466e-07 6.788296699568848e-12
0.1 1.662567374232336 0.00786413107991208 4.411786004977283e-06 1.127073530150995e-09
0.1 0.9319537328835451 0.05656167139807812 8.357515981644653e-05 6.614471875625216e-08
0.1 1.463207073276433 0.011871430777845677 8.406909992162123e-06 2.7633100493227774e-09
0.1 0.8886053260839138 0.06786576131699738 0.00010681304090408078 9.259931214557549e-08
0.1 1.8192289627276181 0.005907944794108447 2.802733264317955e-06 5.991549322631651e-10
0.1 1.7817987024542585 0.00630951552175452 3.1120440342358668e-06 6.932362640918826e-10
0.1 0.8725531663230299 0.07287182856117752 0.00011735294956612684 1.0533335105024492e-07
0.1 1.5707754485685441 0.009435012444724009 5.875356965919363e-06 1.6791456650547182e-09
0.1 1.3051149772956916 0.017301092923171824 1.4996082099007046e-05 6.171072331244462e-09
0.1 0.9451083338477277 0.0536594098525565 7.776496782822397e-05 5.991313627889647e-08
0.1 1.6863075492649935 0.007516261569009177 4.107457767838183e-06 1.0203239477872942e-09
0.1 3.875831439430369 0.0005751409381464346 6.300506491732548e-08 2.9896411880386267e-12
0.1 1.1832019461551253 0.024090743842358892 2.4671954895439638e-05 1.2300113988330754e-08
0.1 1.6479884400668148 0.00808863625035881 4.612127131809966e-06 1.198943645873305e-09
0.1 1.4039116558539995 0.01359095008779677 1.0363078698356655e-05 3.695201092371971e-09
0.1 1.8214827530665827 0.005884880401652489 2.78531686243132e-06 5.939734184665027e-10
0.1 1.0912768023272974 0.03188388053354313 3.7246923947040854e-05 2.1736185214069442e-08
0.1 1.3324042218223289 0.0161502252934356 1.3503080808710634e-05 5.335625711391798e-09
0.1 0.9263345667518718 0.05786920815296574 8.621596536919775e-05 6.903037780025602e-08
0.1 1.6106657369799549 0.008704413250642118 5.17700629014238e-06 1.4080897334545832e-09
0.1 2.0047202521691916 0.004353749107100674 1.7195779312574964e-06 3.032414564418365e-10
0.1 1.264579353947987 0.0192280091597063 1.759835657601041e-05 7.703804594819209e-09
0.1 0.9708891648261745 0.04855044727926585 6.772836966780169e-05 4.9549451219131636e-08
0.1 0.8336301442340365 0.08743054101633983 0.00014860841109571663 1.4545861763267182e-07
0.1 1.9283116605797992 0.0049178331790275375 2.0907619789779845e-06 3.982402218214615e-10
0.1 3.1025805973151943 0.0011317565673460443 1.920870665465419e-07 1.4207521468831504e-11
0.1 1.5596889288702784 0.009652778473063436 6.089204022325461e-06 1.7647574860629294e-09
0.1 0.9942641334520522 0.04449007975765275 5.9950780194207755e-05 4.18943096272511e-08
0.1 1.1580506834165247 0.025934538617005735 2.7521600377854348e-05 1.4308014162699855e-08
0.1 0.9726441573875483 0.04822792126645718 6.710373887818522e-05 4.8922105382298616e-08
0.1 1.2927571514415532 0.01785934402204941 1.5737141697661666e-05 6.5979484586278675e-09
0.1 1.6941783454097357 0.007405534478561353 4.012173315220531e-06 9.875197112064014e-10
0.1 1.1336326994524595 0.027916337695158003 3.0675692956128677e-05 1.662377682201317e-08
0.1 0.9879388385873092 0.04554032293008132 6.194403950143163e-05 4.3823219001506715e-08
0.1 1.1211445680742462 0.029011442899492625 3.245657128187337e-05 1.7972169893187562e-08
0.1 3.6393168123989024 0.000696267849700985 8.636126539641168e-08 4.646559162470077e-12
0.1 1.7062406633135947 0.007240085011298555 3.871247023992659e-06 9.395579602300927e-10
0.1 1.40164789405668 0.013663151251956693 1.0448038163259617e-05 3.737336673799943e-09
0.1 1.6755236828212752 0.00767164084035425 4.242462793938251e-06 1.0673125355098197e-09
0.1 2.4485011881804337 0.0023395907173344647 6.297368276771556e-07 7.463877999718322e-11
0.1 1.0676113292153069 0.03444762644287821 4.1656912149702276e-05 2.5366420154120204e-08
0.1 3.71780192887008 0.0006525826594934205 7.760861410640552e-08 4.0015885153628306e-12
0.1 1.3490209295605342 0.015500282501643776 1.2681402263849141e-05 4.890500404091921e-09
0.1 3.5178376295957063 0.0007719403605525623 1.023691637040328e-07 5.893832191369548e-12
0.1 1.7771277986122354 0.006362191395286493 3.153458014929051e-06 7.061213732827448e-10
0.1 0.8154966403420882 0.09566824329570246 0.00016657037798510556 1.6995957056252554e-07
0.1 0.8344680707952613 0.08707488841673854 0.00014783654670788994 1.444281806900873e-07
0.1 1.4734625606422107 0.011604546774310527 8.115322097566563e-06 2.6310233698569674e-09
0.1 2.6593566061778913 0.001814282071880228 4.160562825317382e-07 4.1836289105942816e-11
0.1 0.8241820597405969 0.09158933685359923 0.00015765777281281953 1.576791600177144e-07
0.1 0.8260084479393426 0.09076355078676325 0.00015585762266051006 1.5522792539986055e-07
0.1 1.5996186638787966 0.008898827099459784 5.3599143547006406e-06 1.4777874805927455e-09
0.1 3.2599235653456655 0.0009732702172051112 1.4991203953505254e-07 1.0046648693943801e-11
0.1 2.6419949513376744 0.0018511600672947311 4.299529529242956e-07 4.380116687191245e-11
0.1 0.8612798501829588 0.07670789540867129 0.00012551082094254431 1.1547729424132281e-07
0.1 2.971166512534567 0.0012917169563777173 2.3862116764974505e-07 1.923947984618493e-11
0.1 1.46354448898989 0.011862517793630808 8.397118058551966e-06 2.758838480095556e-09
0.1 1.865594791234701 0.005456937087590005 2.46923274900491e-06 5.021880873374898e-10
0.1 2.078756217721821 0.003887308725887872 1.4329823840854586e-06 2.351522778493124e-10
0.1 2.896605850084957 0.0013961323977803842 2.7104532328171115e-07 2.2989042558570804e-11
0.1 3.936451465040879 0.0005486991591464581 5.829423942300652e-08 2.6817406795948185e-12
0.1 2.3660566763180397 0.0026006268041487697 7.478711372132175e-07 9.488992228927938e-11
0.1 1.155642537403518 0.02612117901098407 2.7814723530497134e-05 1.4519195199766299e-08
0.1 1.7056569725700472 0.007247975212168636 3.877928028126903e-06 9.41816562678593e-10
0.1 1.0367391245647934 0.03824381425371278 4.83952964271262e-05 3.119341598583446e-08
0.1 1.402149113431726 0.013647120172624089 1.042915531685976e-05 3.7279602895721006e-09
0.1 1.0216611208170496 0.04031202261642213 5.216126269755234e-05 3.4587069138282856e-08
0.1 2.2358166344679242 0.0030990728027106406 9.938040750748853e-07 1.4111629839786632e-10
0.1 2.0726670818298207 0.0039230555993181974 1.4542687870526886e-06 2.4003921417671504e-10
0.1 0.8275680631006052 0.09006683478417438 0.0001543400465508873 1.5316921385334082e-07
0.1 0.8507867208106505 0.08054306424625196 0.0001337271443191524 1.2593500014782e-07
0.1 1.2014369249312735 0.022865278250694128 2.2826337000812023e-05 1.1045206605870417e-08
0.1 0.8041296089487604 0.10141368302795219 0.0001791736910490964 1.8772159067868577e-07
0.1 0.8855100149130084 0.06879213861124277 0.00010875351729906812 9.491118302800039e-08
0.1 0.8774265985484123 0.07129789749669907 0.00011402535506823498 1.0126671482105828e-07
0.1 1.2715567441171904 0.018876049142551844 1.711386204594214e-05 7.411419418668193e-09
0.1 2.696013933467392 0.0017395934393881686 3.884457390572469e-07 3.800953613969429e-11
0.1 1.1255327690408996 0.028619965837025186 3.1816945549839295e-05 1.7484585642674318e-08
0.1 0.8142514698209471 0.09627436863956038 0.00016789749685078937 1.7180834333372296e-07
0.1 1.43162646611994 0.012747710287087545 9.38739258453384e-06 3.221015906239196e-09
0.1 1.2699054416457478 0.01895854211922419 1.7227060019290115e-05 7.479453271670423e-09
0.1 2.795421765406412 0.0015567394894837885 3.2394256580090937e-07 2.949247196986311e-11
0.1 1.7009792835660962 0.007311629553275405 3.931972951265119e-06 9.601428703923383e-10
0.1 2.52225771037276 0.0021350518804279985 5.425958253624999e-07 6.06227296141755e-11
0.1 0.855166764609449 0.07890957417757666 0.00013022078591467867 1.214432195448444e-07
0.1 0.7935428570061993 0.10722422232339934 0.0001919630093140872 2.0619862955505665e-07
0.1 0.8638922239435859 0.07579374284877055 0.00012356095469479519 1.1303062288825525e-07
0.1 1.0434314278401624 0.037373138129196654 4.682921739399115e-05 2.981039319969923e-08
0.1 1.2488676946984563 0.020054218401493542 1.8751132486149666e-05 8.411807985839693e-09
0.1 1.588972254437157 0.009091805746249607 5.543586320826638e-06 1.548713254559918e-09
0.1 1.8189508988040528 0.00591079884728055 2.804891087839455e-06 5.997977809703314e-10
0.1 0.9837788221573068 0.04625008395311051 6.329858245061818e-05 4.514720166614475e-08
0.1 3.471481109638567 0.000803715762025559 1.0940250050196732e-07 6.4676769731622806e-12
0.1 0.8739783787963316 0.07240645808027298 0.00011636781869106619 1.0412505920234848e-07
0.1 1.5696094937439915 0.009457598816160226 5.897417443936324e-06 1.6879222486144175e-09
0.1 1.7978354336332472 0.006133084918893174 2.974743327231446e-06 6.50999509833448e-10
0.1 0.968305846380678 0.04903073973930965 6.866062176069249e-05 5.0489712658692556e-08
0.1 1.3887407974057044 0.014084979279678321 1.0948766884180492e-05 3.988336564106678e-09
0.1 0.8460199109018768 0.08237635596789694 0.00013767360085681279 1.3104094062457765e-07
0.1 1.2690347928838734 0.01900223574380388 1.7287106265945254e-05 7.515611482245843e-09
0.1 0.8704015132477626 0.07358251931991085 0.00011885935935082252 1.0718804422068207e-07
0.1 1.287578733002618 0.0181006201694948 1.6060729459415806e-05 6.786794302856114e-09
0.1 0.8144991773958434 0.0961533490068786 0.00016763247126082246 1.7143873152327462e-07
0.1 1.9475420918706103 0.004766991932312922 1.9889551372689776e-06 3.714665634108218e-10
0.1 1.8918886553518053 0.005221666037631742 2.301299550127709e-06 4.5523066808978326e-10
0.1 0.7949981665452489 0.10639734655651754 0.00019014095157895235 2.0353924312696705e-07
0.1 0.9052954840261812 0.06316376047667058 9.70417604039796e-05 8.119109179438843e-08
0.1 2.4133096515592523 0.0024464992161133963 6.77198991995463e-07 8.260930991465668e-11
0.1 1.0009541316085497 0.04341584372013412 5.7926102554579115e-05 3.9959091011121476e-08
0.1 1.4786614257404422 0.011472367913477244 7.972155021698241e-06 2.5667375173735257e-09
0.1 2.6598435439880586 0.001813262029031046 4.156743655266791e-07 4.1782651336113115e-11
0.1 1.000755075511347 0.04344727969584492 5.798514424036858e-05 4.001517512682633e-08
0.1 0.7960392183034921 0.10581149656558539 0.00018885037241784202 2.0166094082170575e-07
0.1 0.9028918940584217 0.06381183071741407 9.838032897668212e-05 8.273036415124305e-08
0.1 0.9885947629938555 0.04542980883416247 6.173366646009878e-05 4.361854219268266e-08
0.1 1.5052190941230053 0.01082814748285305 7.286455315381062e-06 2.2651015251609375e-09
0.1 3.095343374650923 0.0011398529090824714 1.9434852335393105e-07 1.4441865482673516e-11
0.1 2.258446016829541 0.0030037630975313285 9.447882446227882e-07 1.3149789276699506e-10
0.1 0.9637086836295674 0.04990211056134173 7.035819010780596e-05 5.221390846627161e-08
0.1 1.2121836929991923 0.022182986516158763 2.1816392266719814e-05 1.0374447386132685e-08
0.1 0.8690736886336167 0.07402604126806145 0.000119800648174121 1.0835125106259276e-07
0.1 0.8083262829861806 0.09923589863817654 0.00017439059197229745 1.8092731091893808e-07
0.1 0.8458219489876344 0.08245377895618644 0.0001378405154070881 1.312580558808418e-07
0.1 1.0509096252438894 0.03643256292373368 4.515086448326598e-05 2.8347227480090114e-08
0.1 2.180954390787094 0.003347656015708505 1.1259028925573932e-06 1.6796390504222148e-10
0.1 0.9803406000905815 0.046848464265235985 6.444512939401674e-05 4.627607626869359e-08
0.1 1.4044212850549362 0.013574767618072024 1.034406691987189e-05 3.685790387853521e-09
0.1 0.9641689066031198 0.04981390107185946 7.018598376369483e-05 5.203829796619566e-08
0.1 1.36658995115472 0.014851363031611105 1.1877132544367871e-05 4.465402971339702e-09
0.1 1.2649850904297106 0.019207297133657722 1.7569734923256702e-05 7.686445475271866e-09
0.1 1.1384139370273914 0.02751219311881839 3.0025157871968602e-05 1.6138444680645697e-08
0.1 1.9224718096794988 0.004964912886610068 2.122909854916171e-06 4.068026920092155e-10
0.1 0.8708880332284534 0.07342095980868438 0.0001185167048626963 1.0676542313581656e-07
0.1 0.8522175647127677 0.08000416799957659 0.0001325693064140085 1.244470660929768e-07
0.1 1.1995335342097488 0.022989123412600333 2.3011028082338647e-05 1.1169108449768253e-08
0.1 1.2169540385184185 0.021889093154328326 2.138536977900371e-05 1.0091723130641286e-08
0.1 1.163221273682631 0.025539973678567814 2.690469490213832e-05 1.3866341876913968e-08
0.1 0.997426536247459 0.04397769662249777 5.898324844977805e-05 4.096646467946265e-08
0.1 1.6198312000886301 0.00854746087150977 5.030922640458278e-06 1.3531064658482693e-09
0.1 2.5279524524370816 0.0021202735751529493 5.364902141474518e-07 5.96721459893692e-11
0.1 2.7835882530152167 0.0015771125260799772 3.3090745467878274e-07 3.03822202276511e-11
0.1 1.0655666350666975 0.03468242215764904 4.2066705463372134e-05 2.5711361038194493e-08
0.1 1.4383989862726956 0.012552545920692555 9.166012244946043e-06 3.115979115413765e-09
0.1 1.1285446413345628 0.028355493320612362 3.138670806300326e-05 1.715868245757104e-08
0.1 0.9521504043700547 0.05219148400770662 7.485501766969196e-05 5.685473295158132e-08
0.1 1.0917321965949718 0.0318371836035744 3.716773417738044e-05 2.1672403840297477e-08
0.1 2.0790644204399507 0.0038855110741962294 1.431914954625305e-06 2.349079649953574e-10
0.1 0.8835261847556205 0.06939535221082253 0.00011001959192262285 9.642761864397428e-08
0.1 0.8580908744833435 0.07784531647874407 0.0001279416825183857 1.1854657371428042e-07
0.1 2.1801188658359423 0.0033516457849836357 1.128072407671339e-06 1.6841571014330265e-10
0.1 2.03400994222317 0.004160652102564053 1.5986328161660429e-06 2.7391479081767706e-10
0.1 2.0278655586800545 0.004200188916496257 1.6231352292449865e-06 2.797879186602322e-10
0.1 1.3454266921597886 0.015637793466167706 1.2853918719814196e-05 4.983064348258905e-09
0.1 0.8110362100508313 0.09786534383062237 0.0001713839372424889 1.7668963953117808e-07
0.1 1.1488307479976465 0.02665927146743459 2.866444875363085e-05 1.5136121517763583e-08
0.1 1.8274414537236974 0.005824484418072492 2.739892946229402e-06 5.805191823961826e-10
0.1 0.9307619261162547 0.05683548205206386 8.412701956499032e-05 6.674503959053955e-08
0.1 0.9580508585572209 0.051004715810329476 7.251744294819563e-05 5.442915370470626e-08
0.1 1.5221081916098214 0.010443838554337172 6.887176918873228e-06 2.0943986578302394e-09
0.1 1.605593894102555 0.00879294810781144 5.2600345013346264e-06 1.4396112419693835e-09
0.1 1.162442909695657 0.025598837898553408 2.6996489405787127e-05 1.3931821888950683e-08
0.1 0.9290790402341961 0.05722531439016382 8.491377736363315e-05 6.760336741291032e-08
0.1 1.068570065031267 0.03433829414239344 4.1466421135128905e-05 2.5206505911614594e-08
0.1 2.9043977625439394 0.00138470286986323 2.6741932340113884e-07 2.2560415076711852e-11
0.1 3.2322169331998785 0.0009989197022481893 1.5646269041230827e-07 1.066564906225222e-11
0.1 0.9559400060289898 0.05142486873358582 7.334344326098172e-05 5.528302790397675e-08
0.1 1.7954752841981099 0.0061586284826655015 2.994486430687199e-06 6.570268904459061e-10
0.1 2.803618914354273 0.0015428333428945309 3.192210049701302e-07 2.8893592736948736e-11
0.1 2.014514147435262 0.004287862184982673 1.677950702179338e-06 2.9305308090819753e-10
0.1 0.9462580802981009 0.05341580235959808 7.728066687784439e-05 5.940117794628208e-08
0.1 0.7938639512258334 0.10704098528173041 0.00019155918769930418 2.0560846912076427e-07
0.1 0.845981935318997 0.08239120015821792 0.0001377056016008826 1.3108255856538914e-07
0.1 2.9231924576898414 0.001357645164279052 2.5891004335014826e-07 2.1563601427492458e-11
0.1 1.08385332597187 0.03265869337256352 3.8566926467754005e-05 2.2806782013190054e-08
0.1 1.6389764836576812 0.0082317745631032 4.741441768320168e-06 1.2459872797702653e-09
0.1 1.3622954287938667 0.015006503256015174 1.2067919660978856e-05 4.565272062722533e-09
0.1 1.3309100533152138 0.016210482524941786 1.3580059548513561e-05 5.377872285594594e-09
0.1 1.5609645610073637 0.009627376773718806 6.064127595294546e-06 1.7546570212602678e-09
0.1 1.841520226262791 0.005685073278682744 2.6360564238401894e-06 5.500919532370642e-10
0.1 1.1210602288820446 0.029019039330386683 3.2469015470517124e-05 1.7981692191999962e-08
0.1 1.612008618238539 0.008681174276914028 5.155287089452977e-06 1.3998763478427552e-09
0.1 1.6918319683184369 0.007438311151808803 4.040298194102955e-06 9.9717118822543e-10
0.1 2.1795105105615504 0.0033545548072033827 1.1296552155333642e-06 1.687455486475108e-10
0.1 0.8148094026053314 0.09600209498048355 0.00016730127019486417 1.709771183192851e-07
0.1 1.4524669066095417 0.012159967246041837 8.725891222242927e-06 2.9100684151759696e-09
0.1 1.4827973817458904 0.011368672383806906 7.860423152049495e-06 2.5168758662760045e-09
0.1 1.4456814729505765 0.012347200474072336 8.934927105716167e-06 3.007377923654567e-09
0.1 1.134968585447114 0.027802596829148454 3.0492238462243338e-05 1.6486513890122636e-08
0.1 2.3418214432494704 0.0026847595261888287 7.875449561750376e-07 1.0199063575624158e-10
0.1 2.843662059223782 0.0014772423210851983 2.9730967038086384e-07 2.6160720574712884e-11
0.1 0.9243729575855034 0.058335723186880996 8.716148367068445e-05 7.007146236156742e-08
0.1 0.918133607775197 0.0598554493211539 9.025324594373355e-05 7.350429063632347e-08
0.1 2.2587488232667257 0.0030025146441984393 9.441523005797762e-07 1.3137436867206894e-10
0.1 1.0054519044629626 0.04271393908807996 5.661114127553669e-05 3.871550068240605e-08
0.1 1.9665618806341791 0.004623876270292145 1.8940653623383707e-06 3.46991373773741e-10
0.1 1.641199259994483 0.008196152914700808 4.709146083590626e-06 1.2341909748294291e-09
0.1 0.8076126309948859 0.09960143834495012 0.0001751929699454412 1.820625642351851e-07
0.1 0.9990507538186411 0.043717744458193764 5.849364101841301e-05 4.0499072102000125e-08
0.1 0.8547374156072217 0.07906758927793224 0.00013055954286115274 1.2187531939899293e-07
0.1 2.0426240785540664 0.00410606299906375 1.5650252457780142e-06 2.6591665851389027e-10
0.1 1.2717881559696875 0.01886452802277701 1.709807018382186e-05 7.401941874537128e-09
0.1 2.237170320496063 0.003093257942389312 9.90787358743503e-07 1.4051881010300538e-10
0.1 0.8753446416650714 0.07196430306646298 0.00011543279478165506 1.0298161422769349e-07
0.1 3.319285570572169 0.0009212105013738916 1.36952130235985e-07 8.853692966449376e-12
0.1 0.9101400489089247 0.061885603722473315 9.44099825073474e-05 7.81871287087573e-08
0.1 1.0212565276349648 0.040369650062790585 5.226708910326652e-05 3.468378549346822e-08
0.1 0.8430424715183519 0.08355193288069562 0.00014021008914684847 1.3435034380857843e-07
0.1 0.9238903750877316 0.058451306902295344 8.739600843559715e-05 7.033032939552443e-08
0.1 2.316830921466371 0.0027753893708303604 8.311324187705529e-07 1.0995617677353992e-10
0.1 1.1796332078214613 0.0243411181657128 2.5053887989254714e-05 1.2564371143429073e-08
0.1 0.9926599661422963 0.04475319394539191 6.0448883332166115e-05 4.237414686968252e-08
0.1 0.8064319140532351 0.10021049640278018 0.00017653030715398816 1.8395876154549866e-07
0.1 1.104437081477569 0.030571760518002995 3.5038007340951895e-05 1.9976404795802485e-08
0.1 1.7340495775215157 0.006877255623959312 3.56838027901598e-06 8.387927846895678e-10
0.1 0.9498906915453725 0.0526562906449727 7.577424692483261e-05 5.7816240957482646e-08
0.1 3.6930394598917986 0.0006659595459461772 8.025003618512595e-08 4.193330870675913e-12
0.1 1.2323861752548566 0.020974233279258857 2.0059501757237476e-05 9.23568762932714e-09
0.1 1.1340883857567452 0.02787746714353376 3.0612965524651385e-05 1.6576808475609362e-08
0.1 1.8820863316612018 0.0053077439430302764 2.3622507743402775e-06 4.721236856107823e-10
0.1 1.5490843138943011 0.009867514407437473 6.302568295102064e-06 1.8513475069630933e-09
0.1 0.877019593990558 0.07142748062090927 0.00011429886083305299 1.0159937699716427e-07
0.1 0.7995279356274048 0.10388190868035616 0.00018460200652917934 1.9550960622585152e-07
0.1 2.5368759264712413 0.002097391314886566 5.270879660677583e-07 5.821667070556836e-11
0.1 0.8296724026574555 0.08913890434820457 0.00015232063072613566 1.5044079624609364e-07
0.1 1.4853340064479907 0.011305705023639668 7.792827956323186e-06 2.486843337063293e-09
0.1 1.325461542918057 0.016432836050709755 1.386527266770328e-05 5.5351985637154685e-09
0.1 1.01656823309892 0.041045894867513144 5.3512442558572124e-05 3.582736543509061e-08
0.1 1.2116446734721202 0.022216535457747398 2.186574975410972e-05 1.0406959318304774e-08
0.1 1.1743354826998804 0.02471945752935388 2.563407251337503e-05 1.2968720085343645e-08
0.1 1.3310615407725765 0.016204359300705653 1.3572230995658089e-05 5.373571704676319e-09
0.1 1.8718978512959226 0.00539925521524093 2.427670596864986e-06 4.904462364440915e-10
0.1 1.6654653525166716 0.007820513004378825 4.373218075922774e-06 1.113381361397766e-09
0.1 0.8364151951224702 0.08625642470430933 0.00014606156152151568 1.420658139468172e-07
0.1 1.1308650650210528 0.028154038268977936 3.10600132862917e-05 1.691233260386221e-08
0.1 0.9132439732861835 0.06108587367728154 9.276902286532764e-05 7.632935239813403e-08
0.1 1.600430659762531 0.008884337632208007 5.346208312591949e-06 1.4725322276452996e-09
0.1 0.8329473370501477 0.08772189885368556 0.00014924098910702293 1.4630452211592972e-07
0.1 1.2315997965883727 0.02101956772484882 2.012462817041259e-05 9.277246308323669e-09
0.1 1.8818012367040091 0.0053102760355846525 2.3640523363155022e-06 4.726256267225155e-10
0.1 1.0359775565699592 0.03834468231009675 4.8577483899862074e-05 3.1355402049669034e-08
0.1 1.9710002884222788 0.004591315037908368 1.8727106812719691e-06 3.415485253758379e-10
0.1 1.2207202270349442 0.02166083612413483 2.105230182614218e-05 9.874727558983091e-09
0.1 1.3083101906127856 0.01716064946365836 1.481135287750809e-05 6.065898206422474e-09
0.1 3.25044803495857 0.0009819419532133907 1.5211460893730659e-07 1.0253603870583764e-11
0.1 0.949943646183501 0.05264533165322972 7.575255022741679e-05 5.779349693001948e-08
0.1 2.132385435719998 0.0035906239420508013 1.2607970918080747e-06 1.966926813766882e-10
0.1 3.2463019039923435 0.000985768909896784 1.5309057616777976e-07 1.034568898284969e-11
0.1 1.8518160968994377 0.005585960658777263 2.563104700709862e-06 5.289928767801111e-10
0.1 1.2348319729143442 0.020834090068203793 1.985856017595569e-05 9.107786098153527e-09
0.1 1.2679691440519123 0.019055903739178332 1.736094422248939e-05 7.560140457300281e-09
0.1 1.1332862565995223 0.027945939844710554 3.072348606942406e-05 1.6659587121257692e-08
0.1 2.517037912805369 0.0021487193560647696 5.482656465159517e-07 6.150926358500325e-11
0.1 0.7984475888446497 0.10447396130389766 0.00018590512263369366 1.9739122578333005e-07
0.1 1.0920703651390962 0.03180256860040792 3.7109060289242084e-05 2.1625179295754786e-08
0.1 1.1234562536485597 0.028804296906693616 3.211770894622024e-05 1.771340142265834e-08
0.1 2.687878036523311 0.0017558089873044845 3.943789701700262e-07 3.882305389221838e-11
0.1 3.4601942360068114 0.0008117164314402664 1.11201888124708e-07 6.616899287165985e-12
0.1 0.8002056017730789 0.10351300753335053 0.00018379024117102022 1.943398084816936e-07
0.1 2.2035497847395127 0.0032421393663161465 1.069087745536159e-06 1.562553886785635e-10
0.1 1.9476247372472357 0.004766357227365221 1.9885306289208674e-06 3.713560279378599e-10
0.1 1.8748361681213932 0.005372646620944574 2.4085828915022465e-06 4.850799734538524e-10
0.1 1.9605170151090523 0.004668725605512148 1.9236217223349964e-06 3.545644671406771e-10
0.1 1.031467228903608 0.03894974156325723 4.967357831996477e-05 3.2334709952497127e-08
0.1 1.012094256155453 0.0417060832662625 5.4734360132823385e-05 3.695905447764579e-08
0.1 0.8068190887548436 0.10001018590851726 0.00017609041844171973 1.8333449005733619e-07
0.1 2.940705472906863 0.0013330664868116788 2.512720468990602e-07 2.0679845598915765e-11
0.1 0.9514390292994798 0.052337183219943344 7.514294026537064e-05 5.715543605278911e-08
0.1 1.45238969061129 0.012162076071995888 8.728236694185892e-06 2.9111553215028775e-09
0.1 1.772736446796085 0.006412258272090453 3.1929986967017762e-06 7.184855579943771e-10
0.1 0.838497717641774 0.08539321321375899 0.00014419156608164608 1.3958798028594488e-07
0.1 1.544366594812011 0.009965131962587527 6.400371030556309e-06 1.8914232188170188e-09
0.1 2.487955702794661 0.002227058624222712 5.811899206511016e-07 6.672842712836049e-11
0.1 1.9260380422134382 0.00493609074809934 2.103208056351781e-06 4.01549105292796e-10
0.1 0.8557298663494511 0.07870301725560083 0.00012977810574605345 1.2087916502549468e-07
0.1 0.8900003127855494 0.06745405629237788 0.0001059521884303841 9.157851705109829e-08
0.1 1.0965214268990013 0.03135178490338015 3.6347080472806454e-05 2.101444061236896e-08
0.1 0.8232488821749303 0.09201544302788843 0.00015858724222006192 1.5894868181639477e-07
0.1 1.9649759310182415 0.004635586672117445 1.9017667561492242e-06 3.4896022792332233e-10
0.1 1.0875857813092884 0.0322658962505793 3.7896321081597844e-05 2.2261137452538113e-08
0.1 0.8236075017446933 0.0918513538498889 0.00015822926616214296 1.584594262478217e-07
0.1 1.9950739313755474 0.004419983932581702 1.7617963358494734e-06 3.136739991656364e-10
0.1 2.487554972712345 0.002228164653588071 5.816599208799978e-07 6.68037978493114e-11
0.1 0.8076401250123412 0.09958731965389338 0.00017516197512042076 1.820186769551686e-07
0.1 0.8044110789421941 0.10126547021700628 0.00017884796636203314 1.8725686834042092e-07
0.1 2.0479613590076937 0.004072723104556849 1.5446277329781698e-06 2.6109507923571325e-10
0.1 1.4327016761686224 0.01271645100706734 9.351820257838732e-06 3.204073019714092e-09
0.1 1.1485184476649706 0.02668430723905569 2.8704149870922853e-05 1.5165116550632033e-08
0.1 1.0490398025605214 0.03666462090780196 4.55636239844381e-05 2.8705217738790426e-08
0.1 1.016444781203646 0.041063914974452255 5.3545715484103994e-05 3.585805576936528e-08
0.1 1.3700043721559358 0.014729576169315904 1.1728028755795483e-05 4.387781096347468e-09
0.1 3.1413351303492596 0.001089686438245726 1.8050102188777688e-07 1.3024232851913057e-11
0.1 0.8010818779155148 0.10303879174217533 0.00018274695456915155 1.92839026562844e-07
0.1 1.1198231225546458 0.029130782699930136 3.265221152602456e-05 1.8122032636470468e-08
0.1 0.9057656404994617 0.06303808640018702 9.678250478431488e-05 8.089384751618483e-08
0.1 1.9531966545511474 0.004723827203545825 1.9601598089196336e-06 3.639897579493416e-10
0.1 1.2916196795991854 0.01791196233547228 1.5807542532163024e-05 6.6389091226421195e-09
0.1 0.8647089593178281 0.07551113348356796 0.00012295886701027209 1.1227790533946884e-07
0.1 2.8218133190602974 0.0015125568066348977 3.09032950813774e-07 2.761331927306237e-11
0.1 2.3970721226318026 0.0024980434360664817 7.00541123897778e-07 8.661201810743374e-11
0.1 2.0313333138919107 0.0041778132992493135 1.6092515999886034e-06 2.7645575624337763e-10
0.1 3.782944140237808 0.0006190662078482918 7.114282805524611e-08 3.5432334609039667e-12
0.1 2.909786551379068 0.0013768715907467122 2.6494566633403083e-07 2.2269323695912947e-11
0.1 1.0766068120552403 0.033440490129607245 3.99101833788486e-05 2.3910416553107635e-08
0.1 0.8076161226911697 0.09959964513353042 0.00017518903328458775 1.8205698994932047e-07
0.1 1.0129724457983993 0.04157533079810072 5.449188073541478e-05 3.6733728517740176e-08
0.1 0.8959945323845039 0.06572477462887508 0.00010234710397300772 8.733624563902372e-08
0.1 3.7720154440733165 0.0006245257938406901 7.218107917471013e-08 3.615758764514123e-12
0.1 0.9799161562879652 0.04692308567845332 6.458839889288635e-05 4.641766070721212e-08
0.1 0.9597836669166385 0.050663412580735596 7.184774896023486e-05 5.3739470261043464e-08
0.1 2.781687535817089 0.0015804181339596835 3.320428555262978e-07 3.052797427308287e-11
0.1 1.4568691584910822 0.012040557412400697 8.593415095757348e-06 2.84886194191617e-09
0.1 1.7765150805713985 0.006369145345597634 3.1589395977061785e-06 7.078318383085913e-10
0.1 0.9957733437442988 0.04424451502330363 5.948667231565692e-05 4.14485432358452e-08
0.1 2.464329097183864 0.0022935494048356487 6.096976194401438e-07 7.134318316402337e-11
0.1 1.901885361633742 0.005135810188480488 2.2410749670363237e-06 4.387104697828044e-10
0.1 1.300760939512219 0.017495018132003572 1.5252290408118703e-05 6.3177647260815334e-09
0.1 0.7994979943591437 0.10389825165148574 0.0001846379726089318 1.9556147694314677e-07
0.1 1.5402276145063132 0.010051857818367786 6.487681702825955e-06 1.9274010965443377e-09
0.1 2.2242531086801773 0.003149349114578844 1.0200283439952264e-06 1.46340267557541e-10
0.1 0.9231779026505437 0.05862254456144627 8.774364821783788e-05 7.071451694806207e-08
0.1 1.742751018918666 0.0067687890570337665 3.4795178011899154e-06 8.098440113891949e-10
0.1 1.263096319419638 0.0193039763835597 1.7703451884598096e-05 7.767637590500267e-09
0.1 1.2434955050776406 0.020347899174223832 1.9165998680481147e-05 8.670751751216423e-09
0.1 1.1932819536470367 0.023402447708498503 2.3630421907434237e-05 1.1587383196832866e-08
0.1 1.1834017405461992 0.024076831887715675 2.4650780443594874e-05 1.2285508588071724e-08
0.1 2.080584279321859 0.0038766625568580917 1.426665020324051e-06 2.337074054938293e-10
0.1 2.704254570299207 0.0017233732067513383 3.825450356202347e-07 3.720534603021236e-11
0.1 1.6853898879691496 0.007529316902836682 4.118743167485079e-06 1.0242290810525293e-09
0.1 0.8070278514212595 0.0999024193760041 0.00017585378265941824 1.8299889246084417e-07
0.1 1.044566696907618 0.037228186484838444 4.65696456407124e-05 2.958280544123324e-08
0.1 1.7674181696462656 0.006473609090372989 3.24168621094695e-06 7.33792303666787e-10
0.1 2.1847288486619876 0.0033297117662389165 1.1161644043458944e-06 1.659400797015629e-10
0.1 3.7640884787086812 0.0006285261750811708 7.294555127817697e-08 3.6694261045592146e-12
0.1 2.674171712155628 0.0017835884121288363 4.0462254963546393e-07 4.023899314718938e-11
0.1 1.087212040641276 0.032304931581528626 3.796283436061792e-05 2.2315096230489622e-08
0.1 1.236693729941918 0.02072827355570175 1.9707224290405882e-05 9.01178363196287e-09
0.1 0.822175367644801 0.09250916736975534 0.00015966469683371823 1.6042361727081387e-07
0.1 1.3954497702802366 0.013863533843669864 1.0684977118466513e-05 3.855542768803607e-09
0.1 0.8779251950818944 0.07113960904085444 0.00011369137596783902 1.0086088806826037e-07
0.1 1.1714296448088193 0.024930430331526296 2.595917472777621e-05 1.319681839576081e-08
0.1 3.3980547942125328 0.0008577277416697965 1.2176939121693493e-07 7.512401941828366e-12
0.1 3.0986639045427644 0.0011361286076523012 1.9330699236336212e-07 1.4333801288475249e-11
0.1 2.1258476268251036 0.003625123614247426 1.2804028786997283e-06 2.0097316410050068e-10
0.1 0.8628081428103127 0.07617119840618428 0.0001243656359570913 1.1403866803097764e-07
0.1 1.3123182326945102 0.01698667698032272 1.4583485626193036e-05 5.936854582479485e-09
0.1 2.8904562880433695 0.001405242272322245 2.7394878123577656e-07 2.3333903956778685e-11
0.1 1.98632508259244 0.004481236172545013 1.8011677080886873e-06 3.234919863343924e-10
0.1 2.4740350572526846 0.0022659162865382152 5.97787716378912e-07 6.940461927915353e-11
0.1 1.209226425102544 0.022367911480682987 2.2088847198388123e-05 1.055426171137291e-08
0.1 0.8933197274271262 0.06648855624134882 0.0001039372070678925 8.92008613831125e-08
0.1 1.7940905047052444 0.006173682713785702 3.0061436655603265e-06 6.605930458753845e-10
0.1 0.9946887061365427 0.044420804567369854 5.9819776970334965e-05 4.1768354128032234e-08
0.1 1.7630402190109253 0.006524709444323257 3.2824358605599787e-06 7.466728105180964e-10
0.1 1.0273576304325749 0.03951270760072752 5.069833262602281e-05 3.3257573364795205e-08
0.1 0.7911432099827531 0.1086081157999704 0.00019501373548885494 2.1067101789417142e-07
0.1 1.6718155983625633 0.007726073409364414 4.2901127515564735e-06 1.084037800486742e-09
0.1 3.091033150365215 0.0011447116753510185 1.9571055219778186e-07 1.4583530245099324e-11
0.1 2.3816645259461997 0.002548310840607263 7.235889898058025e-07 9.061632723932312e-11
0.1 2.975840877786684 0.0012855244215371896 2.3674819205818823e-07 1.90287584054375e-11
0.1 1.1381377867435214 0.027535314369120004 3.0062276063922445e-05 1.616603102966865e-08
0.1 0.8260588441172746 0.09074091666062882 0.00015580830370152919 1.5516090862129433e-07
0.1 2.101538459700067 0.0037573875559928217 1.356588735081211e-06 2.17850231161257e-10
0.1 3.463866616641213 0.0008091016260378022 1.1061255367316267e-07 6.567919522235544e-12
0.1 1.6379093230822117 0.008248951179053594 4.7570415558904015e-06 1.2516964791274909e-09
0.1 1.5524759067201424 0.0097981375858273 6.233366157778244e-06 1.823136413248854e-09
0.1 2.6812503614840337 0.0017691686773551195 3.992928691761262e-07 3.95004924171977e-11
0.1 1.174645804161111 0.02469707297132289 2.5599644485353303e-05 1.2944628495718206e-08
0.1 3.6587758845598413 0.0006850806838360916 8.408522361850914e-08 4.476217062141348e-12
0.1 0.8168413794022207 0.09501980909191295 0.00016515135323335228 1.6798848945727834e-07
0.1 0.8629001930531506 0.07613904416915894 0.0001242970643911628 1.1395267549685591e-07
0.1 1.8137188635756458 0.005964849568140348 2.8458671345699297e-06 6.120418169269304e-10
0.1 3.036840207276513 0.0012082388108398687 2.1385297519750722e-07 1.6507291495728317e-11
0.1 1.6995327045407111 0.007331467850952032 3.948869306450695e-06 9.658925829394347e-10
0.1 1.2571734251429305 0.019611514318715422 1.8130780999884113e-05 8.028675073386672e-09
0.1 2.54683692469171 0.002072238310503434 5.168251819351528e-07 5.663967291216551e-11
0.1 3.6913546738520164 0.0006668829555044707 8.043364287846629e-08 4.2067535557861535e-12
0.1 2.2182364711426796 0.0031759428352246596 1.0340016368740435e-06 1.4914559111413305e-10
0.1 1.3910583322266008 0.014007941348750684 1.0856767673601654e-05 3.941881951022649e-09
0.1 1.165947663431195 0.025335256158271334 2.6586113793224666e-05 1.3639743643209845e-08
0.1 1.4658554916120436 0.011801715859655578 8.330419198022697e-06 2.7284335706745028e-09
0.1 2.0784902611858502 0.0038888608689114784 1.4339042663743748e-06 2.3536333556194057e-10
0.1 0.8025422093716016 0.10225545391320404 0.00018102416281087636 1.9036732389693172e-07
0.1 1.0634320721943735 0.034929919601761304 4.2499702778690204e-05 2.6077199724082177e-08
0.1 0.8385097673338557 0.08538825471933664 0.0001441808305538704 1.3957378792618944e-07
0.1 0.7944255270420041 0.10672160245241227 0.00019085539339561621 2.0458095350203731e-07
0.1 1.475628705363581 0.0115492229152789 8.055297934031846e-06 2.6040170504240402e-09
0.1 0.9123313948158022 0.0613194738733116 9.324788067321106e-05 7.687025945638657e-08
0.1 2.0130335717583994 0.004297735923227585 1.6841653272706273e-06 2.9456788483200286e-10
0.1 3.0360800598349216 0.0012091630789619603 2.141214793998111e-07 1.6536266454426502e-11
0.1 2.766788628669888 0.001606653970627057 3.41106704536229e-07 3.169857640379243e-11
0.1 1.2096915260983392 0.022338687348524188 2.2045726928231578e-05 1.052574685122901e-08
0.1 1.334638342207302 0.0160606973063235 1.3388956838200406e-05 5.273163454036044e-09
0.1 2.389918554164421 0.0025212147816811147 7.11130629117209e-07 8.844546527147294e-11
0.1 1.454912293033007 0.012093438760991115 8.652001959373605e-06 2.875885551963752e-09
0.1 1.192528508094775 0.02345295148530145 2.3706419177899117e-05 1.163899318407218e-08
0.1 2.458696772325856 0.0023097925075874237 6.167395378600513e-07 7.249647261764727e-11
0.1 2.374114784721496 0.0025734385204842177 7.35214469807126e-07 9.265542806585423e-11
0.1 1.116763540967837 0.02940971542517449 3.3110660365958984e-05 1.8474532357683906e-08
0.1 3.3431762251851866 0.0009013103516865595 1.321185729003466e-07 8.419916972987696e-12
0.1 0.9478477080135553 0.05308155337808362 7.661705491101453e-05 5.87015718486031e-08
0.1 1.9457032534506657 0.004781143484368089 1.9984285569640375e-06 3.7393570416656905e-10
0.1 2.168004048117081 0.0034102217807485107 1.160100936499995e-06 1.751253507127588e-10
0.1 3.7879991882836577 0.0006165624670917225 7.066865476516147e-08 3.510250399812275e-12
0.1 2.0435896354546115 0.004100004376072598 1.5613113116587081e-06 2.6503690522450784e-10
0.1 3.9039103842680505 0.0005626861807416364 6.076833680525022e-08 2.8422610982166154e-12
0.1 1.8753718136689275 0.005367815047339063 2.4051227224773646e-06 4.841089710055156e-10
0.1 1.5852427495394212 0.009160749931211937 5.609710771442247e-06 1.574473583459785e-09
0.1 0.8375770800937732 0.08577328413448276 0.00014501466069051722 1.40677225173475e-07
0.1 1.6408070444388005 0.008202423261004156 4.714825499799089e-06 1.2362631593583153e-09
0.1 3.4465937215538527 0.0008214993231569147 1.1341754916930374e-07 6.801965438368635e-12
0.1 0.7940410681937561 0.10694010496274729 0.00019133687765585035 2.0528376163286687e-07
0.1 1.3251395955905316 0.01644610498176015 1.3882349975771466e-05 5.544658262252988e-09
0.1 1.2141876666250764 0.022058867490439227 2.1634062373492744e-05 1.0254588629014825e-08
0.1 1.5044168323290106 0.01084687796304969 7.3061045053362195e-06 2.273597713577324e-09
0.1 1.1608105287618735 0.025722897390028716 2.71902278310538e-05 1.4070298079523642e-08
0.1 1.0366817609213883 0.03825139904781601 4.840899064278119e-05 3.120558388299136e-08
0.1 1.1228637758537987 0.02885719211645844 3.220415065524457e-05 1.7779314517545023e-08
0.1 0.8583984196167472 0.07773457717361908 0.00012770478712029773 1.1824653919922222e-07
0.1 1.3595849173431156 0.015105562522645997 1.2190234221173425e-05 4.629619235205335e-09
0.1 2.827801042505805 0.0015027671843941394 3.057657798165717e-07 2.7206258326529392e-11
0.1 1.9182009034586127 0.0049997297229191495 2.1467971995188856e-06 4.1319807108093503e-10
0.1 0.8392470400117327 0.08508564833798078 0.00014352579984073196 1.3870854764269347e-07
0.1 1.501624459832367 0.010912416372339442 7.374994505901128e-06 2.3034551678404573e-09
0.1 2.6126497298964377 0.001915812822939921 4.54730999161053e-07 4.736707749003771e-11
0.1 0.8623377602387214 0.0763358117453933 0.00012471675510544356 1.1447925638541631e-07
0.1 1.189805662065393 0.0236367222518457 2.3983526451443305e-05 1.1827708461859954e-08
0.1 1.525726148166136 0.01036393177011934 6.8050965106745225e-06 2.0597726556523247e-09
0.1 3.092004964761826 0.0011436137645211427 1.9540246135415088e-07 1.4551451314695127e-11
0.1 1.67236184754645 0.007718021998745839 4.283053049480077e-06 1.081555234194673e-09
0.1 1.2029190146322797 0.02276948067376305 2.2683760347903423e-05 1.0949817398633938e-08
0.1 0.9067160375720853 0.06278512321919248 9.626098096166189e-05 8.029677813281306e-08
0.1 0.8551625287747988 0.07891113090257437 0.00013022412280474667 1.2144747394640798e-07
0.1 0.8945546289595115 0.06613437614712302 0.00010319941155546047 8.833440417575764e-08
0.1 1.364673138837956 0.01492033607163493 1.1961836637724324e-05 4.509666502362796e-09
0.1 1.2165473743380435 0.021913937463782056 2.142171172775333e-05 1.0115478303807395e-08
0.1 3.1832043612116263 0.0010465550998334306 1.6891316225674297e-07 1.187056880015435e-11
0.1 1.7186520904908913 0.007075026631096838 3.732404169915554e-06 8.929669008155211e-10
0.1 1.5878268480325448 0.009112904766032144 5.563794315791614e-06 1.5565731503472673e-09
0.1 0.9989441541918219 0.04373473939479074 5.8525624041333324e-05 4.0529559995277035e-08
0.1 1.4206783865638977 0.013072047400338915 9.759022999636564e-06 3.3994929094356665e-09
0.1 1.3739610256063397 0.014590148689672625 1.155805230487485e-05 4.299755072840358e-09
0.1 1.3141753851334526 0.016906883968089623 1.4479332604409382e-05 5.878127611687075e-09
0.1 2.0731094737422597 0.00392044361680629 1.4527095360641837e-06 2.396802798893881e-10
0.1 0.9957394860679069 0.044250003183033314 5.949703653387034e-05 4.145848388810342e-08
0.1 1.7054011261667184 0.007251437355566847 3.880860848108235e-06 9.428085213837915e-10
0.1 0.8346348637734509 0.08700434218686452 0.00014768348235753829 1.4422406614285204e-07
0.1 2.1306740236109967 0.0035996121248768114 1.2658942807531622e-06 1.9780303392958898e-10
0.1 1.3714317822037534 0.014679067033101872 1.1666363275392212e-05 4.355789175363533e-09
0.1 2.0204747135488206 0.00424841983667908 1.653208603559774e-06 2.8704413863610476e-10
0.1 1.4082155299083523 0.01345510969456103 1.0203832929349404e-05 3.616581817084295e-09
0.1 2.0831402980707905 0.0038618426729128733 1.4178879905208976e-06 2.317041486932563e-10
0.1 1.8578444642889407 0.0055290097608213995 2.5215161256034223e-06 5.170690896026429e-10
0.1 2.255606628629433 0.0030155037576858478 9.507765299083835e-07 1.3266264854219374e-10
0.1 1.2256578736499786 0.02136651213559623 2.0625040292973375e-05 9.598271916719497e-09
0.1 1.6280379212850216 0.0084101652581618 4.904305749430557e-06 1.3059495472865526e-09
0.1 3.3466400976952912 0.00089847295731776 1.3143488133816708e-07 8.359063182002596e-12
0.1 0.7929977665523188 0.10753632796513699 0.00019265089843657665 2.072049334001793e-07
0.1 1.9126133424495773 0.005045779238084907 2.1785380861436994e-06 4.2173934437478894e-10
0.1 2.200779962104062 0.003254831161124686 1.0758640771003511e-06 1.5763926095942792e-10
0.1 2.0453893501076417 0.004088743728745311 1.5544170734291695e-06 2.634059861430011e-10
0.1 2.143600218852803 0.003532465974535182 1.227998717512821e-06 1.8959045075359336e-10
0.1 1.0490422785898474 0.03666431225552321 4.556307440723603e-05 2.870474027895146e-08
0.1 1.0129110500705596 0.04158445327410881 5.450879073250828e-05 3.6749430247111445e-08
0.1 2.4565446935254998 0.0023160396850793177 6.194559753212502e-07 7.294275361885503e-11
0.1 1.2933823461953409 0.017830513321317524 1.569860754750051e-05 6.5755581362709924e-09
0.1 3.3588720689769977 0.0008885483830436191 1.2905429903107347e-07 8.14815656123916e-12
0.1 1.3179670138434667 0.016745561782429117 1.4269454626733005e-05 5.760279077687778e-09
0.1 1.3704874930687312 0.01471245431803096 1.1707113682869247e-05 4.376923133520145e-09
0.1 1.4885022094040654 0.011227724412402256 7.709381449712398e-06 2.449906936323287e-09
0.1 0.8349588277350284 0.08686755372171813 0.00014738673051969625 1.4382855475520733e-07
0.1 2.689795690058693 0.0017519687384451772 3.929707462527287e-07 3.86295275597915e-11
0.1 2.88285559297537 0.0014166122423675553 2.7758914596430647e-07 2.376834402201969e-11
0.1 1.330709542178492 0.016218592188053008 1.3590429895942829e-05 5.3835706544122865e-09
0.1 0.9149667466048765 0.06064830422902743 9.187309389670964e-05 7.532005103258577e-08
0.1 1.885716372609737 0.005275645454942257 2.3394555215336825e-06 4.657855840341128e-10
0.1 1.6026644119388014 0.008844642723796103 5.308720573180719e-06 1.4581852250014803e-09
0.1 1.2241097868666297 0.021458195636369682 2.0757865953720526e-05 9.683984420606829e-09
0.1 1.8842416463167189 0.005288653978126202 2.3486842200951442e-06 4.683486724723842e-10
0.1 0.8101200014285531 0.09832564566618547 0.0001723934028273107 1.7810952601021307e-07
0.1 1.36017186679196 0.015084036043395426 1.2163621528134352e-05 4.615597630204994e-09
0.1 0.7950583239050816 0.10636336541603521 0.00019006608540730888 2.0343016146237887e-07
0.1 2.9326477942764932 0.0013443003566979657 2.5475217888904693e-07 2.1081212481974395e-11
0.1 1.1011186563435114 0.030895450761956482 3.557977112990081e-05 2.040426475320724e-08
0.1 0.8710918733273103 0.07335342064375984 0.00011837349558186182 1.0658892221093199e-07
0.1 0.8728959243713165 0.07275952019604334 0.00011711511263041097 1.0504130268994521e-07
0.1 1.6069454333235698 0.00876923650941425 5.237753791473757e-06 1.431133276144321e-09
0.1 1.3098824588737374 0.017092114284738103 1.472145852106092e-05 6.01489859486768e-09
0.1 0.9253446803050547 0.058103963630530074 8.66915468382344e-05 6.955351134323121e-08
0.1 2.1586441639591216 0.0034564242475891246 1.1855959785090487e-06 1.8051882031331118e-10
0.1 1.5496415662239926 0.009856069811882737 6.291134945191101e-06 1.8466782334594286e-09
0.1 1.9249266957374829 0.004945048338643026 2.109324086391416e-06 4.0317791849564135e-10
0.1 1.3074963074270987 0.017196274516358374 1.48581459460358e-05 6.092492232483459e-09
0.1 2.857771192624749 0.0014550227737157922 2.9002254631567e-07 2.5269119894701653e-11
0.1 1.7940582057824688 0.0061740344354292475 3.0064162116950297e-06 6.606764874027898e-10
0.1 0.9413816864179029 0.054459864526193225 7.936008499069639e-05 6.160756906887561e-08
0.1 1.4551858409576595 0.012086027547016478 8.643783361950499e-06 2.872090389064597e-09
0.1 1.0653465366090529 0.0347078290248742 4.21111060374508e-05 2.5748810574898917e-08
0.1 1.0302089132408025 0.03912091999559245 4.998467384507215e-05 3.261413286251173e-08
0.1 0.8799562222504309 0.07049996842023959 0.00011234306190864271 9.922687703262287e-08
0.1 1.6455811732983636 0.008126538952074602 4.64625019098287e-06 1.211308074950567e-09
0.1 1.7407165800566367 0.006793940638850075 3.5000538532153356e-06 8.16508681822981e-10
0.1 2.362735953240184 0.0026119433129667777 7.531629442129643e-07 9.582862613230352e-11
0.1 1.3707480337568623 0.014703232013443293 1.1695853080680885e-05 4.371080331952437e-09
0.1 1.4475524416730108 0.01229518417633393 8.876693412036418e-06 2.9801799038083167e-09
0.1 1.9266735639718076 0.004930978198952501 2.0997201881513846e-06 4.0062105224464143e-10
0.1 1.4004692881792602 0.013700949344846548 1.049260299234972e-05 3.7594914742372335e-09
0.1 1.9094766387476765 0.005071881186637787 2.1966036092448875e-06 4.266225537010834e-10
0.1 1.0362311884970188 0.03831104812929285 4.851671670499269e-05 3.1301347724417965e-08
0.1 2.7022933036050594 0.0017272151606261554 3.839395845192423e-07 3.73949646845772e-11
0.1 0.8166142650653123 0.0951288783407491 0.00016538998506847972 1.683195432723015e-07
0.1 1.9802892291973697 0.00452416282721924 1.8289469782054999e-06 3.3047028504650314e-10
0.1 1.6432489662670375 0.00816348974216018 4.679599036788882e-06 1.223426191611601e-09
0.1 1.2093416350403203 0.022360667484211227 2.2078156447070787e-05 1.054719008697086e-08
0.1 0.935991965012556 0.05564763753064027 8.173746519214971e-05 6.4156085038061e-08
0.1 2.1835716402562646 0.003335199497575794 1.1191393292414642e-06 1.665575849708189e-10
0.1 1.3289319792722192 0.01629072895275557 1.3682782434318715e-05 5.434390631232803e-09
0.1 1.1477961240880963 0.02674233742001934 2.8796229029535453e-05 1.5232423254336826e-08
0.1 3.0543330928946064 0.0011872280365988212 2.077842525888378e-07 1.5856273038448752e-11
0.1 1.3005517225023062 0.017504411307813446 1.5264733585613396e-05 6.3249132582523765e-09
0.1 1.3790695922095626 0.014412781823384978 1.134295062079107e-05 4.189072315797933e-09
0.1 1.1232989178015715 0.028818330431669464 3.214063675959864e-05 1.7730877724845145e-08
0.1 0.8697447043165737 0.07380143243592265 0.00011932384756046778 1.0776162915291428e-07
0.1 1.0499286549160993 0.03655405217879605 4.536684727556961e-05 2.853440001275961e-08
0.1 0.8061778117767302 0.10034227502103331 0.00017681972784673843 1.8436979265261513e-07
0.1 0.9664886596544415 0.049372602546649755 6.932567593137361e-05 5.116335582789751e-08
0.1 1.5388814344423942 0.010080285841321274 6.5163870820801136e-06 1.939270858366537e-09
0.1 1.5242005746728413 0.010397524165627304 6.839562944752222e-06 2.0742928775921172e-09
0.1 1.3921883011502798 0.013970588166835367 1.0812248519147114e-05 3.919456472638329e-09
0.1 2.088258487002869 0.0038323957614561856 1.400506962676866e-06 2.27751528325845e-10
0.1 2.282697225899501 0.0029059460814757805 8.954453130646684e-07 1.2201220151533096e-10
0.1 1.072848630827244 0.033856211530525086 4.062899801029748e-05 2.4506766476205232e-08
0.1 1.5215090591978253 0.010457151832680874 6.900884006153599e-06 2.1001967113212687e-09
0.1 1.0672363440341466 0.034490520724364426 4.1731704556757666e-05 2.5429282018000677e-08
0.1 3.5178350508172 0.0007719420810342699 1.023695396008629e-07 5.8938624526158225e-12
0.1 1.190545878667428 0.023586567596057074 2.3907809620374154e-05 1.177606135120322e-08
0.1 1.5847923239224464 0.009169124528558312 5.6177608585074065e-06 1.5776177769322415e-09
0.1 2.0195524340996034 0.004254490698249649 1.657008151600543e-06 2.87964625737935e-10
0.1 1.9183477663460975 0.004998527023294255 2.145970446012815e-06 4.129762551129884e-10
0.1 1.41739664831022 0.013171458357186932 9.873850277020184e-06 3.4551762248386788e-09
0.1 2.239268885480242 0.0030842723652745674 9.861323738470249e-07 1.3959825512885938e-10
0.1 1.4926453607651937 0.011126846996602236 7.6018709827938156e-06 2.402546738631416e-09
0.1 0.8493364866389482 0.08109458109813886 0.0001349131615983294 1.2746391185526796e-07
0.1 3.7318618392513128 0.0006451470133130025 7.615529051023691e-08 3.89718787567674e-12
0.1 2.7426390823412996 0.0016504340571905373 3.5643772875730706e-07 3.370669991540482e-11
0.1 0.8764883280860003 0.07159713176718203 0.00011465706264604526 1.0203548653490135e-07
0.1 1.9460282080735771 0.004778638542340401 1.996750503110309e-06 3.734980026685202e-10
0.1 1.134603157626771 0.02783364653055119 3.054229035427971e-05 1.6523932548411857e-08
0.1 0.798378271049484 0.10451211543038987 0.0001859891130591433 1.975126612453191e-07
0.1 0.8562657937119643 0.07850714583912176 0.00012935847582523418 1.2034511397437225e-07
0.1 1.606884685526989 0.008770300414828222 5.2387528076720505e-06 1.431513108952931e-09
0.1 1.6666876090017404 0.007802214810785266 4.3570731522389905e-06 1.1076636163694483e-09
0.1 0.8783759420081494 0.07099694176717866 0.00011339046442621714 1.004956090738404e-07
0.1 1.2552889215043552 0.019710774425451 1.8269340841623403e-05 8.11382335726157e-09
0.1 1.2068733335688013 0.022516575110794773 2.2308568428096382e-05 1.0699888358748656e-08
0.1 2.0517918447443395 0.004049019988800865 1.5301853872557144e-06 2.5769627816850856e-10
0.1 2.3787882328928207 0.0025578449294524235 7.279918400132339e-07 9.13870728902234e-11
0.1 0.9734892780350617 0.048073681246758884 6.680542524939411e-05 4.862325037403859e-08
0.1 0.958478253812732 0.05092023382541729 7.235156673536759e-05 5.4258107901687814e-08
0.1 0.8838310827665901 0.06930215511800973 0.00010982385413950967 9.619276211560093e-08
0.1 1.5451654981528844 0.009948509330442766 6.383681389814393e-06 1.8845675345605737e-09
0.1 1.3847768981419304 0.014218090784288843 1.1108304814951586e-05 4.069250938246745e-09
0.1 0.8243375715535168 0.09151860340379483 0.00015750351972300516 1.5746872737421893e-07
0.1 2.2683997509956306 0.002963087199772214 9.241503954989806e-07 1.2750607132029195e-10
0.1 2.3095369668570327 0.0028026151174831673 8.443965546681485e-07 1.1241350428767076e-10
0.1 2.7959743778684416 0.0015557967342907698 3.2362163669486225e-07 2.9451655283468034e-11
0.1 3.169367040463347 0.0010605525099623306 1.7264125415957308e-07 1.2238405319483252e-11
0.1 1.5039233950368591 0.010858420177631908 7.318221530610016e-06 2.2788414551534783e-09
0.1 0.8111541138155461 0.0978063350831663 0.00017125455219880233 1.7650786188117696e-07
0.1 1.6030072502858475 0.0088385716202868 5.302994924419251e-06 1.455997410456688e-09
0.1 1.4287317406594533 0.012832390072610151 9.483973593419964e-06 3.2671417416673656e-09
0.1 1.0457488572779279 0.037078079205502906 4.6301192678559254e-05 2.9347927120159656e-08
0.1 1.2708885620709998 0.01890936961981138 1.7159558288620716e-05 7.438862997923695e-09
0.1 0.8419388131069155 0.08399380058598928 0.00014116461853747142 1.3560127608148822e-07
0.1 2.0661498394143414 0.003961807927585514 1.4774740077706792e-06 2.4539882210095073e-10
0.1 1.698908751890084 0.007340047194191133 3.956184133037702e-06 9.683847488810192e-10
0.1 1.4409624651301078 0.012479736062237729 9.083858334870064e-06 3.0772473467916227e-09
0.1 1.4029596495972279 0.013621250113882192 1.0398706091418811e-05 3.7128543303736723e-09
0.1 0.8679748624342902 0.07439596230455249 0.00012058641499115818 1.093247817734512e-07
0.1 0.9660129315670261 0.04946265339628075 6.950106418026523e-05 5.134140584346839e-08
0.1 1.0369073028215892 0.038221589304515365 4.8355174734258184e-05 3.115777351440672e-08
0.1 2.1801995611163605 0.003351260172732947 1.1278626562715817e-06 1.6837201410303945e-10
0.1 3.6973073552066356 0.0006636280073088826 7.978717089342597e-08 4.159547061780414e-12
0.1 1.5303929009851898 0.010262083280038073 6.700951777733805e-06 2.016071378778055e-09
0.1 1.837520743569416 0.005724214563524298 2.6650660071703143e-06 5.585462186511148e-10
0.1 1.938957373645078 0.0048335470991166885 2.033649698576931e-06 3.831559292692906e-10
0.1 3.786468932097311 0.0006173189642261365 7.081179429978976e-08 3.5201978006637347e-12
0.1 2.455191730889682 0.002319978761300411 6.211710933048924e-07 7.322492774477053e-11
0.1 1.0203647376214788 0.04049707752882557 5.2501263080175684e-05 3.489805877984791e-08
0.1 0.8652563984833124 0.07532254832329864 0.00012255728422271204 1.1177658700662421e-07
0.1 0.8758669367327402 0.07179629238994437 0.00011507775224305043 1.0254829964931812e-07
0.1 1.7348577630281066 0.006867082676312907 3.5600127989491947e-06 8.360547714586698e-10
0.1 1.694759373994585 0.007397448272813396 4.005245188737809e-06 9.851462613383937e-10
0.1 0.7992304676848742 0.10404444210738022 0.00018495970769878407 1.9602564418399717e-07
0.1 0.8632056662521712 0.07603247756997067 0.00012406983329027083 1.1366783639872562e-07
0.1 2.3497032095467127 0.0026570018070485096 7.743709276273032e-07 9.961673815280379e-11
0.1 2.1224824948262118 0.0036430552882750385 1.290637027501359e-06 2.0321785982350135e-10
0.1 1.2098875600762866 0.02232638550310797 2.2027582651080382e-05 1.0513754611554484e-08
0.1 3.911863207232175 0.0005592242289591288 6.015223058003151e-08 2.802039994067796e-12
0.1 1.6815872013187632 0.007583745241377644 4.165907564375602e-06 1.040594675442338e-09
0.1 1.3990268353651036 0.01374740347135131 1.0547455738171226e-05 3.786810572733574e-09
0.1 0.9264551974489056 0.057840691804461865 8.615822492287791e-05 6.896693537473728e-08
0.1 3.7316033343988257 0.0006452826996193113 7.618171492879734e-08 3.899079070566582e-12
0.1 0.9484356567894239 0.05295867280181217 7.637335018457542e-05 5.844520336904307e-08
0.1 1.441309255854763 0.012469930473548605 9.072812558744745e-06 3.072050054105618e-09
0.1 1.1059133392160443 0.03042927171688721 3.480019014269334e-05 1.978936860680752e-08
0.1 1.258464038434232 0.019543931002244427 1.8036616673074613e-05 7.970950262753546e-09
0.1 1.6011111414021002 0.008872219577213191 5.334754590452867e-06 1.468144588601491e-09
0.1 3.856112892806988 0.0005841084824743818 6.46350149514304e-08 3.0983643597048673e-12
0.1 1.1020798071434348 0.030801209938604055 3.5421822870684174e-05 2.0279270189461874e-08
0.1 0.8440600099383458 0.08314749113201238 0.00013933694420132788 1.3320871345850206e-07
0.1 0.8427052625525818 0.08368658574362725 0.0001405009039846309 1.3473114381432708e-07
0.1 1.3884949957854114 0.014093183943615403 1.0958579363947716e-05 3.993300231619044e-09
0.1 1.0086086363112376 0.04223076302267787 5.570970083588946e-05 3.78691237968871e-08
0.1 1.0884995697661133 0.0321707310292893 3.77342876542435e-05 2.2129836661880843e-08
0.1 1.296105169631016 0.01770569197891131 1.5532103071178135e-05 6.4790524727312275e-09
0.1 3.077408100471352 0.0011602543462338793 2.0009206828837618e-07 1.5041903087541817e-11
0.1 0.8568564914836232 0.0782920634153782 0.00012889785795695342 1.197596100200591e-07
0.1 1.0384751491870283 0.038015260730988605 4.798306110192422e-05 3.0827727678933e-08
0.1 0.9680181593008825 0.049084639443691895 6.87653952557442e-05 5.0595680925856334e-08
0.1 2.396407561487455 0.0025001839540937736 7.015168655677544e-07 8.678050103839013e-11
0.1 1.9720464665465187 0.004583685070083788 1.8677193577583992e-06 3.402798449906157e-10
0.1 1.6603061848608942 0.007898393898505093 4.442163330799584e-06 1.1378908240877709e-09
0.1 1.7617282354111932 0.006540129367644708 3.294767381088511e-06 7.50583036929021e-10
0.1 3.879959419502529 0.000573286965724528 6.267011513613725e-08 2.9674363491104145e-12
0.1 1.1612840242453932 0.02568682684303835 2.7133859384991822e-05 1.4029969653465645e-08
0.1 0.9241067977684838 0.058399431323470564 8.729073760496728e-05 7.021410079300646e-08
0.1 2.8832229781605045 0.0014160598367704495 2.7741185561473993e-07 2.374713360991803e-11
0.1 0.8193294228922807 0.09383666210706768 0.0001625641990891182 1.644101695178381e-07
0.1 1.529020990688954 0.01029188253883044 6.731367696944895e-06 2.028807494054302e-09
0.1 1.2035283196718105 0.022730257421567347 2.2625456392416444e-05 1.0910875270241985e-08
0.1 1.1819174122716325 0.024180452914523826 2.4808615445358075e-05 1.239449182406673e-08
0.1 0.9485896026063292 0.05292656454344856 7.630969417951852e-05 5.837828879882843e-08
0.1 0.8695680665956915 0.07386046393957295 0.00011944913767094127 1.079164839844132e-07
0.1 3.0642749567747614 0.0011755045438314705 2.0442731529027894e-07 1.5499375607978864e-11
0.1 0.9150610652080089 0.06062447642359972 9.182434563104936e-05 7.526523612738305e-08
0.1 1.5128878820233953 0.010651303054365284 7.1017995442896645e-06 2.1856929075696917e-09
0.1 0.8157870522810872 0.09552766764388036 0.0001662626792065191 1.6953166148755148e-07
0.1 1.4932393718643857 0.011112485197651355 7.586605158082714e-06 2.3958427934261578e-09
0.1 1.016808857629907 0.041010802984139096 5.344766069192581e-05 3.5767632122842616e-08
0.1 2.1478384370013486 0.003510817398801809 1.2158712033708324e-06 1.8698309211658675e-10
0.1 1.4268658371926524 0.012887380411923733 9.54686201295053e-06 3.2972741315902416e-09
0.1 1.17267865787056 0.024839444912985547 2.5818831809442688e-05 1.3098217522778045e-08
0.1 2.1255734119279017 0.003626580362837082 1.281233173585659e-06 2.0115501343995184e-10
0.1 1.031613766673977 0.03892987489308257 4.9637501414382914e-05 3.230234800591768e-08
0.1 1.0077832100651045 0.04235636311463773 5.5943729715816245e-05 3.8088373764477284e-08
0.1 1.866355536218056 0.005449931190268183 2.464171312086884e-06 5.007539936654297e-10
0.1 1.011319903093569 0.04182185322619777 5.494924854943852e-05 3.715905054453475e-08
0.1 1.227410975709433 0.021263336053136496 2.047585718302161e-05 9.50225404342753e-09
0.1 1.0581005589812862 0.0355589298479541 4.360487745778639e-05 2.7017259538417455e-08
0.1 1.2430579118480432 0.020372080637182252 1.920027576183487e-05 8.692242527597345e-09
0.1 3.726559961794928 0.0006479375620237422 7.669945815398474e-08 3.9361865480610745e-12
0.1 0.8650665480536299 0.07538787291377082 0.00012269637239364475 1.1195015214902656e-07
0.1 0.9105854206205531 0.06176994500120168 9.417238678848468e-05 7.791740983524191e-08
0.1 1.9415075492226537 0.004813646083525951 2.020247904489068e-06 3.7964014542391607e-10
0.1 2.103309788207663 0.0037475325255737504 1.3508566124390443e-06 2.165671308830435e-10
0.1 2.6422059802310165 0.0018507058106254663 4.2978072468864235e-07 4.3776659226723834e-11
0.1 0.9512448416532175 0.05237705500701903 7.522176790271114e-05 5.723783636650839e-08
0.1 0.8935112002930004 0.0664334639777385 0.00010382239497555653 8.906588134699972e-08
0.1 0.910121954070349 0.06189030926163912 9.44196509770124e-05 7.819810957810592e-08
0.1 1.1472859302292702 0.026783430622698813 2.8861481011556615e-05 1.5280169433611918e-08
0.1 1.6037574433635264 0.008825306637655747 5.2904920245018605e-06 1.4512231492628107e-09
0.1 0.8031721238089271 0.10192021683186808 0.00018028710261565523 1.8931236396690483e-07
0.1 1.0640046453679695 0.03486329058305043 4.2383031145202734e-05 2.5978486435856495e-08
0.1 1.4053226427104155 0.013546210725944174 1.0310544247563772e-05 3.669213122611896e-09
0.1 1.1045158163064748 0.03056413768385993 3.502527427120856e-05 1.996637850123422e-08
0.1 0.9172177608933638 0.06008322521283009 9.071813380158018e-05 7.402420375173842e-08
0.1 1.0873933050437972 0.032285991243556494 3.793055784357479e-05 2.2288907536788948e-08
0.1 0.8894878863552138 0.06760487601010017 0.0001062674323781959 9.195198640520151e-08
0.1 2.5312589582848966 0.0021117558850568255 5.329830003009863e-07 5.912803650046309e-11
0.1 2.020381171538653 0.004249035040502413 1.6535934947468855e-06 2.871373454273086e-10
0.1 3.86574809336789 0.0005797034354942576 6.38323182425868e-08 3.0446836156914853e-12
0.1 0.8013856672377762 0.10287512282451079 0.0001823869385172119 1.9232183246994962e-07
0.1 1.1676477272151695 0.025208747820769862 2.63897577536959e-05 1.350059071195683e-08
0.1 1.945739103336353 0.004780867045398638 1.9982433463447857e-06 3.738873869713154e-10
0.1 2.4919261110829694 0.0022161398770262908 5.765577434085635e-07 6.59868877761675e-11
0.1 0.9344056039197998 0.05600419760616985 8.245350523042772e-05 6.492901953157783e-08
0.1 1.199582688097888 0.02298591358119263 2.300623597664621e-05 1.116588883344524e-08
0.1 3.880024456859297 0.0005732578199066421 6.266485504479834e-08 2.9670880177333105e-12
0.1 2.474326432722013 0.0022650936607427814 5.974345184833357e-07 6.934736095113146e-11
0.1 0.881343940237962 0.0700676278471536 0.0001114329084391045 9.812784203559166e-08
0.1 1.2092026521594696 0.02236940664193656 2.2091053952031227e-05 1.0555721577317375e-08
0.1 1.5398814005320653 0.01005915859439574 6.495049680724974e-06 1.9304458382771265e-09
0.1 0.8090234443277127 0.09888067288135845 0.0001736110415503891 1.7982610816505234e-07
0.1 1.032289066287341 0.03883850452662646 4.94716533051818e-05 3.215369030694511e-08
0.1 0.9234123189753292 0.058566126056244866 8.7629084576852e-05 7.058784784417899e-08
0.1 1.101403597570332 0.030867470625561482 3.553285774573974e-05 2.036711740275319e-08
0.1 1.1419657804082155 0.027217186278312835 2.9552628098226873e-05 1.5788386240740263e-08
0.1 3.856632586917185 0.0005838697476166981 6.45914118790843e-08 3.095441529966999e-12
0.1 1.0009153402531534 0.04342196735401609 5.7937602704623776e-05 3.997001342908898e-08
0.1 0.9366233744736622 0.05550660949413754 8.145455267039229e-05 6.385137179172771e-08
0.1 0.9401662039182512 0.054724582995804814 7.98888643512161e-05 6.21720345472362e-08
0.1 1.5634919313263822 0.009577316583796947 6.0148100473285905e-06 1.7348398507543897e-09
0.1 0.9064182299842932 0.062864234333391 9.642403512840813e-05 8.048332605904268e-08
0.1 0.8676585445940592 0.07450293994127369 0.00012081376552899748 1.0960688385070752e-07
0.1 1.4480149172834433 0.012282372549033227 8.862369320250478e-06 2.9735003796136282e-09
0.1 1.680103839126515 0.007605121254498162 4.1844813754866715e-06 1.0470595108400244e-09
0.1 1.5389250438355173 0.010079363207084106 6.515454783845962e-06 1.9388850309665077e-09
0.1 1.0084904337264091 0.04224871719797853 5.574314171827924e-05 3.790043205350959e-08
0.1 2.16614079218995 0.003419352684610308 1.1651232893238482e-06 1.7618416955204062e-10
0.1 1.4499364093058027 0.012229337135787296 8.803152435520414e-06 2.9459310043182053e-09
0.1 0.8010142459526803 0.10307528024023871 0.00018282722109267508 1.9295438494131138e-07
0.1 2.8143727916651677 0.0015248411660730593 3.1315143341686915e-07 2.8128881259510363e-11
0.1 1.3077955829607866 0.017183162952779447 1.4840918875987635e-05 6.082697791135362e-09
0.1 3.3506085199728464 0.0008952369397412231 1.3065681562216435e-07 8.289962321999769e-12
0.1 1.3045617178962245 0.017325570816868443 1.5028349290695262e-05 6.18949452323367e-09
0.1 3.159325032687617 0.001070868045388956 1.754087543123897e-07 1.2513515711605603e-11
0.1 3.3893307928731073 0.0008644646228505026 1.2334773169167657e-07 7.648893658171456e-12
0.1 1.3074784430972424 0.017197057603996393 1.4859175023430112e-05 6.093077451584673e-09
0.1 0.8627859276404729 0.07617896133233316 0.0001243821916862608 1.1405943237161163e-07
0.1 0.9978753368042583 0.04390565116884836 5.884746880321672e-05 4.0836701577885334e-08
0.1 0.9081184200947308 0.062414477996464296 9.549761347835467e-05 7.942494373999079e-08
