0.01 3.3080999685260384 9.311720290838582e-05 1.3933245605799239e-10 9.067801343009837e-17
0.01 1.8330440771324588 0.0005778458355985565 2.7007108336350697e-09 5.686476701466126e-15
0.01 1.0177610913371709 0.004122121922598555 5.334762139732428e-08 3.562450987168874e-13
0.01 3.638264533541036 6.971510289712246e-05 8.650929406408997e-11 4.656945348908022e-17
0.01 2.167498190670398 0.0003416731808178089 1.16230943934717e-09 1.755142584755308e-15
0.01 3.2855705977991243 9.507649809984668e-05 1.4418632942449168e-10 9.512440410189034e-17
0.01 1.7893573430081735 0.0006236935494973285 3.0496150747893354e-09 6.735240472829663e-15
0.01 1.0813006206571192 0.00331622848538274 3.9136876009204166e-08 2.324219669789844e-13
0.01 1.7706258444103498 0.0006448615886488613 3.215671600979512e-09 7.251468413265332e-15
0.01 1.1854871769836908 0.0024059516778977192 2.448609992808894e-08 1.2157579470808113e-13
0.01 3.0923078413073455 0.00011438976409543195 1.9537770467670624e-10 1.4545641845372e-16
0.01 0.8843814240580149 0.00701155935957113 1.09870180997539e-07 9.609676763403553e-13
0.01 2.5785680771230504 0.00019963709343697936 4.859475735037636e-10 5.195367162836875e-16
0.01 2.3082336934362337 0.00028104035591102047 8.473401786629534e-10 1.1291715337975964e-15
0.01 1.324805766218711 0.001652401058619514 1.3925761024443018e-08 5.5630726175586074e-14
0.01 0.8873234122245025 0.006920324873589166 1.0800144750999999e-07 9.386551856016518e-13
0.01 0.9794517137824894 0.004746208334226415 6.494692912101092e-08 4.670331236798615e-13
0.01 0.8096876793315361 0.010057731585388339 1.735846754118521e-07 1.7950589044754193e-12
0.01 0.9791036058268888 0.004752472262220049 6.506554671290789e-08 4.682066668421616e-13
0.01 1.5580791782477823 0.0009709784754044898 6.129411470546546e-09 1.7795927230865134e-14
0.01 1.5002038422661368 0.0010976807301047717 7.421235222107504e-09 2.3216207977074587e-14
0.01 1.0257965141589975 0.004005992739707326 5.124162138750638e-08 3.37018624874399e-13
0.01 1.8979626255795694 0.000517753567103607 2.2666131155635985e-09 4.454475689887409e-15
0.01 0.8950359553184515 0.00668907232735889 1.0328163671178901e-07 8.829222838613113e-13
0.01 0.849589391195142 0.008235207912172308 1.3522518216387024e-07 1.276639748083442e-12
0.01 0.9776956067456827 0.004777927382906875 6.554799439436802e-08 4.729878667359674e-13
0.01 1.288968726553461 0.0018111133069115242 1.6004096942014295e-08 6.746494120217505e-14
0.01 2.3650722390380765 0.00026065119167468956 7.49896896561416e-10 9.521369628831202e-16
0.01 1.8010308945748112 0.0006109746491468356 2.951332782857503e-09 6.434805099241637e-15
0.01 1.8507812359386047 0.0005605301360264506 2.5728686962294147e-09 5.3149468823887646e-15
0.01 1.7120412978407415 0.0007176892927430667 3.8099636667150015e-09 9.182995473279606e-15
0.01 1.3915725128925116 0.0014038757687814998 1.0854783793745356e-08 3.9371747868079726e-14
0.01 1.2440220673911653 0.0020412983452482024 1.9164410076698202e-08 8.660098749766666e-14
0.01 2.1142702821897426 0.00036919284873360066 1.3170352762286008e-09 2.0894490723860138e-15
0.01 0.9412721037921722 0.005509402642237022 7.967054078394915e-08 6.18443778996254e-13
0.01 1.0118025013241336 0.0042113076348225375 5.497689602079156e-08 3.713141179121469e-13
0.01 0.8989523506929069 0.006575858502101442 1.009803525926838e-07 8.560770785119094e-13
0.01 1.9095075029749804 0.0005079618630323303 2.19847117214735e-09 4.268938573828379e-15
0.01 1.1426729093926251 0.002731991740558497 2.9530388436823638e-08 1.5752239590430569e-13
0.01 1.0946608925113999 0.0031752146353601638 3.6758083344064135e-08 2.1315131632783925e-13
0.01 1.5518000413196533 0.000983730994225603 6.255705690485574e-09 1.830786820174105e-14
0.01 1.4964874924216842 0.0011065683630789142 7.514860318278222e-09 2.3624279858532984e-14
0.01 0.9321367086199123 0.005717601907880244 8.377152478749023e-08 6.625634077060305e-13
0.01 1.1620972312052469 0.0025769469269428407 2.710044628934977e-08 1.39889442453092e-13
0.01 0.8605565228341356 0.007818351137275121 1.2653485105677858e-07 1.165825856440246e-12
0.01 1.3353631576478469 0.0016092941058132133 1.3376493068033514e-08 5.26107273602904e-14
0.01 0.916438052257856 0.006102371326120686 9.143064747240789e-08 7.470696113464822e-13
0.01 0.8911724698418465 0.006803508491520145 1.0561413701644349e-07 9.103528796539341e-13
0.01 0.9516263568219488 0.005286191696327453 7.531134835044204e-08 5.724477840066682e-13
0.01 0.8686389010969354 0.0075303444010525996 1.2055978179579022e-07 1.0911877799622214e-12
0.01 1.0414718157903569 0.00379229071182743 4.7414353221908286e-08 3.028286251222481e-13
0.01 1.4029320933653595 0.0013667717769420382 1.041704332236421e-08 3.718492997590625e-14
0.01 1.7776305296113941 0.0006368336413107018 3.152332259427562e-09 7.053302340996556e-15
0.01 0.9234895530236461 0.005925122886282721 8.78901351165727e-08 7.076719443802643e-13
0.01 2.536056978858603 0.00021012339495763666 5.282263758384756e-10 5.837340003947531e-16
0.01 1.5172993730318969 0.0010580241820475915 7.008197215379084e-09 2.1439889037376122e-14
0.01 2.053587861576536 0.00040433603113773967 1.5247036085549571e-09 2.562861931406809e-15
0.01 1.1758018209461634 0.002474796206464709 2.5530093521002376e-08 1.2880462911741573e-13
0.01 0.8696995061169116 0.007493688780989478 1.1980124055747092e-07 1.0818054847626261e-12
0.01 1.7104736532763865 0.000719787697764445 3.827600529645904e-09 9.242233293144165e-15
0.01 0.9370403228437432 0.005604485033985661 8.153939530914698e-08 6.384492885736638e-13
0.01 0.9434427322804791 0.005461517597949595 7.87319981628003e-08 6.084611492713249e-13
0.01 1.079194740735284 0.003339247356268335 3.95285404947392e-08 2.356378282239671e-13
0.01 1.9999732355627189 0.00043923930334842896 1.741683433912115e-09 3.0853571906673067e-15
0.01 0.924118386857424 0.005909673629960574 8.758250542932631e-08 7.04275570452766e-13
0.01 1.3771044167102293 0.0014531545800653054 1.1444790164356028e-08 4.2373194343492176e-14
0.01 0.999093165233507 0.004410807000513981 5.865702121774884e-08 4.0595805513338257e-13
0.01 1.3905814112258497 0.0014071780040120143 1.0894015293388861e-08 3.9569419189048123e-14
0.01 0.8870158954832671 0.006929781444284375 1.0819497504910503e-07 9.409594767581009e-13
0.01 1.0378584631887768 0.0038401100300835536 4.826515010606509e-08 3.1034342679576865e-13
0.01 2.364283976759986 0.0002609201335168704 7.511532154387064e-10 9.54364488165355e-16
0.01 2.30220125423012 0.00028332863729273525 8.585508318139083e-10 1.1500779932686431e-15
0.01 0.8984519055297822 0.006590171832012388 1.0127094153794449e-07 8.594548143263781e-13
0.01 1.606555183832127 0.0008796928940538365 5.250958197104209e-09 1.4350889318234417e-14
0.01 1.566017020423293 0.0009551766128737165 5.974112770080486e-09 1.7172007434036533e-14
0.01 3.3934970831260918 8.616262202170374e-05 1.2262810115797465e-10 7.585166606056729e-17
0.01 1.117680430912078 0.002951152483295574 3.3054748041870115e-08 1.8407743414775277e-13
0.01 0.9374237062302906 0.0055957754201236935 8.136792134581819e-08 6.366066756571331e-13
0.01 0.8613271678846159 0.007790212137500455 1.2594994359925913e-07 1.1584626366761883e-12
0.01 2.221881533942537 0.0003163330147671777 1.026222197619466e-09 1.4752051975804662e-15
0.01 0.8924175613061873 0.006766325034036957 1.0485555957101409e-07 9.014076495792464e-13
0.01 2.315779957870413 0.00027821267751138354 8.335627190433301e-10 1.1036274907191163e-15
0.01 1.5848890613993167 0.0009189848769622419 5.623481873889384e-09 1.5786522213690245e-14
0.01 1.5629368399952466 0.0009612665444497286 6.0338064502522495e-09 1.7411094204813557e-14
0.01 1.204189073584517 0.002280311245183159 2.2611877795632435e-08 1.0889098861482032e-13
0.01 1.29833674729729 0.0017676734144929126 1.5426720543679463e-08 6.41146104857522e-14
0.01 1.268438648787379 0.0019115747926053074 1.7362985668563e-08 7.553183472269896e-14
0.01 1.2780759431733386 0.0018634874619214118 1.6708482520550352e-08 7.161514022365626e-14
0.01 0.8361371805850982 0.008791810097934612 1.468907185473856e-07 1.4294092581944203e-12
0.01 1.9900516741288592 0.0004461394064886631 1.785804939381969e-09 3.1948805549930693e-15
0.01 2.1562408686564307 0.00034725714609916983 1.1931292897808562e-09 1.820412205514221e-15
0.01 0.9270014982582009 0.005839569586659193 8.618859001134186e-08 6.889405793685923e-13
0.01 1.784204110791046 0.0006294222350052045 3.0942500386154935e-09 6.872945705453629e-15
0.01 1.0678840441164406 0.003466773068061481 4.171481374191002e-08 2.538059496379269e-13
0.01 0.84199292143141 0.008543027442385788 1.416690596838348e-07 1.360472640867246e-12
0.01 3.0884569211042217 0.00011482588238462491 1.9660187707747267e-10 1.4673180540106597e-16
0.01 0.957783520231021 0.0051594904759288875 7.285543562269396e-08 5.469564659888089e-13
0.01 3.4661571672788853 8.078241629176832e-05 1.1027893248321304e-10 6.53907308464976e-17
0.01 1.3018551509685066 0.001751727652989021 1.5216366379991143e-08 6.290576485581214e-14
0.01 1.4347034189442562 0.0012698504417625088 9.300852237366257e-09 3.176991214010054e-14
0.01 1.0507058813045445 0.0036738086021463564 4.532086752136003e-08 2.845516253803209e-13
0.01 0.9601311684857273 0.005112311339933959 7.194453270628362e-08 5.375808592005112e-13
0.01 3.3247473717798592 9.170402528680047e-05 1.3587152114297182e-10 8.754488576996352e-17
0.01 3.044762483127689 0.00011993400832726116 2.1115780959311985e-10 1.621353857146359e-16
0.01 1.1560134314846415 0.002624167752331806 2.7834705655460812e-08 1.4515718765339137e-13
0.01 1.0268735554190838 0.003990776926882048 5.0967016638602055e-08 3.345329283378683e-13
0.01 2.4657548073123348 0.00022914983418422782 6.082756964550426e-10 7.108660224403632e-16
0.01 1.1427536935434603 0.0027313204955903606 2.951975181436073e-08 1.574439777352705e-13
0.01 2.465284602873645 0.00022928473050888996 6.08858298259244e-10 7.118168974978249e-16
0.01 1.3884600725873761 0.0014142818125597258 1.0978560408283971e-08 3.9996337867567296e-14
0.01 0.8032522678629898 0.010405830297901394 1.8094403886799067e-07 1.8995420502319755e-12
0.01 0.9036986336705837 0.006442290606505575 9.827380383096943e-08 8.247863711648646e-13
0.01 1.0491519891800285 0.0036933809330165113 4.566524073174732e-08 2.8753697129047646e-13
0.01 1.3863822323839392 0.0014212875478172666 1.1062138036326058e-08 4.0419615927445174e-14
0.01 0.8469610140167785 0.008339871447441829 1.3741390606597158e-07 1.3049583876587022e-12
0.01 1.0057444211896374 0.004304784769792409 5.669525957026422e-08 3.8738713555644544e-13
0.01 3.9199119609154414 5.5593477377470454e-05 5.954988387958675e-11 2.76248824616187e-17
0.01 1.0707340447033977 0.003434008404072884 4.1150485446612124e-08 2.490814467463307e-13
0.01 1.1924180875310175 0.0023583002545818467 2.3770465558553738e-08 1.1668728328014185e-13
0.01 1.3555614245777317 0.0015310150772852643 1.2396484515989981e-08 4.734041707576518e-14
0.01 1.4402918017864696 0.0012537802632731547 9.11970032614302e-09 3.09137334292211e-14
0.01 1.611277569732797 0.0008714326129146915 5.1737433394276844e-09 1.4058149050583021e-14
0.01 1.8500874583079918 0.0005611941597284015 2.5777306461156845e-09 5.328946912500263e-15
0.01 0.9669149823461848 0.004979360543195181 6.938850360123848e-08 5.115055458721073e-13
0.01 1.023185544403557 0.00404321810997265 5.191475515426903e-08 3.4313265668019697e-13
0.01 2.393744590104195 0.0002511166653610812 7.058676583972006e-10 8.750120399563599e-16
0.01 0.9777423259297674 0.0047770796693544434 6.553191713445645e-08 4.728283271970157e-13
0.01 0.9540305995946478 0.005236199011420048 7.434066090989697e-08 5.623355180803121e-13
0.01 0.9996006216553297 0.0044025894769222935 5.8504495318066657e-08 4.0450583489294247e-13
0.01 2.063927731107482 0.0003980384962291653 1.4866791419356493e-09 2.474161502461934e-15
0.01 1.7031923713556274 0.0007296439127998606 3.910816535533969e-09 9.523167420519535e-15
0.01 1.878257460066314 0.0005350636053746057 2.388879146694087e-09 4.7928688126471746e-15
0.01 0.8611128788043234 0.007798021927392322 1.261122573139117e-07 1.1605047309218052e-12
0.01 0.8409435534700663 0.008586853577913547 1.4258809819237335e-07 1.372541420673637e-12
0.01 1.1377383941741608 0.0027734305078450333 3.018894218312575e-08 1.6239820109598906e-13
0.01 2.5384091240619373 0.00020952411335452314 5.257744755641624e-10 5.799535464143141e-16
0.01 2.550032582046459 0.00020659611555110089 5.138568017713027e-10 5.616779118875581e-16
0.01 1.604583746259873 0.0008831727324806191 5.283602188128036e-09 1.4475156091825558e-14
0.01 2.7039511279580952 0.00017252227429685263 3.8294190153070523e-10 3.7248571900303295e-16
0.01 1.2971506683776919 0.0017730937191278173 1.5498419714301848e-08 6.45280919314637e-14
0.01 1.94011939681536 0.0004831797023427893 2.0293618774192674e-09 3.818263485208509e-15
0.01 2.7413935504296156 0.00016539041512342252 3.5741553252857733e-10 3.382648478267171e-16
0.01 2.255603904678408 0.0003018777172319472 9.514245230929084e-10 1.3273515054463648e-15
0.01 1.7217457738811976 0.0007048817443771233 3.7029304013813584e-09 8.825800645361835e-15
0.01 1.0793768634146124 0.003337247838164437 3.949448226622057e-08 2.35357709441057e-13
0.01 1.758511682057286 0.000659071658673323 3.328861905165594e-09 7.609400660383029e-15
0.01 1.2768439291493234 0.001869541554075729 1.6790477488087995e-08 7.210266054116161e-14
0.01 1.6928147181594735 0.0007440100035933256 4.033210697571851e-09 9.94060990972236e-15
0.01 2.9208097419106043 0.00013618767311825912 2.600765853027409e-10 2.169411602016046e-16
0.01 2.921233763897275 0.0001361271845982361 2.598873571907666e-10 2.1672062513478772e-16
0.01 1.9674015257232365 0.0004624488887975339 1.891665827240143e-09 3.4619846176641007e-15
0.01 2.1103959231868576 0.0003713108566943948 1.3292350855078574e-09 2.116497375748797e-15
0.01 3.160364356358683 0.0001070353448671517 1.7518097868294486e-10 1.2488146415477627e-16
0.01 0.9615040043489279 0.005085004629553828 7.14182264905585e-08 5.32183534844363e-13
0.01 1.3244460694758111 0.001653897464378586 1.3944948023067453e-08 5.5737058537856855e-14
0.01 1.8849987571552034 0.0005290549554171803 2.346179177503896e-09 4.67389881427815e-15
0.01 0.9324218858419197 0.005710935036089633 8.363970907638717e-08 6.6113280002832e-13
0.01 1.6815584901551428 0.0007600289862730289 4.17121057393547e-09 1.041723139863982e-14
0.01 2.217658715700438 0.00031820829110405666 1.036078263472332e-09 1.4950135074717124e-15
0.01 1.6693613642283696 0.0007779191297927829 4.327204569207571e-09 1.0963441175345028e-14
0.01 1.070919009383561 0.003431896928860951 4.1114179425998526e-08 2.4877832027430754e-13
0.01 1.8536578416792688 0.0005577881939159314 2.552826801274245e-09 5.257345495730273e-15
0.01 1.9164179604997602 0.0005022201159866679 2.158860198733346e-09 4.1621129044712585e-15
0.01 0.8736414091875137 0.00735967816969473 1.1703204384270674e-07 1.047734942995478e-12
0.01 1.2522801786717024 0.001996104786940251 1.8531016482136835e-08 8.266170298238695e-14
0.01 0.9944117920873545 0.004487642836936799 6.008694879422543e-08 4.196401171489769e-13
0.01 0.8609552572211125 0.007803773667922884 1.2623180936753806e-07 1.16200943522325e-12
0.01 1.8860403639180698 0.000528134688887083 2.339663619250265e-09 4.655819367998235e-15
0.01 1.261382389927112 0.0019478708604931429 1.7861823046969123e-08 7.855516173550523e-14
0.01 2.5788848676610105 0.0001995616154635985 4.856480994455321e-10 5.1908960637489955e-16
0.01 0.8154536749321281 0.009760108231914318 1.6729617695445768e-07 1.7070017548817487e-12
0.01 0.930120246078622 0.005765059787458671 8.471076742792807e-08 6.727807877232695e-13
0.01 1.096296765044135 0.0031585252053961755 3.6478938710435423e-08 2.1091986630839656e-13
0.01 2.1850646518738333 0.0003331985598368353 1.1161041515630355e-09 1.658563891512212e-15
0.01 0.8094637210645876 0.010069557803697522 1.7383464047389692e-07 1.7985826446543381e-12
0.01 3.4609003288462463 8.115632700577148e-05 1.111206881494587e-10 6.608963641268148e-17
0.01 1.4678572927796831 0.0011784379901481653 8.285822268900233e-09 2.70581761904171e-14
0.01 0.8273610054951449 0.009184795296871384 1.551591703404333e-07 1.5403509646268338e-12
0.01 1.7361118216947775 0.0006864838218647321 3.5510381910038265e-09 8.32579466214422e-15
0.01 0.9623118225286714 0.005069032819068485 7.111070161609912e-08 5.290365716170091e-13
0.01 0.8066431675759245 0.010220254767656353 1.770202812679682e-07 1.8436457394845805e-12
0.01 1.0381088980560658 0.003836768629607248 4.82055927725947e-08 3.098157623339642e-13
0.01 1.7885244722403084 0.0006246146354660146 3.056776350252426e-09 6.7572813051308915e-15
0.01 0.8108977093610581 0.009994185087438493 1.7224162332372027e-07 1.7761565553469753e-12
0.01 1.5304190460226508 0.001028901603758043 6.709864398616251e-09 2.018172657114889e-14
0.01 0.8226124308583607 0.009408150507089047 1.5986740673686885e-07 1.6044720904426247e-12
0.01 2.604628473554372 0.00019355382669992153 4.6203553483409037e-10 4.84183188471427e-16
0.01 0.8324838650824476 0.008952376512135773 1.502663597815456e-07 1.4744416370939558e-12
0.01 0.9812371052675667 0.004714263871274288 6.434263964438755e-08 4.610668440683198e-13
0.01 3.3372084500865915 9.066494919805155e-05 1.333483039242652e-10 8.528052148432726e-17
0.01 1.0825303131274326 0.0033028891409120735 3.891033181716396e-08 2.305673479001479e-13
0.01 2.0735867135161716 0.0003922744592971271 1.4521832514846195e-09 2.394459759687851e-15
0.01 1.2843082104555175 0.0018332711682765498 1.6301009842571897e-08 6.92060064317359e-14
0.01 1.2991243088174447 0.001764086861155815 1.5379332392313194e-08 6.384173088195168e-14
0.01 2.763904572923212 0.00016129200877718717 3.430511469240684e-10 3.194251719386256e-16
0.01 0.9278431175462309 0.0058193282818236325 8.578674425844312e-08 6.845363884019503e-13
0.01 0.8150515977771104 0.009780442477253222 1.677256605093233e-07 1.7129792669426368e-12
0.01 1.1780099058571063 0.002458863668687893 2.5287439951480482e-08 1.271142804869671e-13
0.01 1.510445046062275 0.0010736862274540065 7.170396190710026e-09 2.213274492578831e-14
0.01 1.0908895767458735 0.003214160610366144 3.7411483078684406e-08 2.183993259917457e-13
0.01 1.5303519187819874 0.0010290478187602143 6.711351518224633e-09 2.0187945412399822e-14
0.01 1.1691782697136166 0.002523453515409451 2.6274977313128024e-08 1.3403143326851475e-13
0.01 1.4475620726609835 0.0012332858966295306 8.890336302414947e-09 2.983907668608497e-14
0.01 2.4529314155183726 0.00023286725352789631 6.244072166512122e-10 7.373268162049963e-16
0.01 0.8947176533064751 0.006698395880834104 1.0347143890118223e-07 8.851461104780585e-13
0.01 1.6217897814033604 0.0008534191167222326 5.006704836466789e-09 1.3430680588665782e-14
0.01 2.804945312257374 0.0001541636282840186 3.18605320714803e-10 2.8808035259216437e-16
0.01 3.4402520299576755 8.264762743147586e-05 1.1450256023896491e-10 6.891874118277132e-17
0.01 1.399867528778001 0.0013766483808560184 1.0533011215405029e-08 3.776089065721178e-14
0.01 2.6132909469572954 0.00019158688869487395 4.5440178353330015e-10 4.730467160401719e-16
0.01 1.0361491772378286 0.003863025129538274 4.867402147833793e-08 3.139724590972909e-13
0.01 3.1532335656736104 0.00010777567774702666 1.7717555787660865e-10 1.268733952435465e-16
0.01 3.905497989755264 5.621816340939351e-05 6.06586693044565e-11 2.8346896158922753e-17
0.01 2.913794555424377 0.0001371936674593364 2.632313872606104e-10 2.2062726528469033e-16
0.01 0.9359286599818639 0.005629848582731879 8.203907333255397e-08 6.438267488810625e-13
0.01 1.0389210431918041 0.0038259606203731047 4.801306023173519e-08 3.0811162613940673e-13
0.01 0.8902406103160873 0.006831529255413712 1.0618621332388045e-07 9.171142197794193e-13
0.01 0.9396802517469842 0.005544898923362835 8.036741590729036e-08 6.258838096614003e-13
0.01 2.0646220080911264 0.0003976203920339 1.4841670156455085e-09 2.468332520310772e-15
0.01 1.3025163143644738 0.0017487532375514707 1.5177223606021183e-08 6.268152418797164e-14
0.01 1.2499993789194057 0.002008448034851598 1.870340152311041e-08 8.372882110308682e-14
0.01 1.8175459746146214 0.0005935725125995455 2.8187070067536323e-09 6.03556340135737e-15
0.01 1.5959102011455768 0.00089870661400725 5.430152742043182e-09 1.5036698488428376e-14
0.01 1.899442961508955 0.0005164838693286676 2.257735245820079e-09 4.43017752490744e-15
0.01 2.8784539074780198 0.00014241601353878907 2.7984121984386205e-10 2.403211110385015e-16
0.01 0.9851263105648931 0.00464571888204808 6.30495875469504e-08 4.483695903760835e-13
0.01 1.0078335853303004 0.004272222373716384 5.6095454973557534e-08 3.81755991029592e-13
0.01 3.896343463521399 5.661979125936229e-05 6.137574964553647e-11 2.881665299010667e-17
0.01 2.0182850954128266 0.00042687707610432476 1.6636385372533335e-09 2.8942915654280032e-15
0.01 1.9014408293811436 0.0005147769349844169 2.245819774110538e-09 4.397624465382311e-15
0.01 0.9486932453923065 0.005348101452230296 7.651634444965469e-08 5.850674460738193e-13
0.01 1.304683171076519 0.001739053486071098 1.5049785734145985e-08 6.195299301282458e-14
0.01 1.3807885003459006 0.001440384889430048 1.1290968290586688e-08 4.1584809908442074e-14
0.01 1.9267701004976092 0.00049378147589509 2.1011131361637083e-09 4.007750877059994e-15
0.01 1.158307293396924 0.002606223872715366 2.75550778122554e-08 1.4314480872061735e-13
0.01 0.8775722059287866 0.00722944783474838 1.1434724049767837e-07 1.0149777697460346e-12
0.01 0.7948342883172919 0.01088842757100115 1.911486920054679e-07 2.0468944351995963e-12
0.01 3.568762722288529 7.392403747015279e-05 9.528464386902912e-11 5.3305648585410894e-17
0.01 1.275688990013765 0.0018752414611316155 1.686778286261374e-08 7.25631308875604e-14
0.01 3.3661986644653097 8.830781508340899e-05 1.2769251292969306e-10 8.026687843067843e-17
0.01 0.9035791921832889 0.006445604143663894 9.834083295830407e-08 8.25557579183059e-13
0.01 1.1124619680845425 0.002999973333052726 3.385334164102779e-08 1.9024840322306272e-13
0.01 1.5298484056857462 0.0010301454607501157 6.7225188590619966e-09 2.0234662084980425e-14
0.01 1.7743156408350311 0.0006406158265824564 3.1821182286767633e-09 7.146300072776409e-15
0.01 3.174015698312857 0.00010563692196845009 1.7143718330437252e-10 1.2116695218559925e-16
0.01 0.8619036280917555 0.0077692588380603115 1.2551455313334426e-07 1.1529895700887333e-12
0.01 0.8514047166687292 0.008164025467743155 1.3373806981737805e-07 1.2574916539422047e-12
0.01 0.8228619335728552 0.009396219138824534 1.596157632304199e-07 1.6010278975270114e-12
0.01 0.8448353701604304 0.008425928572156106 1.392153466374895e-07 1.3283870830017297e-12
0.01 3.506741886003409 7.797184217506474e-05 1.0403154544604482e-10 6.027041726956305e-17
0.01 0.8775185126708147 0.007231204361379027 1.1438340986800169e-07 1.015417251957617e-12
0.01 3.3819699521726982 8.705985654729037e-05 1.2473665357389362e-10 7.768129187884969e-17
0.01 0.8030134086772587 0.010419087975162692 1.8122437730543794e-07 1.9035520434224184e-12
0.01 0.9795442120899 0.004744545857851396 6.491545422829759e-08 4.667218591286444e-13
0.01 0.863336386457089 0.0077175310407061725 1.2444026321508315e-07 1.1395142943308532e-12
0.01 0.9865909703054009 0.004620268945534608 6.25707641265402e-08 4.43691910540521e-13
0.01 0.8547396938247365 0.008035551187325952 1.310571980614213e-07 1.223164464702397e-12
0.01 0.997321601987137 0.004439664604568302 5.919327015387718e-08 4.110748143759841e-13
0.01 0.8555376068520802 0.008005245892638846 1.3042543518620608e-07 1.215111286469069e-12
0.01 3.556637804057524 7.469287697938804e-05 9.692303586526409e-11 5.459161538034268e-17
0.01 1.0624655419567952 0.0035302798039931094 4.2813665940686334e-08 2.630738891342451e-13
0.01 0.9013773977588297 0.006507124690311059 9.958639352125212e-08 8.399229717137873e-13
0.01 0.868770218536136 0.00752579196082518 1.2046555007520983e-07 1.0900210864312328e-12
0.01 3.3865439598192575 8.670234106662409e-05 1.2389480380279986e-10 7.694931850344714e-17
0.01 1.3569282662919695 0.001525907704288684 1.2333341156501448e-08 4.7006165159747965e-14
0.01 1.1865701550639214 0.0023984188596805765 2.437258732900312e-08 1.2079673138272019e-13
0.01 2.0921957153136286 0.00038148249011132267 1.3883943669215746e-09 2.2490379467088924e-15
0.01 1.4496875099785136 0.0012273807958448114 8.824597161162633e-09 2.953301962459261e-14
0.01 0.9091032948412556 0.00629486334967799 9.529764601033359e-08 7.907371084930998e-13
0.01 0.8041972577203038 0.010353620862314561 1.7984007353681838e-07 1.8837719923653593e-12
0.01 1.0755821691566902 0.003379257065527213 4.021148530001838e-08 2.4127383045138416e-13
0.01 0.8459258402925415 0.00838162104489317 1.3828765506838176e-07 1.3163083972612298e-12
0.01 2.4983525583120976 0.00022005190012800745 5.694687999659666e-10 6.483495967170115e-16
0.01 1.40888840923739 0.0013478505316364827 1.0196008361831122e-08 3.6093984046733404e-14
0.01 2.9267434282557496 0.00013534447074667165 2.5744352631641667e-10 2.1387820503988588e-16
0.01 2.2828020844365406 0.0002908593305099528 8.958295687353536e-10 1.220370003939631e-15
0.01 1.25403495662885 0.0019866791765381195 1.8399688819916454e-08 8.185127527021434e-14
0.01 1.0644323292949351 0.00350704211239012 4.241082282185876e-08 2.596657965340322e-13
0.01 1.8950772995541885 0.0005202404746630559 2.2840378329725144e-09 4.502274479281339e-15
0.01 1.109841410677288 0.0030249134947618124 3.426312902191022e-08 1.934363249761173e-13
0.01 0.8746591426019952 0.00732563859777716 1.1632967785405604e-07 1.0391390723169414e-12
0.01 0.9847242325866467 0.00465273993529345 6.318180601464173e-08 4.4966355888080927e-13
0.01 1.2045997078313755 0.0022776552135754945 2.2572702250213987e-08 1.0862996693870965e-13
0.01 1.0334353593294858 0.0038998022149264737 4.9331791677307745e-08 3.198344303750535e-13
0.01 1.7009753265665222 0.0007326812665168971 3.936585232675151e-09 9.610637648723844e-15
0.01 1.1406511448698227 0.0027488655322128533 2.9798097611461535e-08 1.5949957300769489e-13
0.01 1.0486772328128289 0.0036993898767899943 4.5771084326890416e-08 2.8845620994840423e-13
0.01 3.346114324473702 8.99319625699369e-05 1.3157939598907616e-10 8.370318701385287e-17
0.01 3.447583694374672 8.211393960295259e-05 1.1328778359791325e-10 6.789864235120042e-17
0.01 1.662567374232336 0.0007881323008735665 4.417135389386797e-09 1.1281853465516357e-14
0.01 0.9319537328835451 0.005721885337520041 8.38562325239583e-08 6.634831813474412e-13
0.01 1.463207073276433 0.001190707034057787 8.419854218292434e-09 2.7668204421521364e-14
0.01 0.8886053260839138 0.006881102737514451 1.0719919665734785e-07 9.291188358108177e-13
0.01 1.8192289627276181 0.0005918369152347837 2.805597699000614e-09 5.996492681646685e-15
0.01 1.7817987024542585 0.0006321206211748088 3.1153531246991935e-09 6.93832322771311e-15
0.01 0.8725531663230299 0.007396328045723371 1.1778874297231996e-07 1.0570165055070321e-12
0.01 1.5707754485685441 0.0009458711586612115 5.883283895769386e-09 1.68099939170288e-14
0.01 1.3051149772956916 0.0017371293643230561 1.502454425541094e-08 6.18089727738658e-14
0.01 0.9451083338477277 0.005425172844593849 7.802085283063771e-08 6.009260488008286e-13
0.01 1.6863075492649935 0.0007532140663809631 4.112306495591042e-09 1.0213025563735308e-14
0.01 3.875831439430369 5.7533727172619224e-05 6.301975459867077e-11 2.9901876411036596e-17
0.01 1.1832019461551253 0.0024219545252352494 2.4727722166735265e-08 1.2323865639130086e-13
0.01 1.6479884400668148 0.0008106700263981723 4.617813138538715e-09 1.2001471923588916e-14
0.01 1.4039116558539995 0.0013636352167961617 1.0380299406290621e-08 3.700295239188883e-14
0.01 1.8214827530665827 0.0005895233982705259 2.788156780971325e-09 5.9446227603725256e-15
0.01 1.0912768023272974 0.0032101312469022115 3.73437533937045e-08 2.1785372444467798e-13
0.01 1.3324042218223289 0.0016212188576134928 1.3527766764323203e-08 5.3437808948569476e-14
0.01 0.9263345667518718 0.005855680738739455 8.650864164787726e-08 6.924536657438407e-13
0.01 1.6106657369799549 0.0008724968641035596 5.183669978855366e-09 1.4095688828211859e-14
0.01 2.0047202521691916 0.00043598876381080985 1.7210369317822041e-09 3.034477513765053e-15
0.01 1.264579353947987 0.0019313099644310788 1.763370820677399e-08 7.716856439328946e-14
0.01 0.9708891648261745 0.004903733168877826 6.79419443945055e-08 4.969031158426156e-13
0.01 0.8336301442340365 0.008901541605880333 1.4919720887681637e-07 1.4601395365432984e-12
0.01 1.9283116605797992 0.0004925412641977456 2.0926734769492683e-09 3.985329006055648e-15
0.01 3.1025805973151943 0.00011323717034144847 1.921565823164844e-10 1.421157056967913e-16
0.01 1.5596889288702784 0.0009677453875142738 6.0975291140974645e-09 1.7667332457928754e-14
0.01 0.9942641334520522 0.004490096910370074 6.013273066579314e-08 4.200801783991915e-13
0.01 1.1580506834165247 0.0026082227689079845 2.758619070559763e-08 1.4336833722235085e-13
0.01 0.9726441573875483 0.0048708518909100235 6.731473441634726e-08 4.906069455655697e-13
0.01 1.2927571514415532 0.0017933717006038046 1.5767527397347593e-08 6.608651861502082e-14
0.01 1.6941783454097357 0.0007421005537717589 4.016868023166252e-09 9.884581498969339e-15
0.01 1.1336326994524595 0.0028085759748694913 3.075039775115294e-08 1.6658690502660362e-13
0.01 0.9879388385873092 0.004597021554257483 6.21339904544671e-08 4.394365034039338e-13
0.01 1.1211445680742462 0.00291935142556359 3.253713752168668e-08 1.8010744208194866e-13
0.01 3.6393168123989024 6.965387225251336e-05 8.638407348677387e-11 4.647522248634132e-17
0.01 1.7062406633135947 0.0007254955263104187 3.875716397830559e-09 9.404383446948021e-15
0.01 1.40164789405668 0.0013708987286719123 1.0465451564404577e-08 3.742505357710397e-14
0.01 1.6755236828212752 0.0007688100536934223 4.247531999662688e-09 1.0683493182788431e-14
0.01 2.4485011881804337 0.00023417036405872933 6.300994049833333e-10 7.467288445198107e-16
0.01 1.0676113292153069 0.003469931127719214 4.1769301255180344e-08 2.542633837362047e-13
0.01 3.71780192887008 6.528255202717847e-05 7.762826326230711e-11 4.0023833287455335e-17
0.01 1.3490209295605342 0.0015557810271963097 1.2704069554628394e-08 4.89779468978171e-14
0.01 3.5178376295957063 7.722626881701679e-05 1.0239807688490021e-10 5.89513946354663e-17
0.01 1.7771277986122354 0.000637405295498828 3.1568279351843514e-09 7.067316824456308e-15
0.01 0.8154966403420882 0.009757938990624009 1.6725036158589659e-07 1.7063644195034322e-12
0.01 0.8344680707952613 0.0088646460657314 1.4842147438818067e-07 1.4497851859801157e-12
0.01 1.4734625606422107 0.001163876983378818 8.127656772799752e-09 2.6343198640977442e-14
0.01 2.6593566061778913 0.00018156518795036617 4.162601085552037e-10 4.1852503689461747e-16
0.01 0.8241820597405969 0.009333454969654932 1.5829224879452664e-07 1.5829448280743852e-12
0.01 0.8260084479393426 0.009247622114678673 1.564829683571979e-07 1.558311125527292e-12
0.01 1.5996186638787966 0.0008920199203798585 5.366903262237672e-09 1.4793611585415816e-14
0.01 3.2599235653456655 9.737468563246293e-05 1.4996125115481884e-10 1.0049242824600028e-16
0.01 2.6419949513376744 0.00018525775888677667 4.301663061630849e-10 4.381836608414188e-16
0.01 0.8612798501829588 0.007791935666540588 1.2598576277886576e-07 1.1589132025068878e-12
0.01 2.971166512534567 0.00012924864129118746 2.387152038225306e-10 1.9245457497804185e-16
0.01 1.46354448898989 0.001189810962100492 8.410041691395982e-09 2.7623415948903674e-14
0.01 1.865594791234701 0.0005466016248647929 2.4716378890072007e-09 5.025822202757916e-15
0.01 2.078756217721821 0.0003892356739636295 1.4341161140522462e-09 2.3530112085400856e-15
0.01 2.896605850084957 0.00013970102243347876 2.711576105269495e-10 2.299655659757834e-16
0.01 3.936451465040879 5.488805443285208e-05 5.830741923410362e-11 2.6822158955878506e-17
0.01 2.3660566763180397 0.00026031584105132977 7.483314588474019e-10 9.493634135491985e-16
0.01 1.155642537403518 0.00262708514184919 2.7880238857247548e-08 1.4548559854698446e-13
0.01 1.7056569725700472 0.0007262873874131018 3.8824080173580185e-09 9.42699662635439e-15
0.01 1.0367391245647934 0.0038550945765210565 4.853243260035441e-08 3.127144669912827e-13
0.01 1.402149113431726 0.0013692859687887793 1.0446525842888132e-08 3.7331123663668904e-14
0.01 1.0216611208170496 0.0040651768016060725 5.231269443222125e-08 3.4676098944903113e-13
0.01 2.2358166344679242 0.0003102491523620372 9.944869418181279e-10 1.4119356869466247e-15
0.01 2.0726670818298207 0.0003928183908096333 1.4554258924173593e-09 2.401920395558708e-15
0.01 0.8275680631006052 0.009175232195556647 1.549577117452902e-07 1.5376224822827825e-12
0.01 0.8507867208106505 0.00818815813775968 1.3424210315286903e-07 1.2639731416922674e-12
0.01 1.2014369249312735 0.002298223234950303 2.287656247711594e-08 1.1065903560109634e-13
0.01 0.8041296089487604 0.010357345609184627 1.799188317600484e-07 1.884895925951735e-12
0.01 0.8855100149130084 0.006976357777826666 1.0914872733822987e-07 9.523372637364535e-13
0.01 0.8774265985484123 0.0072342126717548 1.144453580110273e-07 1.0161700796127959e-12
0.01 1.2715567441171904 0.0018958317259110808 1.7147903011215445e-08 7.423840571276229e-14
0.01 2.696013933467392 0.0001740868724396079 3.886310022759213e-10 3.8023870981972653e-16
0.01 1.1255327690408996 0.0028797462830980783 3.189539453701074e-08 1.7521827165060307e-13
0.01 0.8142514698209471 0.009821091645286096 1.6858429835772736e-07 1.724945862714692e-12
0.01 1.43162646611994 0.0012788187490241833 9.40244090032692e-09 3.2252881074294674e-14
0.01 1.2699054416457478 0.0019041467626381042 1.7261406102070374e-08 7.492020568551497e-14
0.01 2.795421765406412 0.00015577954640875102 3.240864739555302e-10 2.9502820024719145e-16
0.01 1.7009792835660962 0.0007326758301822726 3.93653905905101e-09 9.610480715072858e-15
0.01 2.52225771037276 0.00021368594083755372 5.428906429946597e-10 6.064883930451293e-16
0.01 0.855166764609449 0.00801931018706413 1.3071859806876223e-07 1.2188465514780314e-12
0.01 0.7935428570061993 0.010965359272185202 1.9277514154579374e-07 2.070639026971636e-12
0.01 0.8638922239435859 0.007697596796504438 1.240264847402804e-07 1.1343351677602128e-12
0.01 1.0434314278401624 0.0037667049697068904 4.696050372682787e-08 2.988403304932708e-13
0.01 1.2488676946984563 0.00201461148120709 1.8789651339176407e-08 8.426414472445845e-14
0.01 1.588972254437157 0.0009114002783712909 5.55090589013258e-09 1.5503844234315606e-14
0.01 1.8189508988040528 0.0005921231978502965 2.807758563935323e-09 6.002927974810515e-15
0.01 0.9837788221573068 0.004669307630325574 6.349401213230213e-08 4.5272295027299156e-13
0.01 3.471481109638567 8.0406078270587e-05 1.0943422100689634e-10 6.469150020127152e-17
0.01 0.8739783787963316 0.007348382611792568 1.1679892625827961e-07 1.044879886478943e-12
0.01 1.5696094937439915 0.0009481398379163777 5.905385209317872e-09 1.689788406729368e-14
0.01 1.7978354336332472 0.0006144211330294812 2.9778529062197655e-09 6.515493844965744e-15
0.01 0.968305846380678 0.004952706679257598 6.887805815470991e-08 5.063399178690777e-13
0.01 1.3887407974057044 0.0014133389293718847 1.0967327044371066e-08 3.993954082787654e-14
0.01 0.8460199109018768 0.008377814610431878 1.3820797712874095e-07 1.3152723195071456e-12
0.01 1.2690347928838734 0.001908551046957231 1.7321614474852908e-08 7.528256602138392e-14
0.01 0.8704015132477626 0.007469567671379887 1.193023358373762e-07 1.0756461895140967e-12
0.01 1.287578733002618 0.0018176832112877857 1.6091964903002305e-08 6.797891479226348e-14
0.01 0.8144991773958434 0.009808480970957937 1.6831791039429048e-07 1.7212309870934794e-12
0.01 1.9475420918706103 0.00047741731291641516 1.990739248351637e-09 3.717342342324711e-15
0.01 1.8918886553518053 0.0005230076119495 2.3034818678484017e-09 4.5557815077408126e-15
0.01 0.7949981665452489 0.010878721907048408 1.909434895700722e-07 2.0439036755103756e-12
0.01 0.9052954840261812 0.0063982235503690765 9.738294480959913e-08 8.14554640875518e-13
0.01 2.4133096515592523 0.0002448779728583513 6.776000608151034e-10 8.264816073119869e-16
0.01 1.0009541316085497 0.004380776340346841 5.810000370927238e-08 4.00661388087641e-13
0.01 1.4786614257404422 0.0011505899276513863 7.984193237187803e-09 2.569931141369106e-14
0.01 2.6598435439880586 0.00018146305266555717 4.1587793143630457e-10 4.1798839222106367e-16
0.01 1.000755075511347 0.004383974780349656 5.815927899627341e-08 4.012241472737646e-13
0.01 0.7960392183034921 0.010817361340078357 1.896461245288278e-07 2.0250210169311427e-12
0.01 0.9028918940584217 0.0064647184966114294 9.872761037354515e-08 8.300113847900141e-13
0.01 0.9885947629938555 0.004585768043223212 6.192276953093234e-08 4.373825622705042e-13
0.01 1.5052190941230053 0.001085840119506601 7.2971002886812894e-09 2.2678223214274964e-14
0.01 3.095343374650923 0.00011404755097412036 1.9441918184340612e-10 1.4446000593202e-16
0.01 2.258446016829541 0.0003007003446742418 9.454248638075094e-10 1.3156846728586661e-15
0.01 0.9637086836295674 0.0050415815967624796 7.058269549959853e-08 5.236450185979006e-13
0.01 1.2121836929991923 0.0022293587971317637 2.1863646266022654e-08 1.0393550067636775e-13
0.01 0.8690736886336167 0.0075152865626134805 1.202481238180759e-07 1.0873303555789582e-12
0.01 0.8083262829861806 0.010129935602758563 1.7511089914966076e-07 1.8166016920820274e-12
0.01 0.8458219489876344 0.00838582776770826 1.383757156384533e-07 1.3174537242053272e-12
0.01 1.0509096252438894 0.003671253064674788 4.527594622369248e-08 2.8416282704708646e-13
0.01 2.180954390787094 0.00033515590799201845 1.1267147077725174e-09 1.680605382220986e-15
0.01 0.9803406000905815 0.0047302662447811054 6.464522243168619e-08 4.640517433738626e-13
0.01 1.4044212850549362 0.0013620072701170309 1.0361244583617893e-08 3.690867919704444e-14
0.01 0.9641689066031198 0.0050325832735382825 7.040976989379737e-08 5.21882456075024e-13
0.01 1.36658995115472 0.0014904618221309829 1.1897867309663874e-08 4.4718952914133314e-14
0.01 1.2649850904297106 0.001929222025649952 1.7605008783742838e-08 7.699459686006201e-14
0.01 1.1384139370273914 0.0027677062318316285 3.0097748039195194e-08 1.6172060432879044e-13
0.01 1.9224718096794988 0.0004972618575715047 2.1248620705282913e-09 4.071034710520456e-15
0.01 0.8708880332284534 0.007452916196738215 1.1895804558299112e-07 1.071401087997296e-12
0.01 0.8522175647127677 0.00813243998497706 1.3307859208413065e-07 1.2490244142660074e-12
0.01 1.1995335342097488 0.0023107249257280065 2.3061801718453893e-08 1.1190102902340513e-13
0.01 1.2169540385184185 0.002199701179915028 2.1431369265650778e-08 1.011016226371613e-13
0.01 1.163221273682631 0.002568351318648279 2.6967348871673808e-08 1.3894028627744763e-13
0.01 0.997426536247459 0.004437947907293192 5.916134253350812e-08 4.1076968774218686e-13
0.01 1.6198312000886301 0.0008567367451455915 5.037329566402611e-09 1.3545119642262435e-14
0.01 2.5279524524370816 0.0002122059821606131 5.367804326054162e-10 5.969773103569124e-16
0.01 2.7835882530152167 0.000157819207500782 3.3105568587823203e-10 3.0392971025149984e-16
0.01 1.0655666350666975 0.0034937371958756913 4.2180567088065814e-08 2.577232214729567e-13
0.01 1.4383989862726956 0.0012591920939673798 9.180578353837213e-09 3.120073629622298e-14
0.01 1.1285446413345628 0.0028529933070147715 3.146374044703471e-08 1.719503883633073e-13
0.01 0.9521504043700547 0.00527523748854715 7.509847313738136e-08 5.702260216678137e-13
0.01 1.0917321965949718 0.0032054015289033635 3.726428918860108e-08 2.1721406697566216e-13
0.01 2.0790644204399507 0.0003890555064519012 1.4330475158559129e-09 2.3505660951928443e-15
0.01 0.8835261847556205 0.007038404738238945 1.1042073053113305e-07 9.675673877886905e-13
0.01 0.8580908744833435 0.007909371570153565 1.2842840430918103e-07 1.1897465466380301e-12
0.01 2.1801188658359423 0.0003355556846668386 1.128886391217185e-09 1.6851267717011523e-15
0.01 2.03400994222317 0.00041663279774489315 1.599951826249605e-09 2.7409583726439657e-15
0.01 2.0278655586800545 0.0004205958237823842 1.6244822870655814e-09 2.7997396290119408e-15
0.01 1.3454266921597886 0.001569624663958526 1.287700619628464e-08 4.990535921502054e-14
0.01 0.8110362100508313 0.009986948957162456 1.7208869930980274e-07 1.7740075519479262e-12
0.01 1.1488307479976465 0.002681473561909073 2.873266320263072e-08 1.5167091097867202e-13
0.01 1.8274414537236974 0.0005834653673477417 2.74266919291782e-09 5.809938781836822e-15
0.01 0.9307619261162547 0.0057498971930018405 8.44105092971135e-08 6.695099744224429e-13
0.01 0.9580508585572209 0.005154086960333545 7.27510076868709e-08 5.45879434321943e-13
0.01 1.5221081916098214 0.0010472211102139346 6.897031714672565e-09 2.0968594686844247e-14
0.01 1.605593894102555 0.0008813873636149926 5.266845308783953e-09 1.4411329835594877e-14
0.01 1.162442909695657 0.002574299274280804 2.7059430603006023e-08 1.3959675960539275e-13
0.01 0.9290790402341961 0.0057897841405170946 8.520072010435496e-08 6.781270739412185e-13
0.01 1.068570065031267 0.003458846600420367 4.157812724315208e-08 2.526594196982899e-13
0.01 2.9043977625439394 0.00013855685449361477 2.675295250856332e-10 2.2567749614358903e-16
0.01 3.2322169331998785 9.99417760253333e-05 1.5651492451365105e-10 1.0668450334770775e-16
0.01 0.9559400060289898 0.00519697118638401 7.358049321396334e-08 5.544500153818184e-13
0.01 1.7954752841981099 0.0006169835823695428 2.997624491794699e-09 6.575833053813995e-15
0.01 2.803618914354273 0.00015438733514202126 3.1936200293664347e-10 2.890367164311978e-16
0.01 2.014514147435262 0.000429384108352423 1.679361086053192e-09 2.932505222095602e-15
0.01 0.9462580802981009 0.00540028416197035 7.753447442861552e-08 5.957869338447816e-13
0.01 0.7938639512258334 0.010946157019340347 1.9236919217814945e-07 2.0647059821995483e-12
0.01 0.845981935318997 0.008379350937774841 1.382401358249665e-07 1.315690463751872e-12
0.01 2.9231924576898414 0.00013584823546056862 2.590153940955817e-10 2.1570522282166226e-16
0.01 1.08385332597187 0.003288620801874837 3.866835682768058e-08 2.2859086080179414e-13
0.01 1.6389764836576812 0.0008250404724236951 4.747347929044778e-09 1.2472517199953672e-14
0.01 1.3622954287938667 0.00150607657342839 1.2089108865561513e-08 4.571950947325116e-14
0.01 1.3309100533152138 0.0016272864947477843 1.3604936844055393e-08 5.3861102517225526e-14
0.01 1.5609645610073637 0.0009651937372982008 6.07240573168302e-09 1.75661829516896e-14
0.01 1.841520226262791 0.0005694822650655988 2.6386886003876066e-09 5.50534964925607e-15
0.01 1.1210602288820446 0.002920120002856313 3.254962303415807e-08 1.8020292636459235e-13
0.01 1.612008618238539 0.0008701633008045835 5.161912434569418e-09 1.4013444429555856e-14
0.01 1.6918319683184369 0.0007453902498683338 4.045038225305449e-09 9.981214069953105e-15
0.01 2.1795105105615504 0.0003358471704441843 1.1304707820265672e-09 1.6884275955818819e-15
0.01 0.8148094026053314 0.009792720852149123 1.6798500736401183e-07 1.7165914437104087e-12
0.01 1.4524669066095417 0.0012197168131887427 8.739510916117537e-09 2.9138194874190064e-14
0.01 1.4827973817458904 0.0011401665676282135 7.872231314313143e-09 2.5199901972131896e-14
0.01 1.4456814729505765 0.0012385431114151223 8.948994243984098e-09 3.011290479336619e-14
0.01 1.134968585447114 0.0027970731268185506 3.056634546060696e-08 1.6521059408990744e-13
0.01 2.3418214432494704 0.0002687432873688765 7.880395107859013e-10 1.0204156197108765e-15
0.01 2.843662059223782 0.0001478208399371552 2.9743738405823625e-10 2.6169591719327736e-16
0.01 0.9243729575855034 0.0059034356016929935 8.74583372341781e-08 7.029059236651433e-13
0.01 0.918133607775197 0.006059068930575095 9.056384031066219e-08 7.373719352398598e-13
0.01 2.2587488232667257 0.00030057526841026605 9.447883256474757e-10 1.3144485807987382e-15
0.01 1.0054519044629626 0.004309371834728179 5.677985755179085e-08 3.8818314601505494e-13
0.01 1.9665618806341791 0.00046306883088423925 1.8957329282968062e-09 3.4723662472477995e-15
0.01 1.641199259994483 0.0008214641447190484 4.71499705378782e-09 1.2354400839383283e-14
0.01 0.8076126309948859 0.010168088427586661 1.7591743421673544e-07 1.8280127053426476e-12
0.01 0.9990507538186411 0.004411494768453743 5.8669790485112625e-08 4.06079696419426e-13
0.01 0.8547374156072217 0.008035637952512486 1.310590071682757e-07 1.2231875455966467e-12
0.01 2.0426240785540664 0.00041116109405246303 1.5663060496091207e-09 2.6609094760791706e-15
0.01 1.2717881559696875 0.001894670452771788 1.7132068637292766e-08 7.414342697911047e-14
0.01 2.237170320496063 0.00030966656637700465 9.914673534342439e-10 1.405956605876241e-15
0.01 0.8753446416650714 0.007302838431691668 1.1585946343319887e-07 1.033394772869704e-12
0.01 3.319285570572169 9.216448719251118e-05 1.36995514743848e-10 8.855898199142337e-17
0.01 0.9101400489089247 0.006267134189705986 9.473924118129511e-08 7.843910211500107e-13
0.01 1.0212565276349648 0.004071032872507803 5.241892706588491e-08 3.4773133277363663e-13
0.01 0.8430424715183519 0.008499516938974747 1.407570097646617e-07 1.348523112798099e-12
0.01 0.9238903750877316 0.005915268817926121 8.76938999520393e-08 7.055049173200814e-13
0.01 2.316830921466371 0.0002778219068190424 8.316653534592209e-10 1.1001226596990164e-15
0.01 1.1796332078214613 0.002447240936028302 2.5110819464551535e-08 1.2588777470802595e-13
0.01 0.9926599661422963 0.0045168801582447125 6.063282609223203e-08 4.2489519768910566e-13
0.01 0.8064319140532351 0.010231674144371523 1.7726170806890072e-07 1.847072573876152e-12
0.01 1.104437081477569 0.003077264650986256 3.512725072300402e-08 2.00205610032244e-13
0.01 1.7340495775215157 0.0006890845706433472 3.5723756389452682e-09 8.395539420581877e-15
0.01 0.9498906915453725 0.005322703324993286 7.602161496184152e-08 5.798773891701884e-13
0.01 3.6930394598917986 6.662108508250717e-05 8.027062460815246e-11 4.1941749565822547e-17
0.01 1.2323861752548566 0.0021074006708189535 2.0101695146003598e-08 9.252149519554689e-14
0.01 1.1340883857567452 0.0028046448605909126 3.068746579049987e-08 1.6611596084334514e-13
0.01 1.8820863316612018 0.0005316396207293458 2.364513284868365e-09 4.7248780131437195e-15
0.01 1.5490843138943011 0.0009893170059106203 6.311295718280786e-09 1.853448399447127e-14
0.01 0.877019593990558 0.007247555377437937 1.1472015760307418e-07 1.0195113588933818e-12
0.01 0.7995279356274048 0.010615394393987912 1.8537547933232853e-07 1.963183106853042e-12
0.01 2.5368759264712413 0.00020991448199549284 5.273711416010244e-10 5.8241457048411575e-16
0.01 0.8296724026574555 0.009078857360887281 1.5292809948842018e-07 1.5102043140012292e-12
0.01 1.4853340064479907 0.0011338373544336486 7.804497505776379e-09 2.4899101202202128e-14
0.01 1.325461542918057 0.0016496776753296795 1.3890862142004312e-08 5.5437464044577246e-14
0.01 1.01656823309892 0.004139762495432073 5.3669078955840736e-08 3.592049133266818e-13
0.01 1.2116446734721202 0.0022327445214457837 2.1913147937787415e-08 1.0426138630175533e-13
0.01 1.1743354826998804 0.0024854555698739485 2.5692783568835555e-08 1.2994135556484272e-13
0.01 1.3310615407725765 0.001626669906974048 1.3597088815282924e-08 5.3818012354331867e-14
0.01 1.8718978512959226 0.0005408168255528796 2.430020045342855e-09 4.9082858373651524e-15
0.01 1.6654653525166716 0.0007837537755381438 4.378503289300407e-09 1.1144758850781397e-14
0.01 0.8364151951224702 0.00877976259227323 1.4663760555265018e-07 1.4260472939233012e-12
0.01 1.1308650650210528 0.0028326167123198485 3.1135974094456184e-08 1.6948022979984498e-13
0.01 0.9132439732861835 0.006185150042289149 9.309088788330532e-08 7.657372194670289e-13
0.01 1.600430659762531 0.0008905648370444973 5.35317270829668e-09 1.4740987334996465e-14
0.01 0.8329473370501477 0.00893177195484631 1.4983296173863674e-07 1.4686396828655077e-12
0.01 1.2315997965883727 0.0021119737437398597 2.016700661019351e-08 9.293803052609228e-14
0.01 1.8818012367040091 0.0005318935469647931 2.3663172290477956e-09 4.729902392500298e-15
0.01 1.0359775565699592 0.0038653364822542296 4.8715304306498754e-08 3.143395059947047e-13
0.01 1.9710002884222788 0.00045980442755921304 1.874352316986254e-09 3.4178884999633624e-15
0.01 1.2207202270349442 0.002176669334614765 2.1097337612480126e-08 9.892660895459214e-14
0.01 1.3083101906127856 0.0017229818694361441 1.4839340510845693e-08 6.075509266028559e-14
0.01 3.25044803495857 9.824257901764309e-05 1.5216483116663817e-10 1.0256266863341827e-16
0.01 0.949943646183501 0.005321584091813486 7.599982576716186e-08 5.796490886202911e-13
0.01 2.132385435719998 0.0003595026801407428 1.2617466815532183e-09 1.968110294055454e-15
0.01 3.2463019039923435 9.862559375447988e-05 1.5314124804389154e-10 1.0348382743861545e-16
0.01 1.8518160968994377 0.0005595416278508252 2.5656369131705783e-09 5.294142052139469e-15
0.01 1.2348319729143442 0.0020932643294199757 1.990018387027164e-08 9.123956810894929e-14
0.01 1.2679691440519123 0.001913960837170618 1.7395652056319718e-08 7.572881559999419e-14
0.01 1.1332862565995223 0.0028115697819074826 3.0798346788104885e-08 1.6694596989811804e-13
0.01 2.517037912805369 0.0002150546660515024 5.485647529962602e-10 6.153586468011425e-16
0.01 0.7984475888446497 0.01067734188198044 1.8668541956445785e-07 1.982098298028049e-12
0.01 1.0920703651390962 0.003201895588276349 3.720541208049467e-08 2.167404573727974e-13
0.01 1.1234562536485597 0.002898394050058087 3.219715184311843e-08 1.7751267140866276e-13
0.01 2.687878036523311 0.00017571045526371907 3.9456818048755367e-10 3.883778402683362e-16
0.01 3.4601942360068114 8.120672658590308e-05 1.1123433850160019e-10 6.618416148815942e-17
0.01 0.8002056017730789 0.010576805325642721 1.8455946733473488e-07 1.9514237117900083e-12
0.01 2.2035497847395127 0.0003245833480919121 1.0698433495718132e-09 1.56343460434768e-15
0.01 1.9476247372472357 0.0004773536768276922 1.9903142138653164e-09 3.7162359654231905e-15
0.01 1.8748361681213932 0.0005381483484909528 2.410906882163142e-09 4.854569608475772e-15
0.01 1.9605170151090523 0.0004675652415121932 1.9253253594688975e-09 3.548166089105337e-15
0.01 1.031467228903608 0.003926781284674475 4.981553128117467e-08 3.241640472734499e-13
0.01 1.012094256155453 0.004206878020669282 5.4895736430825547e-08 3.705595194125105e-13
0.01 0.8068190887548436 0.01021075951214924 1.7681953660431817e-07 1.8407975997115335e-12
0.01 2.940705472906863 0.0001333878147297712 2.5137309597103333e-10 2.0686404205450183e-16
0.01 0.9514390292994798 0.005290115232969773 7.538761984655696e-08 5.73244383408057e-13
0.01 1.45238969061129 0.0012199288483335897 8.74186138770174e-09 2.914908189190854e-14
0.01 1.772736446796085 0.0006424283257769242 3.1964269725005503e-09 7.19109610719498e-15
0.01 0.838497717641774 0.008690274842126677 1.4475827549403948e-07 1.4011496961975856e-12
0.01 1.544366594812011 0.0009991238990253485 6.40928453544199e-09 1.893582589620857e-14
0.01 2.487955702794661 0.0002229001031907342 5.815142679214922e-10 6.675796140242962e-16
0.01 1.9260380422134382 0.0004943719053394216 2.1051352904959282e-09 4.0184490856301246e-15
0.01 0.8557298663494511 0.00799796840530831 1.3027376034724091e-07 1.2131799332679738e-12
0.01 0.8900003127855494 0.00683878173192267 1.0633434011937186e-07 9.188670673167909e-13
0.01 1.0965214268990013 0.0031562427066881313 3.644080220188916e-08 2.1061550292236579e-13
0.01 0.8232488821749303 0.009377758548142262 1.5922644068044063e-07 1.5957030972052699e-12
0.01 1.9649759310182415 0.0004642428597298548 1.9034437007622806e-09 3.4920726629699527e-15
0.01 1.0875857813092884 0.0032488270344599814 3.799540783496163e-08 2.2311847811914937e-13
0.01 0.8236075017446933 0.00936069657669427 1.5886664514550006e-07 1.5907862264830062e-12
0.01 1.9950739313755474 0.000442628477927663 1.763305099509112e-09 3.138894475679142e-15
0.01 2.487554972712345 0.00022301087075953977 5.81984632554536e-10 6.683337497369766e-16
0.01 0.8076401250123412 0.010166614671033837 1.7588627874190938e-07 1.827571569972315e-12
0.01 0.8044110789421941 0.010341860732772021 1.7959141197414953e-07 1.8802245549864487e-12
0.01 2.0479613590076937 0.0004078193534400893 1.5458854987704882e-09 2.612653223466426e-15
0.01 1.4327016761686224 0.0012756750721579708 9.366790816957697e-09 3.208316447828385e-14
0.01 1.1485184476649706 0.002684004352940922 2.877249106459606e-08 1.5196162013777068e-13
0.01 1.0490398025605214 0.003694799636101815 4.5690225317643294e-08 2.877538879078751e-13
0.01 1.016444781203646 0.004141594207098733 5.370248053556385e-08 3.5951283522098344e-13
0.01 1.3700043721559358 0.0014782046869125907 1.1748410128844735e-08 4.394129214500325e-14
0.01 3.1413351303492596 0.00010902633904295835 1.8056476637383215e-10 1.3027853912730634e-16
0.01 0.8010818779155148 0.010527210683262405 1.8351072792044325e-07 1.9363372415949906e-12
0.01 1.1198231225546458 0.002931426016506649 3.273342801288519e-08 1.8161018622184033e-13
0.01 0.9057656404994617 0.006385331009170683 9.712251073937032e-08 8.115698729935757e-13
0.01 1.9531966545511474 0.000473089616430135 1.9619083269526618e-09 3.642505341322347e-15
0.01 1.2916196795991854 0.0017986734528130765 1.5838112603474098e-08 6.649697671194342e-14
0.01 0.8647089593178281 0.007668440132536515 1.2342149765613142e-07 1.12677387413562e-12
0.01 2.8218133190602974 0.00015135624062668118 3.091677263363675e-10 2.7622828133475977e-16
0.01 2.3970721226318026 0.0002500406680219738 7.009615122501784e-10 8.665330283327891e-16
0.01 2.0313333138919107 0.0004183529653795513 1.6105827455003408e-09 2.7663896126391705e-15
0.01 3.782944140237808 6.19288434829599e-05 7.116023136132831e-11 3.543913243567737e-17
0.01 2.909786551379068 0.00013777289806811183 2.6505445155049903e-10 2.227653688066163e-16
0.01 1.0766068120552403 0.0033678414343497895 4.0016345807707226e-08 2.3965976175719396e-13
0.01 0.8076161226911697 0.010167901245543013 1.7591347715140992e-07 1.8279566750987167e-12
0.01 1.0129724457983993 0.00419358417379421 5.4652313968086385e-08 3.6829872479958846e-13
0.01 0.8959945323845039 0.0066611060011374885 1.0271257403699382e-07 8.76263680590692e-13
0.01 3.7720154440733165 6.247513305994159e-05 7.219883789471324e-11 3.6164564803876504e-17
0.01 0.9799161562879652 0.004737869169598149 6.478907629925413e-08 4.654726295226521e-13
0.01 0.9597836669166385 0.005119256277459846 7.207849593087459e-08 5.389569823589069e-13
0.01 2.781687535817089 0.0001581501528432466 3.32191794838807e-10 3.053879136870782e-16
0.01 1.4568691584910822 0.0012077108384722529 8.606753177863381e-09 2.852512213141129e-14
0.01 1.7765150805713985 0.0006381029544678484 3.1623175917565996e-09 7.0844404474049635e-15
0.01 0.9957733437442988 0.0044651026386272 5.96667707110627e-08 4.1560709634446953e-13
0.01 2.464329097183864 0.00022955918297543895 6.100442730725681e-10 7.137536598115485e-16
0.01 1.901885361633742 0.000514398172413854 2.2431788257702426e-09 4.390418543948975e-15
0.01 1.300760939512219 0.001756665513729835 1.5281414009806484e-08 6.327889692872704e-14
0.01 0.7994979943591437 0.01061710412978704 1.8541163364203185e-07 1.963704539654283e-12
0.01 1.5402276145063132 0.0010078368877020213 6.496762195639957e-09 1.9296132638859202e-14
0.01 2.2242531086801773 0.00031528635715763026 1.0207363172473852e-09 1.4642122967701924e-15
0.01 0.9231779026505437 0.005932800846310888 8.804307963583918e-08 7.093621328378226e-13
0.01 1.742751018918666 0.0006782006448227828 3.4833768248914407e-09 8.105716367501407e-15
0.01 1.263096319419638 0.0019389682076799417 1.7739089444198582e-08 7.780828025019177e-14
0.01 1.2434955050776406 0.002044227584579835 1.920567368154586e-08 8.685936166638619e-14
0.01 1.1932819536470367 0.0023524525705383307 2.3683044416215462e-08 1.1609388701738488e-13
0.01 1.1834017405461992 0.0024205495643833536 2.4706483342167692e-08 1.23092241681093e-13
0.01 2.080584279321859 0.0003881686763040492 1.4277918381738369e-09 2.338550755299348e-15
0.01 2.704254570299207 0.0001724628340057427 3.8272639651145e-10 3.721929246899683e-16
0.01 1.6853898879691496 0.0007545244420981597 4.123610224936558e-09 1.025212496134047e-14
0.01 0.8070278514212595 0.010199508385449977 1.7658167326898658e-07 1.837424293814236e-12
0.01 1.044566696907618 0.0037519926367374774 4.6699967959025996e-08 2.9655728024557625e-13
0.01 1.7674181696462656 0.0006485835687483438 3.2451867102841924e-09 7.344334634092023e-15
0.01 2.1847288486619876 0.0003333578948270064 1.116966506036807e-09 1.6603522057056716e-15
0.01 3.7640884787086812 6.287541497247027e-05 7.296357298428021e-11 3.670137156927832e-17
0.01 2.674171712155628 0.00017849190319266955 4.0481862877976917e-10 4.025441690527484e-16
0.01 1.087212040641276 0.003252781385777611 3.806215299409239e-08 2.2365963715899007e-13
0.01 1.236693729941918 0.002082591029653028 1.9748420195229766e-08 9.027736533510271e-14
0.01 0.822175367644801 0.009429104349349298 1.6030937661279252e-07 1.610525874224172e-12
0.01 1.3954497702802366 0.0013910584378921736 1.0702930809035232e-08 3.8609218093581365e-14
0.01 0.8779251950818944 0.007217915348892169 1.141098000064849e-07 1.012093948447707e-12
0.01 1.1714296448088193 0.0025067674749790782 2.601888871680171e-08 1.3222807019465459e-13
0.01 3.3980547942125328 8.581127829908513e-05 1.2180622047887278e-10 7.514187521831645e-17
0.01 3.0986639045427644 0.00011367477699746291 1.933771239151494e-10 1.433789668719998e-16
0.01 2.1258476268251036 0.00036295995349005085 1.2813729792645894e-09 2.010948286803268e-15
0.01 0.8628081428103127 0.007736544658981694 1.248350460443559e-07 1.1444614064230691e-12
0.01 1.3123182326945102 0.0017054578587675736 1.4610890711139952e-08 5.946204626027259e-14
0.01 2.8904562880433695 0.0001406129834716914 2.740627463214138e-10 2.3341563110946384e-16
0.01 1.98632508259244 0.0004487688762505483 1.8027232866348e-09 3.2371612810907975e-15
0.01 2.4740350572526846 0.0002267916886997513 5.981250008369109e-10 6.943568338108987e-16
0.01 1.209226425102544 0.002248021754815425 2.213689843979122e-08 1.0573789045897058e-13
0.01 0.8933197274271262 0.006739564177104811 1.0431001751921743e-07 8.949889635657874e-13
0.01 1.7940905047052444 0.0006184937872769464 3.0092985766465802e-09 6.611533384178288e-15
0.01 0.9946887061365427 0.004483045635806403 6.000120424275941e-08 4.1881626228895943e-13
0.01 1.7630402190109253 0.0006537105103778845 3.2859971184486737e-09 7.473284440112667e-15
0.01 1.0273576304325749 0.0039839645697622005 5.084417365320804e-08 3.334225710659957e-13
0.01 0.7911432099827531 0.01111044415263219 1.9584196729025387e-07 2.1156019489164244e-12
0.01 1.6718155983625633 0.0007742738714436517 4.295260396216858e-09 1.0850954664606576e-14
0.01 3.091033150365215 0.00011453387735731853 1.957819014403796e-10 1.4587717543237536e-16
0.01 2.3816645259461997 0.0002550755969628762 7.240286987274761e-10 9.066007901486542e-16
0.01 2.975840877786684 0.00012862876384957418 2.368412020567427e-10 1.903465207661018e-16
0.01 1.1381377867435214 0.0027700442365345117 3.0134986498044845e-08 1.619972027000043e-13
0.01 0.8260588441172746 0.009245270000355355 1.5643339955359265e-07 1.5576376470223989e-12
0.01 2.101538459700067 0.00037621483666463535 1.3576396649491205e-09 2.1798516500725517e-15
0.01 3.463866616641213 8.094505559896322e-05 1.1064476448800954e-10 6.569421971075953e-17
0.01 1.6379093230822117 0.0008267649807156479 4.762974424595897e-09 1.2529683540534287e-14
0.01 1.5524759067201424 0.0009823474632528412 6.241962542268744e-09 1.825196352688625e-14
0.01 2.6812503614840337 0.00017704810520544873 3.9948536597983397e-10 3.9515553526094815e-16
0.01 1.174645804161111 0.002483194440251591 2.5658249571901933e-08 1.2969983593188816e-13
0.01 3.6587758845598413 6.853442637783661e-05 8.41071975474898e-11 4.477135016336863e-17
0.01 0.8168413794022207 0.009690399555858603 1.6582405845690685e-07 1.6865539927840063e-12
0.01 0.8629001930531506 0.007733226548489179 1.2476614361389548e-07 1.1435975708742496e-12
0.01 1.8137188635756458 0.0005975449459695895 2.8487925305750447e-09 6.125498358398168e-15
0.01 3.036840207276513 0.00012089259433876929 2.139337018048172e-10 1.6512201391902434e-16
0.01 1.6995327045407111 0.00073466686299971 3.953462427762597e-09 9.668047427477227e-15
0.01 1.2571734251429305 0.0019699732435600956 1.8167587050485604e-08 8.042435541923867e-14
0.01 2.54683692469171 0.00020739561204664557 5.17100725185369e-10 5.666360024839366e-16
0.01 3.6913546738520164 6.671348476476862e-05 8.045429704875428e-11 4.207601115416409e-17
0.01 2.2182364711426796 0.00031795083894171314 1.034723089309032e-09 1.492285513425132e-15
0.01 1.3910583322266008 0.0014055876356092155 1.087511573446879e-08 3.9474157872470705e-14
0.01 1.165947663431195 0.002547666582565256 2.6647773374400397e-08 1.3666853063611745e-13
0.01 1.4658554916120436 0.0011836982840412859 8.34320278471653e-09 2.7318872856380916e-14
0.01 2.0784902611858502 0.0003893912357714838 1.4350390059827214e-09 2.3551235007749423e-15
0.01 0.8025422093716016 0.010445314121751682 1.8177894430270362e-07 1.9114910368396693e-12
0.01 1.0634320721943735 0.0035188334348733234 4.261512504939433e-08 2.6139271125157323e-13
0.01 0.8385097673338557 0.008689760911058896 1.447474864503296e-07 1.4010070911303671e-12
0.01 0.7944255270420041 0.010912691874558214 1.9166169143678819e-07 2.0543761430680792e-12
0.01 1.475628705363581 0.0011583155668649955 8.06750808694403e-09 2.6072702421934687e-14
0.01 0.9123313948158022 0.006209094565311327 9.357189987471571e-08 7.71168378039848e-13
0.01 2.0130335717583994 0.00043037386276078193 1.6855829406047221e-09 2.947666370530404e-15
0.01 3.0360800598349216 0.0001209851101736791 2.1420234720631015e-10 1.6541187425836814e-16
0.01 2.766788628669888 0.00016077680888980077 3.4126133028806487e-10 3.170992920397558e-16
0.01 1.2096915260983392 0.002245072318269182 2.20936517760624e-08 1.0545206709345569e-13
0.01 1.334638342207302 0.0016122040326961447 1.3413359816369049e-08 5.281196577501158e-14
0.01 2.389918554164421 0.0002523615624413053 7.115598645677939e-10 8.848787565254906e-16
0.01 1.454912293033007 0.001213027689562469 8.665464394271238e-09 2.8795802542854575e-14
0.01 1.192528508094775 0.0023575516777295602 2.37592696420606e-08 1.16611241521875e-13
0.01 2.458696772325856 0.00023118596882154885 6.170917645422319e-10 7.252932510219691e-16
0.01 2.374114784721496 0.0002575925025640973 7.356640147733922e-10 9.270044815859446e-16
0.01 1.116763540967837 0.00295965006168969 3.3193405403763386e-08 1.8514490361562876e-13
0.01 3.3431762251851866 9.017289951694886e-05 1.3215983786214863e-10 8.421984358857409e-17
0.01 0.9478477080135553 0.005366139034343946 7.686802151089566e-08 5.887642564811804e-13
0.01 1.9457032534506657 0.0004788361645809915 2.000224420446792e-09 3.7420566054890974e-15
0.01 2.168004048117081 0.00034142510663497344 1.160947115135469e-09 1.75227305240276e-15
0.01 3.7879991882836577 6.167831829407946e-05 7.06858964291573e-11 3.5109220612174074e-17
0.01 2.0435896354546115 0.0004105538196750885 1.5625879122619091e-09 2.65210454520682e-15
0.01 3.9039103842680505 5.628754128770366e-05 6.078230382548535e-11 2.8427731778129966e-17
0.01 1.8753718136689275 0.0005376638110095207 2.407442106271437e-09 4.84484990332639e-15
0.01 1.5852427495394212 0.0009183245123246289 5.617150367603139e-09 1.576180476444896e-14
0.01 0.8375770800937732 0.00872967157096192 1.4558547568558716e-07 1.4120945023558472e-12
0.01 1.6408070444388005 0.0008220936688497673 4.7206861656327646e-09 1.2375149586145745e-14
0.01 3.4465937215538527 8.21857320675784e-05 1.1345090465712524e-10 6.803537030929577e-17
0.01 0.7940410681937561 0.01093558610156673 1.9214571110974928e-07 2.0614416189652637e-12
0.01 1.3251395955905316 0.001651013925292257 1.3907982253388002e-08 5.553224814355163e-14
0.01 1.2141876666250764 0.002216833199222624 2.168078468200139e-08 1.0273409382123698e-13
0.01 1.5044168323290106 0.0010877224776860228 7.31678877397163e-09 2.2763315977065644e-14
0.01 1.1608105287618735 0.00258683533680926 2.725377627672751e-08 1.409850671648583e-13
0.01 1.0366817609213883 0.003855864704640369 4.854617822021485e-08 3.1283653468951465e-13
0.01 1.1228637758537987 0.002903745408761909 3.228387975579044e-08 1.7817360458309195e-13
0.01 0.8583984196167472 0.007897935268114843 1.281903586791575e-07 1.1867324185324389e-12
0.01 1.3595849173431156 0.0015160472829933557 1.2211716087283025e-08 4.636418933944649e-14
0.01 2.827801042505805 0.00015037617619205102 3.0589857660418477e-10 2.721558749475456e-16
0.01 1.9182009034586127 0.0005007529346501651 2.1487798207154737e-09 4.13504931863313e-15
0.01 0.8392470400117327 0.008658399122362086 1.4408919205057938e-07 1.3923131775333935e-12
0.01 1.501624459832367 0.001094308998674915 7.3858168424372434e-09 2.306235154328817e-14
0.01 2.6126497298964377 0.00019173156452650196 4.549616360353581e-10 4.73860956344727e-16
0.01 0.8623377602387214 0.007753532474040318 1.2518786002746188e-07 1.1488873366294379e-12
0.01 1.189805662065393 0.002376106875406194 2.4037210130057108e-08 1.185029950701418e-13
0.01 1.525726148166136 0.0010391920151256633 6.814790865274565e-09 2.0621814374808768e-14
0.01 3.092004964761826 0.00011442398452770307 1.9547365418345403e-10 1.455562678266309e-16
0.01 1.67236184754645 0.0007734656818926865 4.288189052550622e-09 1.0826097946549513e-14
0.01 1.2029190146322797 0.0022885532329374857 2.2733563655642448e-08 1.0970285946139534e-13
0.01 0.9067160375720853 0.006359382398287855 9.659861872172054e-08 8.055744590767992e-13
0.01 0.8551625287747988 0.008019471038178499 1.3072195122852333e-07 1.2188892922744357e-12
0.01 0.8945546289595115 0.006703178313868027 1.0356881267201026e-07 8.862875668325624e-13
0.01 1.364673138837956 0.001497403798676581 1.198277285051154e-08 4.516241368256049e-14
0.01 1.2165473743380435 0.0022022081653542023 2.146781666903119e-08 1.013397299309268e-13
0.01 3.1832043612116263 0.00010470939637855662 1.6897127780267367e-10 1.1873783063846512e-16
0.01 1.7186520904908913 0.0007089308127193271 3.736654475922757e-09 8.93791684587181e-15
0.01 1.5878268480325448 0.0009135192855916872 5.571150511148e-09 1.558255201636059e-14
0.01 0.9989441541918219 0.004413224115437733 5.8701900396037666e-08 4.0638562176164414e-13
0.01 1.4206783865638977 0.0013114387611983687 9.774889825930424e-09 3.404070756011484e-14
0.01 1.3739610256063397 0.0014641728010661916 1.1578032719197957e-08 4.3059405228498397e-14
0.01 1.3141753851334526 0.0016974207922264872 1.450647245291673e-08 5.88735938987891e-14
0.01 2.0731094737422597 0.0003925566039962094 1.4538649247259227e-09 2.398328119844808e-15
0.01 0.9957394860679069 0.004465661212030981 5.967717624402127e-08 4.1570684620050585e-13
0.01 1.7054011261667184 0.0007266348491288348 3.885345499400808e-09 9.43692814542801e-15
0.01 0.8346348637734509 0.008857328332532274 1.4826764307917933e-07 1.4477341512953379e-12
0.01 2.1306740236109967 0.0003604033968927798 1.2668491913927485e-09 1.979222403223183e-15
0.01 1.3714317822037534 0.0014731213989560995 1.1686598949789219e-08 4.36207806725448e-14
0.01 2.0204747135488206 0.00042543040490235126 1.6545903055002184e-09 2.872363987171996e-15
0.01 1.4082155299083523 0.0013499700568596375 1.022069395191671e-08 3.621537524815082e-14
0.01 2.0831402980707905 0.00038668338190910674 1.419005224283065e-09 2.318501958528455e-15
0.01 1.8578444642889407 0.0005538298381915442 2.523991822014901e-09 5.174782711461907e-15
0.01 2.255606628629433 0.0003018765858432607 9.514187510159722e-10 1.3273402671902371e-15
0.01 1.2256578736499786 0.0021469739936568312 2.0668847233985872e-08 9.615565332341767e-14
0.01 1.6280379212850216 0.000842951201412271 4.910492313144927e-09 1.3072925448151341e-14
0.01 3.3466400976952912 8.988893779426701e-05 1.3147584891969937e-10 8.361111388462637e-17
0.01 0.7929977665523188 0.010998070551238765 1.934666569900757e-07 2.0807557308438695e-12
0.01 1.9126133424495773 0.0005053703866374355 2.18056130627151e-09 4.220543691067434e-15
0.01 2.200779962104062 0.0003258550147362875 1.076626326871889e-09 1.5772833542427273e-15
0.01 2.0453893501076417 0.0004094251345784727 1.555685881544488e-09 2.63578165813813e-15
0.01 2.143600218852803 0.00035367468453083035 1.2289142659369205e-09 1.897033410566796e-15
0.01 1.0490422785898474 0.0036947683162118702 4.568967371438994e-08 2.877490984018355e-13
0.01 1.0129110500705596 0.004194511650488157 5.466928969307629e-08 3.6845626675695314e-13
0.01 2.4565446935254998 0.00023181164204826645 6.198103584012299e-10 7.297586605587489e-16
0.01 1.2933823461953409 0.0017904668005022095 1.572889244948623e-08 6.586215058225921e-14
0.01 3.3588720689769977 8.889570670779218e-05 1.2909423589164007e-10 8.150138604582875e-17
0.01 1.3179670138434667 0.0016811725057343109 1.4296061986897449e-08 5.769274527003139e-14
0.01 1.3704874930687312 0.0014764815167785145 1.1727445609368053e-08 4.383251136865061e-14
0.01 1.4885022094040654 0.0011259992782567448 7.72088047226426e-09 2.4529154622372923e-14
0.01 0.8349588277350284 0.00884314003440884 1.4796940478238247e-07 1.4437598858447737e-12
0.01 2.689795690058693 0.00017532594887561796 3.9315901764604094e-10 3.864416344360586e-16
0.01 2.88285559297537 0.0001417512018762893 2.77705224535993e-10 2.3776186854797425e-16
0.01 1.330709542178492 0.0016281031122689195 1.361533299684597e-08 5.391819800507863e-14
0.01 0.9149667466048765 0.00614030476723123 9.219093610232174e-08 7.556031045767423e-13
0.01 1.885716372609737 0.0005284207056307969 2.341687948775128e-09 4.6614343912847835e-15
0.01 1.6026644119388014 0.0008865785755333814 5.3156180426998185e-09 1.4597321875313278e-14
0.01 1.2241097868666297 0.0021562239055151647 2.080205401703629e-08 9.70147569639634e-14
0.01 1.8842416463167189 0.000529725227180009 2.3509288134468845e-09 4.6870905643633294e-15
0.01 0.8101200014285531 0.010034959953015147 1.731033783414852e-07 1.7882791148120157e-12
0.01 1.36017186679196 0.0015138805262650424 1.2185039630996933e-08 4.622370962611948e-14
0.01 0.7950583239050816 0.0108751622831884 1.9086822952791524e-07 2.0428070658526072e-12
0.01 2.9326477942764932 0.00013451236449186845 2.5485518172008287e-10 2.1087935072561877e-16
0.01 1.1011186563435114 0.0031100356884327172 3.5670861672527485e-08 2.044963331742947e-13
0.01 0.8710918733273103 0.007445955495255141 1.1881415297422335e-07 1.0696281953303388e-12
0.01 0.8728959243713165 0.007384756387046447 1.1754977390458078e-07 1.0540830269780528e-12
0.01 1.6069454333235698 0.000879006261319993 5.244525035907968e-09 1.432643536149505e-14
0.01 1.3098824588737374 0.0017160782807626347 1.474921596805946e-08 6.024406310569996e-14
0.01 0.9253446803050547 0.005879710315885559 8.698632274929865e-08 6.977057893368035e-13
0.01 2.1586441639591216 0.00034605478494898015 1.1864680284884017e-09 1.806248235452203e-15
0.01 1.5496415662239926 0.000988167278032561 6.299840682619405e-09 1.8487723355307765e-14
0.01 1.9249266957374829 0.0004952700657324888 2.1112590661664817e-09 4.034752624886639e-15
0.01 1.3074963074270987 0.0017265704704944988 1.488625358867949e-08 6.102157277767826e-14
0.01 2.857771192624749 0.00014559643255862686 2.901459244439589e-10 2.5277604536095835e-16
0.01 1.7940582057824688 0.0006185290712692791 3.009571517025138e-09 6.612368707452082e-15
0.01 0.9413816864179029 0.0055069709579031335 7.962283679381455e-08 6.179353438913007e-13
0.01 1.4551858409576595 0.0012122825373617372 8.657228334502806e-09 2.875778844441165e-14
0.01 1.0653465366090529 0.003496313341581204 4.22251274707294e-08 2.580988514156254e-13
0.01 1.0302089132408025 0.003944167397080896 5.012780466763462e-08 3.2696730188484384e-13
0.01 0.8799562222504309 0.007152070112403709 1.1275512290751494e-07 9.956821093468722e-13
0.01 1.6455811732983636 0.0008144752113330328 4.6519940746618356e-09 1.2125275619883182e-14
0.01 1.7407165800566367 0.000680724403943481 3.503944271058175e-09 8.172439975140547e-15
0.01 2.362735953240184 0.00026144937932169035 7.536277925060662e-10 9.587563570940158e-16
0.01 1.3707480337568623 0.0014755533739888999 1.1716158398057138e-08 4.377397517049338e-14
0.01 1.4475524416730108 0.0012333127424651892 8.890635523545927e-09 2.984047175129414e-14
0.01 1.9266735639718076 0.0004938592813402766 2.1016430088788094e-09 4.009159784428807e-15
0.01 1.4004692881792602 0.0013747013330742241 1.0510117689468984e-08 3.764699444276919e-14
0.01 1.9094766387476765 0.0005079877056928018 2.1986500360403797e-09 4.2694226702862e-15
0.01 1.0362311884970188 0.0038619213014791476 4.865430880611794e-08 3.1379723391572074e-13
0.01 2.7022933036050594 0.00017284750549286768 3.841218655775508e-10 3.740900249139562e-16
0.01 0.8166142650653123 0.009701758415604791 1.6606391341746564e-07 1.689881240203213e-12
0.01 1.9802892291973697 0.0004530722697499478 1.8305358214946618e-09 3.307006514696747e-15
0.01 1.6432489662670375 0.0008181848837246796 4.685399634647116e-09 1.2246613461876455e-14
0.01 1.2093416350403203 0.0022472906537277814 2.2126176344282106e-08 1.0566700682756688e-13
0.01 0.935991965012556 0.0056283998531833825 8.201051953864998e-08 6.435191346658022e-13
0.01 2.1835716402562646 0.00033390776380258047 1.1199443948163733e-09 1.6665318062667599e-15
0.01 1.3289319792722192 0.0016353671642439045 1.370791564210869e-08 5.442739630020097e-14
0.01 1.1477961240880963 0.002689870541060202 2.886486439964036e-08 1.5263645021113365e-13
0.01 3.0543330928946064 0.000118789506159166 2.0786180638881567e-10 1.5860935564117108e-16
0.01 1.3005517225023062 0.0017576118236019085 1.5293889408711227e-08 6.335052895597726e-14
0.01 1.3790695922095626 0.0014463237618933585 1.1362426570233388e-08 4.195054549568334e-14
0.01 1.1232989178015715 0.0028998137981950025 3.2220155545493724e-08 1.7768791209502058e-13
0.01 0.8697447043165737 0.007492132389932649 1.197690431721023e-07 1.0814077095666908e-12
0.01 1.0499286549160993 0.0036835801299274188 4.549272364822255e-08 2.86040381586377e-13
0.01 0.8061778117767302 0.010245434466710722 1.7755263125766982e-07 1.8512041409730373e-12
0.01 0.9664886596544415 0.004987570958839792 6.954587606404066e-08 5.131009503989791e-13
0.01 1.5388814344423942 0.0010106929955508391 6.52552265361888e-09 1.941500505371873e-14
0.01 1.5242005746728413 0.0010425673755752192 6.849324586129119e-09 2.0767234478233862e-14
0.01 1.3921883011502798 0.001401829365085715 1.0830494168639405e-08 3.924950010544449e-14
0.01 2.088258487002869 0.0003837321498067747 1.4016052836372475e-09 2.2789438505806064e-15
0.01 2.282697225899501 0.0002909007633568761 8.96036294617475e-10 1.2207630735011524e-15
0.01 1.072848630827244 0.0034099767856085655 4.073771296206784e-08 2.4564102693906523e-13
0.01 1.5215090591978253 0.00104855886199684 6.910765662180858e-09 2.1026662580870342e-14
0.01 1.0672363440341466 0.0034742800418396435 4.184436208776543e-08 2.548939000363558e-13
0.01 3.5178350508172 7.72264409863352e-05 1.0239845292980365e-10 5.895169733431955e-17
0.01 1.190545878667428 0.002371042671557648 2.3961265316655873e-08 1.1798526279572161e-13
0.01 1.5847923239224464 0.0009191656060302866 5.625215102109531e-09 1.5793290415732296e-14
0.01 2.0195524340996034 0.0004260389441679626 1.6583942476369092e-09 2.881576775364827e-15
0.01 1.9183477663460975 0.0005006323393731419 2.14795201272451e-09 4.132829045092821e-15
0.01 1.41739664831022 0.0013214377417051458 9.889972258093565e-09 3.4598503657386573e-14
0.01 2.239268885480242 0.00030876631191795775 9.868079433357387e-10 1.3967445979637696e-15
0.01 1.4926453607651937 0.0011158601100325872 7.613151272918943e-09 2.4054809269665494e-14
0.01 0.8493364866389482 0.008245195906801214 1.3543394289162936e-07 1.2793337866190823e-12
0.01 3.7318618392513128 6.453852317016427e-05 7.61744281936755e-11 3.8979561405256565e-17
0.01 2.7426390823412996 0.00016516002429573743 3.566021066901184e-10 3.3718984787786693e-16
0.01 0.8764883280860003 0.00726502493209108 1.150800550054707e-07 1.0238916894528464e-12
0.01 1.9460282080735771 0.00047858501547046086 1.9985442833268047e-09 3.7376755358003e-15
0.01 1.134603157626771 0.0028002131982615298 3.0616560336272465e-08 1.6558578346451703e-13
0.01 0.798378271049484 0.010681334672726812 1.8676985012530718e-07 1.983319050264332e-12
0.01 0.8562657937119643 0.007977732580487687 1.2985208673364905e-07 1.207814766793692e-12
0.01 1.606884685526989 0.0008791130975052741 5.245525824712893e-09 1.4330238829510853e-14
0.01 1.6666876090017404 0.000781916964791197 4.362331564403964e-09 1.1087509364177233e-14
0.01 0.8783759420081494 0.007203227382075141 1.1380746682827854e-07 1.0084250962860933e-12
0.01 1.2552889215043552 0.0019799810936839187 1.8306527776025174e-08 8.127770894298959e-14
0.01 1.2068733335688013 0.002263026079731385 2.235726497640302e-08 1.0719761086754068e-13
0.01 2.0517918447443395 0.0004054435599203538 1.5314269105182804e-09 2.5786368187037783e-15
0.01 2.3787882328928207 0.00025603057229006297 7.284352669896834e-10 9.14313031259598e-16
0.01 0.9734892780350617 0.004855128775649042 6.701519135605576e-08 4.876076038833535e-13
0.01 0.958478253812732 0.005145464944462745 7.258443287776337e-08 5.441626146774549e-13
0.01 0.8838310827665901 0.007028817320565305 1.1022407510387433e-07 9.65208618342157e-13
0.01 1.5451654981528844 0.0009974539242176385 6.392563067580165e-09 1.886716876658533e-14
0.01 1.3847768981419304 0.001426732673188849 1.1127234258704349e-08 4.075014865844171e-14
0.01 0.8243375715535168 0.009326101501867405 1.5813721251143533e-07 1.5808300635399408e-12
0.01 2.2683997509956306 0.00029662526719478763 9.247678126971027e-10 1.2757390693982307e-15
0.01 2.3095369668570327 0.0002805492521361116 8.449413248363185e-10 1.124712081495293e-15
0.01 2.7959743778684416 0.00015568516232747614 3.237653465154947e-10 2.9461984944726067e-16
0.01 3.169367040463347 0.00010611036164972468 1.7270116468621444e-10 1.2241748116728166e-16
0.01 1.5039233950368591 0.001088882442863666 7.328930050293479e-09 2.2815834238096545e-14
0.01 0.8111541138155461 0.009980794966076463 1.7195864647151886e-07 1.772180479679707e-12
0.01 1.6030072502858475 0.0008859689055047543 5.309882187127953e-09 1.457541397509145e-14
0.01 1.4287317406594533 0.0012873349908786261 9.49923354744938e-09 3.271492490230121e-14
0.01 1.0457488572779279 0.003736757892725461 4.64305196880029e-08 2.942011105057002e-13
0.01 1.2708885620709998 0.001899190296521502 1.7193722343189807e-08 7.451343057580476e-14
0.01 0.8419388131069155 0.008545279310182364 1.4171627255827026e-07 1.3610919624169624e-12
0.01 2.0661498394143414 0.0003967023900918341 1.4786567438373025e-09 2.455560415007179e-15
0.01 1.698908751890084 0.0007355279171254618 3.960788962347583e-09 9.692999285121502e-15
0.01 1.4409624651301078 0.0012518703519793504 9.098246536943139e-09 3.081276759532742e-14
0.01 1.4029596495972279 0.0013666834072443808 1.0416007537231356e-08 3.7179796766391576e-14
0.01 0.8679748624342902 0.007553425704919896 1.210376527055515e-07 1.097109381334525e-12
0.01 0.9660129315670261 0.004996755453286161 6.97219943894977e-08 5.148879676254171e-13
0.01 1.0369073028215892 0.0038528379617528185 4.849216032690023e-08 3.123569038503723e-13
0.01 2.1801995611163605 0.00033551704611528175 1.1286764301110534e-09 1.6846894883078867e-15
0.01 3.6973073552066356 6.638778318954685e-05 7.98075938330223e-11 4.160382418663811e-17
0.01 1.5303929009851898 0.0010289585489143113 6.710443561943329e-09 2.0184148454612572e-14
0.01 1.837520743569416 0.0005734081033553504 2.667738224334749e-09 5.589979853529774e-15
0.01 1.938957373645078 0.0004840902862982676 2.035489439652613e-09 3.834344579620879e-15
0.01 3.786468932097311 6.175401362131548e-05 7.082908471409367e-11 3.520871909094921e-17
0.01 2.455191730889682 0.00023220615309319274 6.215268397815822e-10 7.325820477771469e-16
0.01 1.0203647376214788 0.0040839824586356484 5.26540008050897e-08 3.498811190333071e-13
0.01 0.8652563984833124 0.007648986022443698 1.2301798281988608e-07 1.1217380019061084e-12
0.01 0.8758669367327402 0.007285534900450836 1.1550273757937863e-07 1.0290424673074613e-12
0.01 1.7348577630281066 0.0006880637608263135 3.563995267103371e-09 8.368127431487701e-15
0.01 1.694759373994585 0.0007412889720465309 4.009928749897552e-09 9.860818080796067e-15
0.01 0.7992304676848742 0.010632398636142088 1.8573505284028614e-07 1.968370611027348e-12
0.01 0.8632056662521712 0.0077222299151794 1.2453781639794126e-07 1.1407362335196767e-12
0.01 2.3497032095467127 0.000265962802718224 7.748540396652956e-10 9.966614730704814e-16
0.01 2.1224824948262118 0.0003647569388094411 1.2916178822949156e-09 2.0334127165465562e-15
0.01 1.2098875600762866 0.0022438307678425535 2.2075454339031607e-08 1.0533186106892575e-13
0.01 3.911863207232175 5.594115062208937e-05 6.016600036320696e-11 2.8025427797251467e-17
0.01 1.6815872013187632 0.0007599875351196903 4.170851425474028e-09 1.0415982895876157e-14
0.01 1.3990268353651036 0.001379374833669046 1.0565095322934426e-08 3.792067075838427e-14
0.01 0.9264551974489056 0.005852761969039052 8.645064648934923e-08 6.918167233324777e-13
0.01 3.7316033343988257 6.455210023931534e-05 7.620086187787221e-11 3.8998478145586147e-17
0.01 0.9484356567894239 0.005353587399244515 7.662327513029594e-08 5.86190839767998e-13
0.01 1.441309255854763 0.0012508843193967342 9.087176884107942e-09 3.0760707484945853e-14
0.01 1.1059133392160443 0.003062840081233643 3.488862548567539e-08 1.9832997081176891e-13
0.01 1.258464038434232 0.0019631593990434948 1.8073164435414827e-08 7.984584225097895e-14
0.01 1.6011111414021002 0.0008893479054265007 5.3416985198760944e-09 1.469705111950279e-14
0.01 3.856112892806988 5.843099953300448e-05 6.465023768110508e-11 3.098936483063735e-17
0.01 1.1020798071434348 0.0031004941460736845 3.5512373970678155e-08 2.0324283843820585e-13
0.01 0.8440600099383458 0.008457639123998764 1.3987954105449946e-07 1.337052613407984e-12
0.01 0.8427052625525818 0.008513461337892813 1.4104926598965603e-07 1.352349217916695e-12
0.01 1.3884949957854114 0.0014141644676252578 1.0977162183188937e-08 3.9989267079597436e-14
0.01 1.0086086363112376 0.004260230146225192 5.587488269813811e-08 3.796907735683873e-13
0.01 1.0884995697661133 0.0032391868684968667 3.783281004968956e-08 2.2180165117404322e-13
0.01 1.296105169631016 0.0017778905090570707 1.5561953400617546e-08 6.489509561448036e-14
0.01 3.077408100471352 0.00011608959217680316 2.0016565234230023e-10 1.5046260229782166e-16
0.01 0.8568564914836232 0.007955514176319655 1.2938922725888016e-07 1.2019327296551324e-12
0.01 1.0384751491870283 0.0038318892853101247 4.811865188841494e-08 3.090459208221275e-13
0.01 0.9680181593008825 0.004958203220652834 6.898326656411031e-08 5.074034644954058e-13
0.01 2.396407561487455 0.00025025506609517486 7.019380669741292e-10 8.682188892552071e-16
0.01 1.9720464665465187 0.0004590394969187157 1.8693549486827218e-09 3.4051902450200568e-15
0.01 1.6603061848608942 0.0007915717663738724 4.447563403365325e-09 1.139016344296499e-14
0.01 1.7617282354111932 0.0006552576245569581 3.2983470808378543e-09 7.512430783382172e-15
0.01 3.879959419502529 5.734822354259525e-05 6.268469594506596e-11 2.967977591777684e-17
0.01 1.1612840242453932 0.0025831903915203218 2.7197231006352426e-08 1.4058074930027305e-13
0.01 0.9241067977684838 0.005909957833335902 8.758816312739397e-08 7.043379949538641e-13
0.01 2.8832229781605045 0.00014169590181444496 2.7752783100545507e-10 2.3754967452743943e-16
0.01 0.8193294228922807 0.00956722247302887 1.632236660014382e-07 1.650590749403257e-12
0.01 1.529020990688954 0.0010319526590024768 6.74091852652107e-09 2.0311699552257353e-14
0.01 1.2035283196718105 0.0022845940571744098 2.267508731370316e-08 1.0931250730500693e-13
0.01 1.1819174122716325 0.0024310143708455145 2.486479861336972e-08 1.2418476844824668e-13
0.01 0.9485896026063292 0.005350307807936376 7.655934719091541e-08 5.855191558569292e-13
0.01 0.8695680665956915 0.007498217518222172 1.1989493220838532e-07 1.0829631947231165e-12
0.01 3.0642749567747614 0.00011761604573082454 2.045031294649706e-10 1.550390373592591e-16
0.01 0.9150610652080089 0.006137862966135329 9.214196923776437e-08 7.550527275873127e-13
0.01 1.5128878820233953 0.0010680684235131362 7.112077097547617e-09 2.1882920510747124e-14
0.01 0.8157870522810872 0.009743295072915974 1.6694108354688314e-07 1.7020636764556246e-12
0.01 1.4932393718643857 0.0011144166395745364 7.597854478688988e-09 2.3987664921215172e-14
0.01 1.016808857629907 0.004136195505764758 5.360404666842736e-08 3.586055984602524e-13
0.01 2.1478384370013486 0.0003515053238286288 1.2167742515746107e-09 1.8709399317090833e-15
0.01 1.4268658371926524 0.0012928655093690687 9.562260184419942e-09 3.301676360780952e-14
0.01 1.17267865787056 0.0024975761673551853 2.5878112340095346e-08 1.3123958047628054e-13
0.01 2.1255734119279017 0.0003631059379903235 1.2822041454253077e-09 2.0127681936475837e-15
0.01 1.031613766673977 0.003924763558560836 4.977931792298827e-08 3.238393838801087e-13
0.01 1.0077832100651045 0.004273003461614711 5.6109827593709426e-08 3.8189066620866e-13
0.01 1.866355536218056 0.0005458990102732228 2.4665696510972513e-09 5.0114668294601595e-15
0.01 1.011319903093569 0.004218649145096921 5.511146161890673e-08 3.7256617861989383e-13
0.01 1.227410975709433 0.002136564974215419 2.051923703851263e-08 9.519326393016867e-14
0.01 1.0581005589812862 0.003582625874216642 4.3724304920954716e-08 2.708220356502848e-13
0.01 1.2430579118480432 0.002046666295960321 1.924004666407824e-08 8.7074751259863e-14
0.01 3.726559961794928 6.48177518359804e-05 7.671878690181671e-11 3.9369647066491795e-17
0.01 0.8650665480536299 0.0076557245987469895 1.23157739991861e-07 1.1234815055244512e-12
0.01 0.9105854206205531 0.0062552756960494275 9.450057289877058e-08 7.816827621217085e-13
0.01 1.9415075492226537 0.0004820949457191848 2.0220709159917803e-09 3.799153984291587e-15
0.01 2.103309788207663 0.000375227184773828 1.3519013993854942e-09 2.1670104535905158e-15
0.01 2.6422059802310165 0.00018521227402935162 4.299939591121082e-10 4.379384607913027e-16
0.01 0.9512448416532175 0.005294186807661266 7.546678284383758e-08 5.740714942961603e-13
0.01 0.8935112002930004 0.006733904025768728 1.0419467449248357e-07 8.936334201230974e-13
0.01 0.910121954070349 0.006267616661494841 9.47489533112052e-08 7.845012807601458e-13
0.01 1.1472859302292702 0.00269402467135179 2.893032503279482e-08 1.531151639805011e-13
0.01 1.6037574433635264 0.0008846368193972204 5.297357012884255e-09 1.452760647583612e-14
0.01 0.8031721238089271 0.01041027587088597 1.8103804190881249e-07 1.9008864380374024e-12
0.01 1.0640046453679695 0.0035120770169399626 4.2498032420250816e-08 2.6040257824303526e-13
0.01 1.4053226427104155 0.0013591344877209666 1.0327646080936138e-08 3.674261415555236e-14
0.01 1.1045158163064748 0.0030764929488125035 3.511447434613664e-08 2.001050638414348e-13
0.01 0.9172177608933638 0.006082403973723958 9.103080488117332e-08 7.425920807523028e-13
0.01 1.0873933050437972 0.003250862687095844 3.802976393822369e-08 2.2339698748547538e-13
0.01 0.8894878863552138 0.006854284262073589 1.0665104944187742e-07 9.226177767488019e-13
0.01 2.5312589582848966 0.00021135299139896465 5.332705859935787e-10 5.915332230730353e-16
0.01 2.020381171538653 0.00042549207246768487 1.6549756416321905e-09 2.8732968564364086e-15
0.01 3.86574809336789 5.799023972775438e-05 6.384727779275558e-11 3.0452430319938934e-17
0.01 0.8013856672377762 0.010510096633998791 1.831488315319383e-07 1.9311382339443637e-12
0.01 1.1676477272151695 0.002534884921559342 2.6450806362987384e-08 1.3527346909830703e-13
0.01 1.945739103336353 0.0004788084483973583 2.000038979860523e-09 3.741572985879099e-15
0.01 2.4919261110829694 0.00022180660638430988 5.76878505315068e-10 6.601600119869579e-16
0.01 0.9344056039197998 0.005664863761316564 8.272967826717632e-08 6.512786066674963e-13
0.01 1.199582688097888 0.0023104008984035323 2.305699537153641e-08 1.1186875543802781e-13
0.01 3.880024456859297 5.734530729020167e-05 6.267943414573536e-11 2.967629178761993e-17
0.01 2.474326432722013 0.0002267093021723068 5.977715261813006e-10 6.937839214358567e-16
0.01 0.881343940237962 0.007107575361540641 1.1184068441904919e-07 9.846436935629447e-13
0.01 1.2092026521594696 0.002248172654362398 2.2139111664035707e-08 1.0575252367771724e-13
0.01 1.5398814005320653 0.001008570379477307 6.504144302561057e-09 1.9326624864929106e-14
0.01 0.8090234443277127 0.010092866137856012 1.7432731335493573e-07 1.8055330319758389e-12
0.01 1.032289066287341 0.003915483878357649 4.961284290902777e-08 3.2234801520488454e-13
0.01 0.9234123189753292 0.005927024341180012 8.792800835012967e-08 7.080903815954541e-13
0.01 1.101403597570332 0.0031072027651937143 3.562378798635139e-08 2.0412380427794467e-13
0.01 1.1419657804082155 0.002737877127234594 2.9623691378897923e-08 1.5821072497515174e-13
0.01 3.856632586917185 5.8407112187393996e-05 6.460662027943364e-11 3.096012959819534e-17
0.01 1.0009153402531534 0.004381399383715965 5.811154935484524e-08 4.0077098574695304e-13
0.01 0.9366233744736622 0.005613979026330321 8.172637678342195e-08 6.404601522989203e-13
0.01 0.9401662039182512 0.005534028489677631 8.015390066219553e-08 6.236017501491401e-13
0.01 1.5634919313263822 0.0009601651651353063 6.0229960418003505e-09 1.7367727715701268e-14
0.01 0.9064182299842932 0.00636749719728413 9.67624129581867e-08 8.074476565272613e-13
0.01 0.8676585445940592 0.007564456393721817 1.2126609280347747e-07 1.0999430902310747e-12
0.01 1.4480149172834433 0.0012320245167360586 8.876280722595247e-09 2.9773565472864265e-14
0.01 1.680103839126515 0.0007621331243640647 4.189455570595423e-09 1.0480711289227249e-14
0.01 1.5389250438355173 0.0010106002998155437 6.5245885651533765e-09 1.9411141093205076e-14
0.01 1.0084904337264091 0.0042620560160807125 5.590845440390744e-08 3.8000491111156624e-13
0.01 2.16614079218995 0.00034234005353275907 1.1659745474701583e-09 1.7628691614925768e-15
0.01 1.4499364093058027 0.0012266918022448068 8.816937070610114e-09 2.949741416402308e-14
0.01 0.8010142459526803 0.010531026303915994 1.8359141376205056e-07 1.9374968651605654e-12
0.01 2.8143727916651677 0.00015258606683720932 3.132887148789897e-10 2.813861879108988e-16
0.01 1.3077955829607866 0.0017252497042937528 1.4868982321628017e-08 6.092342946106329e-14
0.01 3.3506085199728464 8.956508311863598e-05 1.3069744551188313e-10 8.291988797984479e-17
0.01 1.3045617178962245 0.0017395952062184915 1.5056894539350568e-08 6.199357038866227e-14
0.01 3.159325032687617 0.00010714282470225928 1.7547000718450455e-10 1.2516955364242666e-16
0.01 3.3893307928731073 8.648547823942003e-05 1.2338522820978263e-10 7.650721032189389e-17
0.01 1.3074784430972424 0.00172664935340712 1.4887285306784295e-08 6.102743685600007e-14
0.01 0.8627859276404729 0.007737345750472118 1.2485168166276886e-07 1.1446699941340475e-12
0.01 0.9978753368042583 0.004430616172618778 5.902502313431433e-08 4.094675913551175e-13
0.01 0.9081184200947308 0.006321367315534838 9.583179066638147e-08 7.968201086820476e-13
