0.5 1.45749032371 2.36649865912 -0.0196685102659 -0.000263996049341
0.5 0.848991475151 2.42101518392 -0.113697405988 -0.0160281819454
0.5 1.52158561281 2.30469166327 -0.01676437952 -0.000174202244743
0.5 1.08744671145 2.46446261316 -0.0549282188921 -0.00299030181682
0.5 1.10965915878 2.46609829751 -0.0513970651433 -0.00257126254455
0.5 1.94620683028 0.946857497251 -0.00656017164751 -4.65271989222e-06
0.5 1.29893889656 2.44790117708 -0.0298815276745 -0.000734300777849
0.5 1.32825044634 2.438586741 -0.0275887195898 -0.000607155385557
0.5 1.09483430768 2.46507844624 -0.0537244513921 -0.00284356140987
0.5 1.65870908372 2.07122385034 -0.0121152393664 -6.94892389978e-05
0.5 1.33024165463 2.4378747987 -0.0274405932434 -0.00059938633307
0.5 0.555416098248 2.88332252481 -0.100720418122 -0.126900152018
0.5 1.73844917572 1.83539292387 -0.0101313731972 -3.90564642378e-05
0.5 0.959132184946 2.44437405175 -0.0812482798646 -0.00728802162257
0.5 0.684724856744 2.45063535823 -0.171702394631 -0.0525860366236
0.5 1.93745867926 0.980758696224 -0.00667565955928 -5.37647207991e-06
0.5 1.82857343495 1.46290291222 -0.00834595266538 -1.86842972455e-05
0.5 0.662754180521 2.47701012419 -0.176372495526 -0.0614571811112
0.5 1.12419176685 2.46680788624 -0.049224743502 -0.00233058751623
0.5 1.07189864737 2.46294168848 -0.0575597115068 -0.0033254135751
0.5 0.97059990148 2.44673767287 -0.0784291325501 -0.00672159059048
0.5 0.82098712421 2.4166150086 -0.123465944702 -0.0196319832162
0.5 0.849131141076 2.42104046606 -0.11365004592 -0.0160120055689
0.5 0.593225803195 2.66557898133 -0.161138499292 -0.0991969669532
0.5 1.1943521743 2.46578644052 -0.0400989833144 -0.00145773623687
0.5 1.26010374917 2.45714008171 -0.0332739397773 -0.000945676649205
0.5 1.18827635142 2.46618795249 -0.0408077456958 -0.00151765335705
0.5 1.03948347552 2.45885432587 -0.0635027684564 -0.00415625701549
0.5 1.50483298662 2.32302328357 -0.0174703778746 -0.000194270035178
0.5 1.44915044022 2.37302841268 -0.020089388474 -0.00027859368595
0.5 1.83358045756 1.43996058501 -0.00825857982227 -1.78576090916e-05
0.5 1.06255665089 2.46188684146 -0.0592075552882 -0.00354547467968
0.5 0.517006544261 3.20546091598 0.0873063505461 -0.160543555939
0.5 1.88265477748 1.21425383146 -0.00745907853051 -1.09275947652e-05
0.5 1.50940433067 2.31818763888 -0.0172742085825 -0.000188566145406
0.5 0.809955181069 2.41535143155 -0.127453661347 -0.0212678752937
0.5 0.935702266897 2.43935346999 -0.0873271851389 -0.00860449868801
0.5 0.837405927115 2.41902027088 -0.117672282906 -0.0174296883112
0.5 0.627246577794 2.54773932739 -0.176863744081 -0.0787421643155
0.5 1.06555535072 2.46223677728 -0.0586730294625 -0.00347321533205
0.5 1.5775459646 2.22969218214 -0.0146431585228 -0.000120565783611
0.5 1.35145906486 2.42962194773 -0.0259197848804 -0.000522704469409
0.5 1.3427333636 2.43316630695 -0.0265328030426 -0.00055300109418
0.5 1.49796705409 2.3300604874 -0.0177700557918 -0.000203124002675
0.5 1.75594933377 1.77113204447 -0.00975057749517 -3.42047898916e-05
0.5 1.4424109166 2.37808255824 -0.0204374520149 -0.000290952594662
0.5 1.3843849154 2.41421810755 -0.0237532364944 -0.000422765086527
0.5 1.18715584186 2.46625511316 -0.040940017993 -0.00152900338742
0.5 1.55884367844 2.2573459653 -0.015313890561 -0.000136500415704
0.5 1.65719372173 2.07485596449 -0.0121573271195 -7.0233223908e-05
0.5 0.701730730169 2.43655931548 -0.166799214365 -0.046562770351
0.5 1.62128056674 2.15291653711 -0.0132089044527 -8.98889539598e-05
0.5 1.47029169262 2.35585523185 -0.0190427918846 -0.000243016794071
0.5 1.82847383125 1.46335816735 -0.00834770231038 -1.87008182025e-05
0.5 1.41594796872 2.39612029718 -0.0218758321213 -0.000344969364882
0.5 1.0978672269 2.46531086802 -0.0532388027389 -0.00278550751243
0.5 1.42234850553 2.39201071253 -0.0215170811224 -0.000331089047612
0.5 1.94486143796 0.95200172191 -0.00657777181716 -4.76133259688e-06
0.5 1.67609543414 2.0274311987 -0.0116450039606 -6.15736332593e-05
0.5 1.31339399577 2.44357504352 -0.0287237931667 -0.000668542826826
0.5 1.04375997947 2.45946060165 -0.0626817489839 -0.00403528439458
0.5 1.3983204559 2.40665675385 -0.0229016971775 -0.000386469259848
0.5 1.11585682507 2.46643688006 -0.050457737393 -0.00246565711179
0.5 0.750849620537 2.41654067163 -0.149543095971 -0.0326641266001
0.5 1.01090302579 2.45432753854 -0.0692951892666 -0.0050680017887
0.5 0.951119495978 2.44268179755 -0.0832784566254 -0.00771306243159
0.5 1.92510739323 1.03038660534 -0.00684299758422 -6.51886075946e-06
0.5 1.09928306038 2.46541517081 -0.0530138154951 -0.00275883045633
0.5 1.29030560759 2.45024781236 -0.0305991520934 -0.000776665297871
0.5 1.38593533245 2.41340898275 -0.0236566384436 -0.00041856465221
0.5 0.53780575432 3.02076405911 -0.0399188240785 -0.141652698233
0.5 1.6218032694 2.15188463245 -0.0131928167511 -8.95702554729e-05
0.5 0.578534844508 2.73778963376 -0.145312864493 -0.109320157862
0.5 0.708818756984 2.43199682106 -0.16452894318 -0.0442516859349
0.5 0.897421909453 2.43091489184 -0.0982124315491 -0.011308784154
0.5 1.0179393839 2.45551521545 -0.0678186159388 -0.0048256880969
0.5 0.992044338794 2.45093125435 -0.0734228480349 -0.00578168652631
0.5 1.48216544927 2.34527385136 -0.0184837053429 -0.000225074720499
0.5 1.36776840855 2.42240643334 -0.0248184615329 -0.000470397597099
0.5 1.29553389502 2.44884739982 -0.0301621551024 -0.000750709198314
0.5 1.84579769384 1.38363406085 -0.00805013191755 -1.59159965626e-05
0.5 1.99539343981 0.776787834823 -0.00595484896236 -1.3472633151e-06
0.5 0.66852394854 2.46904009206 -0.175377845623 -0.059001431168
0.5 1.37270608354 2.42006392542 -0.0244962445803 -0.000455832143329
0.5 1.19339444911 2.46585388383 -0.0402097507693 -0.00146699673413
0.5 1.79660768173 1.60550072051 -0.00893132241078 -2.46531471993e-05
0.5 0.568435750571 2.79637813577 -0.129459409116 -0.116749671086
0.5 1.78329565112 1.66203140591 -0.00918984734699 -2.7491002142e-05
0.5 1.06380480104 2.4620340232 -0.0589844231814 -0.00351522554138
0.5 0.674803725797 2.46125004665 -0.174093919042 -0.0564324391877
0.5 1.88773509658 1.19137740814 -0.00738185722051 -1.03341496634e-05
0.5 1.62805111837 2.13932310095 -0.0130024778091 -8.58545736816e-05
0.5 0.647942181695 2.5015299142 -0.177934015334 -0.0681988469842
0.5 0.812628479279 2.41562779325 -0.126480940501 -0.0208593016359
0.5 0.687416185013 2.44808209358 -0.170987341471 -0.0515858630897
0.5 1.6535013351 2.08358589617 -0.0122606261667 -7.21693129731e-05
0.5 1.9785585252 0.831025152223 -0.00615396461255 -2.356110553e-06
0.5 0.50829895905 3.28612505639 0.169838561673 -0.168894678008
0.5 0.82666366232 2.41738298957 -0.121442719648 -0.0188403559616
0.5 1.0023139688 2.4528177809 -0.071144083846 -0.0053809590078
0.5 1.01271613786 2.45463837663 -0.0689114500001 -0.0050043898984
0.5 1.94825023141 0.939093325714 -0.00653355188393 -4.52328112936e-06
0.5 1.21416181551 2.46403125011 -0.0378849329965 -0.00127871807724
0.5 1.97895062554 0.829714987376 -0.00614923420265 -2.3318633934e-06
0.5 0.69245469948 2.44364579302 -0.169582569263 -0.0497618589843
0.5 1.54261615927 2.27915782032 -0.0159261860806 -0.000151790702703
0.5 0.825371925237 2.41720155343 -0.121901298219 -0.0190176053213
0.5 1.05531589981 2.46099937276 -0.0605203610793 -0.00372637117955
0.5 0.852036028263 2.42157241517 -0.112669293096 -0.0156793018393
0.5 1.10421577328 2.46575802322 -0.0522382783291 -0.00266794734575
0.5 0.53139149923 3.07573316741 -0.0087672231625 -0.147313166548
0.5 0.821050306707 2.41662314044 -0.123443313661 -0.019622989425
0.5 1.2833911599 2.45200317996 -0.0311885530266 -0.000812426663826
0.5 1.50582354322 2.32198579928 -0.0174276431278 -0.000193023025938
0.5 1.0571120393 2.46122514511 -0.0601917607741 -0.00368061703613
0.5 1.30121403314 2.44725367115 -0.0296956896897 -0.000723528095363
0.5 1.70908666277 1.93292694311 -0.0108120541131 -4.85615712235e-05
0.5 1.9034687473 1.12185163496 -0.00714890058128 -8.57837038822e-06
0.5 0.758452300442 2.41536072616 -0.146690673654 -0.0309120351664
0.5 1.29038337363 2.45022744779 -0.0305925977112 -0.000776272554799
0.5 0.516651538411 3.20873574913 0.090253027247 -0.160879134611
0.5 1.90842219386 1.10044982759 -0.00707742972258 -8.07004317833e-06
0.5 0.663376225178 2.47611134468 -0.176274528862 -0.0611879985053
0.5 0.568591483173 2.79541642804 -0.129741616917 -0.116632166205
0.5 0.626444367116 2.54986182284 -0.17672360295 -0.0791786522875
0.5 1.89803380513 1.14561790206 -0.00722834462099 -9.15144468803e-06
0.5 1.93499416754 0.990499723948 -0.00670862367868 -5.58763866103e-06
0.5 1.29092966301 2.45008399922 -0.0305466011835 -0.000773519368281
0.5 1.65490310448 2.08029165816 -0.0122212846918 -7.14711450625e-05
0.5 0.552425237132 2.90511253061 -0.0924475844306 -0.129323107443
0.5 1.60233515539 2.18841898778 -0.0138082650997 -0.000102166820875
0.5 1.12835516849 2.46695668262 -0.0486215822433 -0.00226605251424
0.5 0.785306467614 2.41390565355 -0.136579139936 -0.0254364840317
0.5 1.25394661331 2.45830589111 -0.0338523039663 -0.000984510019492
0.5 1.20720554326 2.46472698505 -0.0386459395133 -0.00133881550349
0.5 1.09047683132 2.46472353607 -0.0544310291378 -0.00292918299159
0.5 1.29282427362 2.44958106807 -0.0303877030398 -0.000764048341554
0.5 0.891426459987 2.429607779 -0.100026319357 -0.0118057333241
0.5 0.677231967019 2.45846929495 -0.173547050592 -0.0554673533047
0.5 1.78051528508 1.67357447982 -0.00924500626198 -2.81093044492e-05
0.5 1.8105334104 1.54438233341 -0.00867023125903 -2.18920570153e-05
0.5 0.851538343183 2.42148047509 -0.112836853902 -0.0157357986127
0.5 1.67736912203 2.0240656518 -0.0116112945661 -6.10227845148e-05
0.5 1.65192370293 2.08726441615 -0.0123050878514 -7.29624298391e-05
0.5 1.31149902246 2.4441711513 -0.0288724857798 -0.000676806876918
0.5 1.68358171428 2.00733252395 -0.0114491888678 -5.83967699099e-05
0.5 1.89560843664 1.15631248084 -0.00726414767984 -9.42141758768e-06
0.5 0.575802146672 2.75289597317 -0.141483635143 -0.111292259964
0.5 1.57704012343 2.23047788262 -0.0146608243883 -0.000120971904011
0.5 0.662794122771 2.47695211605 -0.176366275124 -0.0614398634772
0.5 0.977797526241 2.44818066594 -0.0767107772305 -0.00638957737055
0.5 0.936817501747 2.43959728411 -0.087027948996 -0.00853657207323
0.5 1.36441382275 2.42395541686 -0.0250403757708 -0.000480735504843
0.5 1.71623699698 1.91036533221 -0.010641277658 -4.60817104908e-05
0.5 1.56313429014 2.25124873905 -0.0151567889014 -0.000132694540705
0.5 0.994298989876 2.45135268256 -0.0729160853706 -0.00569112368881
0.5 1.56107491406 2.25419292063 -0.0152319484583 -0.000134509851921
0.5 1.03819088757 2.45866727093 -0.0637531731499 -0.00419355979332
0.5 0.6060426851 2.6139024509 -0.16979039393 -0.0910126283424
0.5 1.43213533116 2.38541941748 -0.0209820877284 -0.000310755270092
0.5 1.52719292343 2.29816910857 -0.0165357868441 -0.00016794182836
0.5 0.522719564957 3.1531305229 0.0440624187785 -0.155202294831
0.5 0.67113896997 2.46568888312 -0.174867136608 -0.0579187266223
0.5 1.42100601458 2.39288564208 -0.021591740334 -0.000333964215819
0.5 1.63136532794 2.13248658794 -0.0129028217733 -8.39196167483e-05
0.5 0.600560725792 2.63480967612 -0.166579952789 -0.0944405660727
0.5 1.41694825645 2.39548829091 -0.0218192962267 -0.000342826816455
0.5 1.46372794681 2.36140864907 -0.0193606279297 -0.000253570258236
0.5 0.99456231953 2.45140164957 -0.0728570989931 -0.00568064380229
0.5 1.0087075066 2.45394778631 -0.0697629164484 -0.00514614564241
0.5 0.954849821744 2.44347377329 -0.0823270713195 -0.0075120641833
0.5 1.99644532546 0.773534417682 -0.00594267277069 -1.28138822948e-06
0.5 1.36177855055 2.4251481882 -0.0252163610965 -0.000488979460733
0.5 1.53942803657 2.28322023233 -0.0160499379692 -0.000155069318825
0.5 0.860630075001 2.42320773788 -0.109805544146 -0.0147357778408
0.5 1.74746245573 1.80286050944 -0.0099330197707 -3.64614900185e-05
0.5 1.66230217576 2.06249534222 -0.0120162808032 -6.784420774e-05
0.5 1.13124290125 2.46704479014 -0.048208127792 -0.00222238366258
0.5 1.28233186237 2.45226280688 -0.031280023907 -0.000818050132554
0.5 0.629067163241 2.54302148044 -0.177150593293 -0.077759478089
0.5 0.730562376385 2.42185165566 -0.157010267343 -0.037831103238
0.5 1.96082651664 0.892626780732 -0.00637255804915 -3.57257403364e-06
0.5 1.96224988286 0.887511907222 -0.00635465115379 -3.46764721318e-06
0.5 1.19875226228 2.46545629301 -0.0395945775942 -0.00141584091577
0.5 1.46866986313 2.35724661707 -0.0191207211788 -0.000245588569154
0.5 1.23477712258 2.46144509593 -0.0357295219118 -0.00111642226059
0.5 0.623338737278 2.55834037022 -0.176098509151 -0.0808883775998
0.5 1.71092024219 1.92721382309 -0.0107679449629 -4.79151843134e-05
0.5 0.714017140883 2.42907444967 -0.162798331232 -0.0426271385818
0.5 1.11501320506 2.46639379313 -0.0505844578076 -0.002479769541
0.5 1.87615620479 1.24376092914 -0.00755931155771 -1.17410577381e-05
0.5 0.821599784168 2.41669426451 -0.123246603083 -0.0195449489427
0.5 1.0996359903 2.46544077477 -0.0529578979866 -0.00275222207558
0.5 1.62302174254 2.14946802184 -0.0131554372616 -8.88494900993e-05
0.5 1.47052598968 2.35565317923 -0.0190315654608 -0.000242682507925
0.5 1.35821779574 2.42672699979 -0.0254567369027 -0.000500415154211
0.5 1.91862646409 1.0572091018 -0.00693287409581 -7.06904325036e-06
0.5 0.91936748593 2.43575799702 -0.0918252981659 -0.00966598549467
0.5 0.536112157208 3.035056477 -0.0322580238093 -0.143132582644
0.5 1.41368587926 2.39753547928 -0.0220043480638 -0.0003500951698
