0.1 1.45749032371 2.96964334773 -0.00016093304257 1.27992683947e-07
0.1 0.848991475151 2.98252515109 -0.00129229361472 3.06103430394e-06
0.1 1.52158561281 2.94663757136 -0.000136025589387 9.48345676029e-08
0.1 1.08744671145 3.00195964958 -0.000500653370816 7.46007448697e-07
0.1 1.10965915878 3.0024499243 -0.000463127906103 6.75552476288e-07
0.1 1.94620683028 0.239121451888 -5.20038266385e-05 2.23497530553e-08
0.1 1.29893889656 2.99651665112 -0.000251753957538 2.71333618518e-07
0.1 1.32825044634 2.99357707636 -0.000230867379428 2.42425974084e-07
0.1 1.09483430768 3.00214769424 -0.000487760373788 7.20703073895e-07
0.1 1.65870908372 2.8221209145 -9.71968817732e-05 7.01556566817e-08
0.1 1.33024165463 2.99335164195 -0.000229535426022 2.18984728916e-07
0.1 0.555416098248 2.91724268765 -0.00624572604179 2.85276687649e-05
0.1 1.73844917572 2.53974393015 -8.08875039596e-05 4.25337277528e-08
0.1 0.959132184946 2.9948247467 -0.000811195410527 1.48753299946e-06
0.1 0.684724856744 2.95120309823 -0.00290625754463 9.92979304346e-06
0.1 1.93745867926 0.255917554443 -5.29153910259e-05 2.31405906864e-08
0.1 1.82857343495 0.972456863798 -6.63705364908e-05 2.48192992846e-08
0.1 0.662754180521 2.94569013549 -0.00328102123275 1.17769121285e-05
0.1 1.12419176685 3.00264956583 -0.00044044381362 6.26674795142e-07
0.1 1.07189864737 3.00148508707 -0.000529213189774 8.07238917239e-07
0.1 0.97059990148 2.99576433901 -0.000775061499149 1.39832741948e-06
0.1 0.82098712421 2.97837072233 -0.00146797988467 3.69819592146e-06
0.1 0.849131141076 2.98254478586 -0.00129148543994 3.05798521792e-06
0.1 0.593225803195 2.9268553836 -0.00492942006511 2.07779766569e-05
0.1 1.1943521743 3.00220222641 -0.000348590442651 4.36605442772e-07
0.1 1.26010374917 2.99942648838 -0.000283265983652 3.16482738032e-07
0.1 1.18827635142 3.00233797254 -0.000355523588768 4.49059220386e-07
0.1 1.03948347552 3.00015134814 -0.000595688414068 9.66569858672e-07
0.1 1.50483298662 2.95374981317 -0.000142086184255 1.10110735835e-07
0.1 1.44915044022 2.97192344517 -0.000164571075317 1.31335320038e-07
0.1 1.83358045756 0.888540375611 -6.56651645627e-05 2.44050952231e-08
0.1 1.06255665089 3.00114849163 -0.000547396384026 8.44978177373e-07
0.1 0.517006544261 2.91225804444 -0.00802217978065 3.95713646985e-05
0.1 1.88265477748 0.433168560647 -5.91986520329e-05 2.9648670595e-08
0.1 1.50940433067 2.95189953574 -0.000140418194155 1.08561950511e-07
0.1 0.809955181069 2.9766097076 -0.00154522255712 4.01723516009e-06
0.1 0.935702266897 2.99271348414 -0.000891763364298 1.7761979094e-06
0.1 0.837405927115 2.98086087805 -0.00136161602149 3.35993843199e-06
0.1 0.627246577794 2.93622917418 -0.00402086981123 1.56760386653e-05
0.1 1.06555535072 3.00126082408 -0.000541490613407 8.32814438674e-07
0.1 1.5775459646 2.9144373446 -0.000118191400059 8.80553559249e-08
0.1 1.35145906486 2.99072671404 -0.000215800022773 1.96317832678e-07
0.1 1.3427333636 2.9918565467 -0.000221313578556 2.05250814955e-07
0.1 1.49796705409 2.95641193494 -0.000144635733303 1.12514045151e-07
0.1 1.75594933377 2.39095472941 -7.77700439039e-05 4.18036991572e-08
0.1 1.4424109166 2.97367137958 -0.000167586368634 1.34451029457e-07
0.1 1.3843849154 2.98576074259 -0.000196610412145 1.60200311354e-07
0.1 1.18715584186 3.00236087631 -0.000356821194316 4.51402859223e-07
0.1 1.55884367844 2.92694663041 -0.000123828896974 8.80932746219e-08
0.1 1.65719372173 2.82476030641 -9.75213702951e-05 6.99080779513e-08
0.1 0.701730730169 2.95525986223 -0.00265206798479 8.71788102867e-06
0.1 1.62128056674 2.87483058902 -0.000106252865393 7.34513780405e-08
0.1 1.47029169262 2.96586967698 -0.00015554134722 1.23090821731e-07
0.1 1.82847383125 0.974225069347 -6.63846616323e-05 2.48286922489e-08
0.1 1.41594796872 2.97979047639 -0.000180124012557 1.46831647642e-07
0.1 1.0978672269 3.00221786634 -0.000482603179637 7.11112256972e-07
0.1 1.42234850553 2.97841175023 -0.000176995558088 1.43805919465e-07
0.1 1.94486143796 0.241578392927 -5.21323247264e-05 2.24723304609e-08
0.1 1.67609543414 2.78763020172 -9.33017283466e-05 6.9336784611e-08
0.1 1.31339399577 2.99515331898 -0.000241172088492 2.56638796013e-07
0.1 1.04375997947 3.00035412482 -0.0005863483111 9.51719610301e-07
0.1 1.3983204559 2.98328598058 -0.000189107473157 1.61551746707e-07
0.1 1.11585682507 3.00254691223 -0.00045328013859 6.57967455554e-07
0.1 0.750849620537 2.96589584044 -0.00205746185285 6.07660776432e-06
0.1 1.01090302579 2.99858934345 -0.000663087323688 1.1142437373e-06
0.1 0.951119495978 2.99413192415 -0.000837701780679 1.56735432652e-06
0.1 1.92510739323 0.283406006425 -5.42545960785e-05 2.42229145807e-08
0.1 1.09928306038 3.00224912664 -0.000480213663727 7.06699531782e-07
0.1 1.29030560759 2.9972550254 -0.000258401919902 2.80506364738e-07
0.1 1.38593533245 2.98549726528 -0.000195757155468 1.69598371288e-07
0.1 0.53780575432 2.91389843426 -0.00699786611296 3.31606230771e-05
0.1 1.6218032694 2.87424133051 -0.000106119645193 7.33109544892e-08
0.1 0.578534844508 2.92290801889 -0.00539729341068 2.34612131831e-05
0.1 0.708818756984 2.9568942007 -0.00255420614666 8.2588040084e-06
0.1 0.897421909453 2.98869168 -0.00104608540905 2.26231113496e-06
0.1 1.0179393839 2.99900758891 -0.000645572666815 1.06059888644e-06
0.1 0.992044338794 2.9973590765 -0.000712768563128 1.23927207346e-06
0.1 1.48216544927 2.96204528848 -0.000150740107999 1.18472036667e-07
0.1 1.36776840855 2.98841239513 -0.000206036841647 1.79703628768e-07
0.1 1.29553389502 2.99681453801 -0.000254380157794 2.74916972976e-07
0.1 1.84579769384 0.721498532933 -6.39823491793e-05 2.51353101978e-08
0.1 1.99539343981 0.171981171996 -4.71427509487e-05 1.74729396132e-08
0.1 0.66852394854 2.94716651537 -0.00317706647202 1.12545926219e-05
0.1 1.37270608354 2.98765670158 -0.000203168702956 1.74242262061e-07
0.1 1.19339444911 3.00222491024 -0.000349668424258 4.38540327178e-07
0.1 1.79660768173 1.69281862262 -7.11420375185e-05 3.79299413154e-08
0.1 0.568435750571 2.92031889157 -0.00574995067419 2.55087210501e-05
0.1 1.78329565112 1.98735959568 -7.32416944686e-05 3.91289622585e-08
0.1 1.06380480104 3.00119570515 -0.000544928500349 8.39912876594e-07
0.1 0.674803725797 2.94875035349 -0.00306856356853 1.07023403742e-05
0.1 1.88773509658 0.408643578023 -5.85759790599e-05 2.91555760361e-08
0.1 1.62805111837 2.86692515663 -0.000104531343836 7.15886487486e-08
0.1 0.647942181695 2.941815837 -0.00356743946006 1.32576377413e-05
0.1 0.812628479279 2.97704284784 -0.00152603830002 3.96155116076e-06
0.1 0.687416185013 2.95185740714 -0.00286425975481 9.72373760618e-06
0.1 1.6535013351 2.83097627125 -9.83820985256e-05 6.85496105297e-08
0.1 1.9785585252 0.190877932142 -4.87427805803e-05 1.82266270949e-08
0.1 0.50829895905 2.9128829727 -0.00849882094591 4.26009945145e-05
0.1 0.82666366232 2.97924939279 -0.00143008692912 3.55712632006e-06
0.1 1.0023139688 2.99804868242 -0.000685142349028 1.16840089949e-06
0.1 1.01271613786 2.99869923626 -0.00065853811758 1.10262083195e-06
0.1 1.94825023141 0.235472198313 -5.17883101216e-05 2.21630674647e-08
0.1 1.21416181551 3.00162468592 -0.000327075639136 3.99418108693e-07
0.1 1.97895062554 0.190397849403 -4.87047600939e-05 1.81033106376e-08
0.1 0.69245469948 2.9530706896 -0.00278724858809 9.3580127801e-06
0.1 1.54261615927 2.93626972066 -0.000128934990885 8.9852459938e-08
0.1 0.825371925237 2.97905115377 -0.00143859847479 3.59495143675e-06
0.1 1.05531589981 3.0008608222 -0.000561991690032 8.74253465756e-07
0.1 0.852036028263 2.98295016173 -0.00127477879996 2.99527955045e-06
0.1 1.10421577328 3.00235037693 -0.000472004567303 6.91655731313e-07
0.1 0.53139149923 2.91304444378 -0.00729727880964 3.50340831511e-05
0.1 0.821050306707 2.97838060198 -0.00146755133674 3.68560720619e-06
0.1 1.2833911599 2.99780783704 -0.000263843462612 2.88053420099e-07
0.1 1.50582354322 2.95335421875 -0.000141722765685 1.09772012655e-07
0.1 1.0571120393 3.00093440704 -0.000558326304073 8.67031436836e-07
0.1 1.30121403314 2.99631282727 -0.000250050957595 2.68964839727e-07
0.1 1.70908666277 2.69103606759 -8.64436041942e-05 4.8851825946e-08
0.1 1.9034687473 0.346057006443 -5.66977096999e-05 2.78068343769e-08
0.1 0.758452300442 2.96739883332 -0.00198082427003 5.7613543795e-06
0.1 1.29038337363 2.99724861581 -0.000258341522393 2.80422469904e-07
0.1 0.516651538411 2.91226410631 -0.00804104677812 3.96901149931e-05
0.1 1.90842219386 0.329708358331 -5.61283149777e-05 2.74685821776e-08
0.1 0.663376225178 2.94585027808 -0.00326965230257 1.17199018943e-05
0.1 0.568591483173 2.92035765343 -0.00574430889979 2.54752837099e-05
0.1 0.626444367116 2.93600946343 -0.00403981466343 1.58263658927e-05
0.1 1.89803380513 0.36568369521 -5.73735974369e-05 2.82243913495e-08
0.1 1.93499416754 0.261022964496 -5.31793305018e-05 2.33602229355e-08
0.1 1.29092966301 2.99720346625 -0.000257917737697 2.79833763215e-07
0.1 1.65490310448 2.82865079893 -9.80539511113e-05 6.92411902948e-08
0.1 0.552425237132 2.91659599493 -0.00636655236109 2.9250575918e-05
0.1 1.60233515539 2.89413126959 -0.000111219639316 7.32371915934e-08
0.1 1.12835516849 3.00268887106 -0.000434206805041 6.09541233706e-07
0.1 0.785306467614 2.97240881455 -0.00173698302023 4.7168895803e-06
0.1 1.25394661331 2.99979508431 -0.000288696009457 3.24064066788e-07
0.1 1.20720554326 3.00185149603 -0.000334422947834 4.11629758806e-07
0.1 1.09047683132 3.00203947665 -0.000495314384175 7.38665821808e-07
0.1 1.29282427362 2.99704519342 -0.00025645467708 2.77800740886e-07
0.1 0.891426459987 2.98799532487 -0.00107319102104 2.29360984638e-06
0.1 0.677231967019 2.94935656723 -0.00302782932276 1.05247869383e-05
0.1 1.78051528508 2.04093714998 -7.36693026118e-05 3.93840376221e-08
0.1 1.8105334104 1.35289164939 -6.90334874728e-05 2.84819982157e-08
0.1 0.851538343183 2.98288109377 -0.00127761554367 3.00594289201e-06
0.1 1.67736912203 2.78475546152 -9.30327120389e-05 6.91680749823e-08
0.1 1.65192370293 2.83354364555 -9.87538899245e-05 6.72971293322e-08
0.1 1.31149902246 2.99534144211 -0.000242527511979 2.58516795256e-07
0.1 1.68358171428 2.76992877768 -9.16964560339e-05 6.82583188208e-08
0.1 1.89560843664 0.375075461114 -5.76642537137e-05 2.84281382956e-08
0.1 0.575802146672 2.92219439916 -0.0054901144986 2.40080578461e-05
0.1 1.57704012343 2.91480412142 -0.000118339679686 8.80705446274e-08
0.1 0.662794122771 2.94570041989 -0.00328028727624 1.17730503535e-05
0.1 0.977797526241 2.99632299126 -0.000753428744282 1.34102093297e-06
0.1 0.936817501747 2.99281985289 -0.000887706461178 1.76433210661e-06
0.1 1.36441382275 2.98891102569 -0.000208009628376 1.8327303476e-07
0.1 1.71623699698 2.66186390318 -8.50457424422e-05 4.4159041749e-08
0.1 1.56313429014 2.92425777802 -0.00012250520351 8.81954142648e-08
0.1 0.994298989876 2.99751428299 -0.000706584500404 1.2231496671e-06
0.1 1.56107491406 2.925560623 -0.000123157271745 8.81562468618e-08
0.1 1.03819088757 3.00008853343 -0.000598546100789 9.70692254455e-07
0.1 0.6060426851 2.93038257069 -0.00456046149559 1.86948669377e-05
0.1 1.43213533116 2.97618155715 -0.000172314746221 1.3922360064e-07
0.1 1.52719292343 2.94404184692 -0.000134079768025 9.58725542183e-08
0.1 0.522719564957 2.91234665906 -0.00772519867823 3.7706010398e-05
0.1 0.67113896997 2.94782883872 -0.00313131931135 1.10116274481e-05
0.1 1.42100601458 2.97870611193 -0.000177646002303 1.44438366224e-07
0.1 1.63136532794 2.86283210825 -0.000103707568065 7.0638447686e-08
0.1 0.600560725792 2.92886921807 -0.00471406822563 1.95336153405e-05
0.1 1.41694825645 2.97957903835 -0.000179630505056 1.46356952181e-07
0.1 1.46372794681 2.96784756417 -0.00015827739934 1.25625093745e-07
0.1 0.99456231953 2.99753229588 -0.000705866612144 1.22128730651e-06
0.1 1.0087075066 2.99845427581 -0.000668635003918 1.12763240722e-06
0.1 0.954849821744 2.99445811052 -0.000825225510748 1.53339784359e-06
0.1 1.99644532546 0.170906843757 -4.7044932562e-05 1.74228701385e-08
0.1 1.36177855055 2.98929429262 -0.000209576616176 1.86010230385e-07
0.1 1.53942803657 2.93795720939 -0.000129971867702 9.65269627099e-08
0.1 0.860630075001 2.98412107578 -0.00122703984851 2.83186550414e-06
0.1 1.74746245573 2.47075554153 -7.92573406488e-05 4.27489106861e-08
0.1 1.66230217576 2.81564964857 -9.63838673997e-05 7.03862591968e-08
0.1 1.13124290125 3.00271141269 -0.000429963271965 6.02055998383e-07
0.1 1.28233186237 2.99788949035 -0.000264689762458 2.89224400453e-07
0.1 0.629067163241 2.93672714838 -0.00397824765508 1.54448541874e-05
0.1 0.730562376385 2.96169852428 -0.00228069400288 7.02991609165e-06
0.1 1.96082651664 0.214983318831 -5.04854520825e-05 2.1006833679e-08
0.1 1.96224988286 0.212858620411 -5.03416990087e-05 1.35714765755e-08
0.1 1.19875226228 3.00209220272 -0.000343639025586 4.27849270754e-07
0.1 1.46866986313 2.96636677838 -0.000156211922653 1.23719502275e-07
0.1 1.23477712258 3.00079264319 -0.000306457905787 3.48013143757e-07
0.1 0.623338737278 2.93515725789 -0.0041142126159 1.61856543948e-05
0.1 1.71092024219 2.68391911973 -8.60823367491e-05 4.85218324955e-08
0.1 0.714017140883 2.9580714524 -0.0024852876573 7.95044040666e-06
0.1 1.11501320506 3.00253468927 -0.000454617263281 6.60311018057e-07
0.1 1.87615620479 0.468431455199 -6.00187751926e-05 3.02944636226e-08
0.1 0.821599784168 2.97846642356 -0.00146383095656 3.67719619755e-06
0.1 1.0996359903 3.00225677073 -0.000479620361368 7.05606213653e-07
0.1 1.62302174254 2.87285364515 -0.000105809931914 7.29815676929e-08
0.1 1.47052598968 2.96579734153 -0.00015544476623 1.2299990337e-07
0.1 1.35821779574 2.98980074361 -0.000211668345581 1.89630670047e-07
0.1 1.91862646409 0.299964206942 -5.4973726524e-05 2.68764798187e-08
0.1 0.91936748593 2.99108578706 -0.000953892210798 1.96084744775e-06
0.1 0.536112157208 2.91364934304 -0.00707554288828 3.36338963918e-05
0.1 1.41368587926 2.98026322225 -0.00018124637966 1.47919937233e-07
