10.0 1.45749032371 0.582166228739 0.332354818864 0.211342946871
10.0 0.848991475151 0.711574964863 0.462781883604 0.338567134758
10.0 1.52158561281 0.571945900686 0.321998499596 0.201630675883
10.0 1.08744671145 0.652110849637 0.402824192537 0.279482523267
10.0 1.10965915878 0.647260629749 0.397922761681 0.27473065616
10.0 1.94620683028 0.513404527546 0.263666511138 0.147232635493
10.0 1.29893889656 0.609648203818 0.359964656375 0.237863179508
10.0 1.32825044634 0.604283223396 0.354618634351 0.232684609758
10.0 1.09483430768 0.650477465472 0.401192140407 0.277881318935
10.0 1.65870908372 0.551372566473 0.301508682089 0.182156956557
10.0 1.33024165463 0.60392559338 0.354256766732 0.232340621522
10.0 0.555416098248 0.814059206223 0.566311671299 0.441430089752
10.0 1.73844917572 0.540285346177 0.290255736066 0.171854519551
10.0 0.959132184946 0.682239786021 0.433168324267 0.309361673464
10.0 0.684724856744 0.763360097797 0.515204450008 0.390455740014
10.0 1.93745867926 0.514468319001 0.264736537632 0.148187075735
10.0 1.82857343495 0.52830466345 0.278313944617 0.160745306769
10.0 0.662754180521 0.771271913291 0.52312008915 0.398417701175
10.0 1.12419176685 0.644179319973 0.394741948917 0.271701473402
10.0 1.07189864737 0.655600684576 0.406271080592 0.282919001226
10.0 0.97059990148 0.679414788412 0.430271068752 0.306538169845
10.0 0.82098712421 0.719586159049 0.470986759244 0.346592960301
10.0 0.849131141076 0.711535349219 0.462742132109 0.338527214949
10.0 0.593225803195 0.798058490272 0.550231150938 0.425346064892
10.0 1.1943521743 0.629666488933 0.38019263315 0.257416039928
10.0 1.26010374917 0.616948848134 0.367193066915 0.244992230538
10.0 1.18827635142 0.630895905829 0.38141785645 0.25861337316
10.0 1.03948347552 0.662955033401 0.413670412308 0.29023141697
10.0 1.50483298662 0.574551451057 0.324677030151 0.204107898646
10.0 1.44915044022 0.583548415569 0.333718052482 0.21266194671
10.0 1.83358045756 0.527648518675 0.277675756489 0.160141921529
10.0 1.06255665089 0.657715788006 0.408363574403 0.285016151894
10.0 0.517006544261 0.83141683578 0.583886211481 0.458910273163
10.0 1.88265477748 0.521302881463 0.271506243547 0.154349647824
10.0 1.50940433067 0.573836571506 0.323943119503 0.203428910143
10.0 0.809955181069 0.722861332594 0.474276535093 0.349846080386
10.0 0.935702266897 0.688138492342 0.439222614435 0.315207386222
10.0 0.837405927115 0.714866286566 0.466120242957 0.341878757877
10.0 0.627246577794 0.784575138701 0.536580273565 0.411791267405
10.0 1.06555535072 0.657036160552 0.40768915889 0.28434121415
10.0 1.5775459646 0.563416857095 0.313346214554 0.193499690528
10.0 1.35145906486 0.600174967111 0.350418723274 0.228726465343
10.0 1.3427333636 0.601705555832 0.35199233745 0.23020257652
10.0 1.49796705409 0.575631303336 0.325782751303 0.205133233267
10.0 1.75594933377 0.537932830412 0.287861319805 0.169666942137
10.0 1.4424109166 0.584672564217 0.334822821748 0.213737405502
10.0 1.3843849154 0.594501517707 0.344586671891 0.223233254864
10.0 1.18715584186 0.631123716198 0.381643943298 0.25883545216
10.0 1.55884367844 0.566249344059 0.316181057873 0.196199257268
10.0 1.65719372173 0.551591017713 0.301725951193 0.1823605561
10.0 0.701730730169 0.757476708239 0.509169207297 0.384559069672
10.0 1.62128056674 0.556854922949 0.30690298514 0.187286896642
10.0 1.47029169262 0.580067400768 0.330268485075 0.209345138045
10.0 1.82847383125 0.528317868556 0.278326674691 0.160757316176
10.0 1.41594796872 0.589131973148 0.339205123111 0.218028710553
10.0 1.0978672269 0.6498125215 0.400522596306 0.277230256436
10.0 1.42234850553 0.588048654699 0.338136806634 0.216982635364
10.0 1.94486143796 0.513567684649 0.263830913539 0.147378924626
10.0 1.67609543414 0.548887765568 0.299022920215 0.179845164884
10.0 1.31339399577 0.606978612877 0.357323537647 0.235282294188
10.0 1.04375997947 0.661981786749 0.41266971519 0.289263360687
10.0 1.3983204559 0.592126021222 0.342185071665 0.220928419441
10.0 1.11585682507 0.645939274234 0.396561622409 0.27343379005
10.0 0.750849620537 0.741157713807 0.492684787603 0.368170102911
10.0 1.01090302579 0.669586637288 0.420486149875 0.296782903474
10.0 0.951119495978 0.68422901109 0.435226862557 0.311340816406
10.0 1.92510739323 0.515982754955 0.266252783309 0.149547537024
10.0 1.09928306038 0.649503297894 0.400210041963 0.276927528757
10.0 1.29030560759 0.61125964602 0.361549710264 0.239427987686
10.0 1.38593533245 0.594236879645 0.344317372464 0.222976513615
10.0 0.53780575432 0.821847660367 0.574226175988 0.449271464392
10.0 1.6218032694 0.556777300867 0.306827168684 0.187213880155
10.0 0.578534844508 0.804176981629 0.556327305571 0.431489201463
10.0 0.708818756984 0.755056076638 0.506725692805 0.382111249591
10.0 0.897421909453 0.698226008731 0.44929632637 0.325267820566
10.0 1.0179393839 0.667924169593 0.418797194705 0.295146589745
10.0 0.992044338794 0.674146009943 0.425020524388 0.301282399873
10.0 1.48216544927 0.578146824777 0.328339321419 0.207520946041
10.0 1.36776840855 0.597349280773 0.347504808266 0.225994587072
10.0 1.29553389502 0.610282547036 0.360588784402 0.238478375162
10.0 1.84579769384 0.526053136379 0.276126641106 0.158678193177
10.0 1.99539343981 0.50754364142 0.25772794164 0.141984081239
10.0 0.66852394854 0.76919274855 0.520998543368 0.396314410194
10.0 1.37270608354 0.596500534749 0.346631694714 0.22517236778
10.0 1.19339444911 0.629859778347 0.380385757404 0.257603931399
10.0 1.79660768173 0.532519706115 0.282442586139 0.164638826828
10.0 0.568435750571 0.808406547221 0.560663341443 0.43576174973
10.0 1.78329565112 0.534285847887 0.28419456182 0.166276936383
10.0 1.06380480104 0.657432805764 0.408082506041 0.28473510547
10.0 0.674803725797 0.766923625765 0.518736490794 0.394021865593
10.0 1.88773509658 0.520657109322 0.2708741551 0.153764321277
10.0 1.62805111837 0.555851337906 0.305921816107 0.186343976069
10.0 0.647942181695 0.776711691158 0.52867952082 0.403864532854
10.0 0.812628479279 0.722059695029 0.473479948441 0.349048826653
10.0 0.687416185013 0.762409722186 0.514245031393 0.389508770022
10.0 1.6535013351 0.55212477457 0.302255580811 0.182858150404
10.0 1.9785585252 0.509528957669 0.259743376295 0.143760592001
10.0 0.50829895905 0.835572440302 0.588009925238 0.463101511677
10.0 0.82666366232 0.717937019497 0.469294235877 0.344952902819
10.0 1.0023139688 0.671646881534 0.422549085614 0.298811489909
10.0 1.01271613786 0.66915597644 0.420050720612 0.296359106682
10.0 1.94825023141 0.513157071086 0.263417031078 0.147010748405
10.0 1.21416181551 0.625734713545 0.376207929789 0.253592026455
10.0 1.97895062554 0.509482538836 0.259696243742 0.143719000893
10.0 0.69245469948 0.760654107132 0.512447209994 0.387756202659
10.0 1.54261615927 0.568718653124 0.318687810352 0.198555434948
10.0 0.825371925237 0.718309944602 0.469678847758 0.345324639479
10.0 1.05531589981 0.659358203012 0.41000502241 0.286650171874
10.0 0.852036028263 0.710709327881 0.461919912132 0.337697621486
10.0 1.10421577328 0.648432169009 0.399121787037 0.275878596503
10.0 0.53139149923 0.824787630105 0.577132290859 0.452233498478
10.0 0.821050306707 0.719567738965 0.470967959838 0.346574599366
10.0 1.2833911599 0.612556774194 0.362825691535 0.24069153239
10.0 1.50582354322 0.574396271331 0.324517703636 0.203960512096
10.0 1.0571120393 0.658950689502 0.409596062723 0.286244359229
10.0 1.30121403314 0.60922545417 0.35954818573 0.237453563947
10.0 1.70908666277 0.544283361801 0.29434675833 0.175569404867
10.0 1.9034687473 0.51867255955 0.268922544771 0.151970355122
10.0 0.758452300442 0.738704669807 0.490259034406 0.365706911916
10.0 1.29038337363 0.611245086181 0.361535397095 0.239413827546
10.0 0.516651538411 0.831584787779 0.58405360549 0.459078629284
10.0 1.90842219386 0.518052622461 0.268309930247 0.151411058104
10.0 0.663376225178 0.771047643023 0.522889246913 0.398191386068
10.0 0.568591483173 0.808340598571 0.560595827424 0.435695631652
10.0 0.626444367116 0.784881026761 0.53689659447 0.412098908787
10.0 1.89803380513 0.519355378401 0.26959570685 0.152586825422
10.0 1.93499416754 0.51476926505 0.265038551468 0.148457445097
10.0 1.29092966301 0.611142834362 0.361434788908 0.239314308214
10.0 1.65490310448 0.551921947024 0.302054457593 0.182668937779
10.0 0.552425237132 0.815370372611 0.567624900251 0.442759084276
10.0 1.60233515539 0.559683520718 0.3096680985 0.18995570399
10.0 1.12835516849 0.64330604331 0.393839449934 0.270839816164
10.0 0.785306467614 0.730329615184 0.481751996865 0.357348070164
10.0 1.25394661331 0.618113552438 0.368370781864 0.246135934499
10.0 1.20720554326 0.627101891921 0.377604907899 0.254921933434
10.0 1.09047683132 0.651438616208 0.40215458989 0.278823020561
10.0 1.29282427362 0.610788464588 0.361086303156 0.238969817068
10.0 0.891426459987 0.699818497873 0.450937787126 0.326862717853
10.0 0.677231967019 0.766045787032 0.517870626749 0.3931398426
10.0 1.78051528508 0.534655399057 0.284563157234 0.166620173759
10.0 1.8105334104 0.530678552138 0.280631457283 0.162934888377
10.0 0.851538343183 0.71085088798 0.46206051797 0.337839657216
10.0 1.67736912203 0.54870736573 0.298841296945 0.179677539546
10.0 1.65192370293 0.552353626499 0.302482026667 0.183071439331
10.0 1.31149902246 0.607326119701 0.357669051821 0.235617618732
10.0 1.68358171428 0.547830454405 0.297956473417 0.178863074516
10.0 1.89560843664 0.519661006086 0.269896499006 0.152863093459
10.0 0.575802146672 0.805319355377 0.557483726527 0.432648098198
10.0 1.57704012343 0.563493334571 0.313422076137 0.193572457165
10.0 0.662794122771 0.77125742298 0.523105389442 0.398403046357
10.0 0.977797526241 0.677644936554 0.428487276693 0.30476734932
10.0 0.936817501747 0.687851439796 0.438933345511 0.3149237613
10.0 1.36441382275 0.59792757424 0.348100448384 0.226554274238
10.0 1.71623699698 0.543302391391 0.293343150811 0.174658351893
10.0 1.56313429014 0.565598387488 0.315525655138 0.195578449702
10.0 0.994298989876 0.673594835903 0.424476918026 0.300736232291
10.0 1.56107491406 0.565910711338 0.315839845487 0.19587627641
10.0 1.03819088757 0.663249634688 0.413974374306 0.290524241511
10.0 0.6060426851 0.792926403462 0.5449689427 0.42017016246
10.0 1.43213533116 0.58639705691 0.336514553845 0.215392198718
10.0 1.52719292343 0.571081498154 0.321109516258 0.200807630563
10.0 0.522719564957 0.828749516326 0.581181050847 0.456241881276
10.0 0.67113896997 0.768248798848 0.520051443502 0.395359174096
10.0 1.42100601458 0.58827546885 0.338360360732 0.217201485033
10.0 1.63136532794 0.555361877905 0.305442512817 0.185884680811
10.0 0.600560725792 0.795111533702 0.547193628791 0.422384389846
10.0 1.41694825645 0.588962467812 0.339037734407 0.217864966098
10.0 1.46372794681 0.581140047729 0.331337439252 0.210365435854
10.0 0.99456231953 0.673530870784 0.424413521896 0.300672557103
10.0 1.0087075066 0.670110181221 0.421013459169 0.29729791143
10.0 0.954849821744 0.683300460306 0.434265813494 0.310417941597
10.0 1.99644532546 0.507420195032 0.257602610666 0.141873774132
10.0 1.36177855055 0.598382656247 0.348569928342 0.226994750196
10.0 1.53942803657 0.569205612669 0.319185383381 0.19901966952
10.0 0.860630075001 0.708269956508 0.459509698234 0.335258038116
10.0 1.74746245573 0.539071569759 0.28901795119 0.170725840318
10.0 1.66230217576 0.550855755799 0.300994012645 0.181675510124
10.0 1.13124290125 0.642701735354 0.393216397843 0.270243118931
10.0 1.28233186237 0.612755928529 0.363021809343 0.24088597865
10.0 0.629067163241 0.783882257304 0.535864219089 0.411093276873
10.0 0.730562376385 0.747716819435 0.499389641543 0.374773031889
10.0 1.96082651664 0.51164212313 0.261886503174 0.145653084463
10.0 1.96224988286 0.511471685801 0.261713789746 0.145500321086
10.0 1.19875226228 0.628782957401 0.379305961337 0.25655642503
10.0 1.46866986313 0.580331801962 0.330532421976 0.209596427752
10.0 1.23477712258 0.621755292921 0.372103715612 0.2497082407
10.0 0.623338737278 0.786072180688 0.538125076666 0.413293472415
10.0 1.71092024219 0.54403125865 0.294089081926 0.175335409822
10.0 0.714017140883 0.753276903678 0.504964192454 0.380320064875
10.0 1.11501320506 0.646118403498 0.396746639948 0.27360966945
10.0 1.87615620479 0.522132337514 0.272316290679 0.15510229417
10.0 0.821599784168 0.719406991203 0.470804024054 0.346415094443
10.0 1.0996359903 0.649426358343 0.400132151313 0.276852189581
10.0 1.62302174254 0.556596321959 0.306650412315 0.187043816803
10.0 1.47052598968 0.580029258807 0.330230406172 0.209308878788
10.0 1.35821779574 0.598999091861 0.349206005572 0.227591003626
10.0 1.91862646409 0.516783419195 0.267050694222 0.150267808327
10.0 0.91936748593 0.692411646544 0.443465666742 0.319442463277
10.0 0.536112157208 0.822622126409 0.574991221036 0.450047821499
10.0 1.41368587926 0.589515531537 0.339584286795 0.218399557844
