5.0 1.45749032371 0.861273348484 0.360744853215 0.14244131194
5.0 0.848991475151 1.10126428644 0.610838574594 0.365914124175
5.0 1.52158561281 0.842571873658 0.341155333789 0.127111050853
5.0 1.08744671145 0.99098510817 0.495272450832 0.258184136892
5.0 1.10965915878 0.98189782784 0.486008668796 0.249607125238
5.0 1.94620683028 0.73412392957 0.232866652474 0.0497823364298
5.0 1.29893889656 0.912321268869 0.413285149646 0.185889091263
5.0 1.32825044634 0.902356279495 0.403199251666 0.177095252376
5.0 1.09483430768 0.987946643526 0.492173303262 0.255299575139
5.0 1.65870908372 0.804499825286 0.30294797735 0.0972870144334
5.0 1.33024165463 0.901686094936 0.402521493963 0.17651052189
5.0 0.555416098248 1.29361296654 0.810865834278 0.561208119099
5.0 1.73844917572 0.783572809976 0.282306720365 0.0821719095956
5.0 0.959132184946 1.04672239866 0.553817602328 0.31194404248
5.0 0.684724856744 1.19827658997 0.711839079289 0.463828674465
5.0 1.93745867926 0.73608830532 0.234799416257 0.0509912950353
5.0 1.82857343495 0.76129787231 0.260007992603 0.0670661473693
5.0 0.662754180521 1.21313151845 0.727308493447 0.47876405225
5.0 1.12419176685 0.976045825137 0.480021543238 0.244158549333
5.0 1.07189864737 0.99742307751 0.501869122158 0.264347997019
5.0 0.97059990148 1.04136027235 0.548275827897 0.30678624289
5.0 0.82098712421 1.11650285052 0.62650373853 0.380969757705
5.0 0.849131141076 1.1011900355 0.610761020824 0.365841280372
5.0 0.593225803195 1.26364478905 0.779616260229 0.53036584087
5.0 1.1943521743 0.949195492529 0.451824616202 0.219515169307
5.0 1.26010374917 0.925760190956 0.427056555366 0.198019883393
5.0 1.18827635142 0.951428764938 0.454207878963 0.221562283436
5.0 1.03948347552 1.0110093597 0.516052400109 0.277517437021
5.0 1.50483298662 0.847385643846 0.346159099286 0.131034054952
5.0 1.44915044022 0.86377333168 0.363378861573 0.144505715575
5.0 1.83358045756 0.760101883077 0.258804102597 0.0662802293531
5.0 1.06255665089 1.00131539784 0.505891307589 0.268104519702
5.0 0.517006544261 1.3264505894 0.84480758138 0.59501050948
5.0 1.88265477748 0.748582473644 0.247226167008 0.0588298551949
5.0 1.50940433067 0.846067643006 0.344785460296 0.129957902766
5.0 0.809955181069 1.12263880504 0.632771536155 0.38713950475
5.0 0.935702266897 1.05791192398 0.56525722234 0.322834085888
5.0 0.837405927115 1.10749035942 0.617290266917 0.372032758934
5.0 0.627246577794 1.2381672598 0.75315956248 0.504498331092
5.0 1.06555535072 1.0000642246 0.50459497015 0.266894786225
5.0 1.5775459646 0.826765999294 0.325024261973 0.11441836697
5.0 1.35145906486 0.894607838343 0.395348191011 0.170386487121
5.0 1.3427333636 0.897504120946 0.398287897499 0.17288161496
5.0 1.49796705409 0.849372027318 0.348234033166 0.132658274803
5.0 1.75594933377 0.779131728309 0.277889217901 0.079084869091
5.0 1.4424109166 0.865806951569 0.365520359171 0.146187538147
5.0 1.3843849154 0.883880237393 0.384374095478 0.161263038917
5.0 1.18715584186 0.951842313433 0.454648947633 0.221941314578
5.0 1.55884367844 0.832006614874 0.33031985895 0.118587994928
5.0 1.65719372173 0.80490763601 0.303348989546 0.0975912236683
5.0 0.701730730169 1.18729629387 0.7001647017 0.452603728848
5.0 1.62128056674 0.81466598174 0.312966361093 0.104980495257
5.0 1.47029169262 0.857470399709 0.356737961075 0.139306682754
5.0 1.82847383125 0.761321697305 0.260031978758 0.0670818325951
5.0 1.41594796872 0.873919349335 0.374032634387 0.152920782311
5.0 1.0978672269 0.986703509334 0.490906691073 0.25412427018
5.0 1.42234850553 0.871937830192 0.371959496858 0.151272131123
5.0 1.94486143796 0.734425580029 0.233163020651 0.0499675421534
5.0 1.67609543414 0.799846096477 0.298372363874 0.0938417321883
5.0 1.31339399577 0.907384868512 0.408284156097 0.181509159457
5.0 1.04375997947 1.00920264911 0.514142964626 0.275760095309
5.0 1.3983204559 0.879442897116 0.37978532276 0.157534266566
5.0 1.11585682507 0.979391842218 0.483449323619 0.247267384165
5.0 0.750849620537 1.1565643351 0.668511251155 0.421436887615
5.0 1.01090302579 1.02325989881 0.529124582397 0.289402982992
5.0 0.951119495978 1.05051813791 0.557709436749 0.315615270519
5.0 1.92510739323 0.738874754927 0.237552220056 0.0527173100658
5.0 1.09928306038 0.986124099464 0.49031621282 0.253577528772
5.0 1.29030560759 0.915287583935 0.416300984508 0.188542302366
5.0 1.38593533245 0.883383446538 0.383862008154 0.160844457392
5.0 0.53780575432 1.30851399337 0.826018709997 0.576437856529
5.0 1.6218032694 0.814522734015 0.312824667423 0.1048705225
5.0 0.578534844508 1.27509102248 0.791380964409 0.542226542988
5.0 0.708818756984 1.18279134291 0.695434274973 0.447958637615
5.0 0.897421909453 1.07658889566 0.58461546466 0.341444642762
5.0 1.0179393839 1.02020947946 0.525858268569 0.286452355296
5.0 0.992044338794 1.03158584947 0.538007604025 0.297415966899
5.0 1.48216544927 0.853976485833 0.353062434926 0.136433690906
5.0 1.36776840855 0.889252554452 0.389889521889 0.165810421467
5.0 1.29553389502 0.913489688359 0.414471753783 0.186932289996
5.0 1.84579769384 0.757200673344 0.255883940749 0.0643833518026
5.0 1.99539343981 0.723206548582 0.222260322373 0.0431872377239
5.0 0.66852394854 1.20915122503 0.723228821865 0.474763119047
5.0 1.37270608354 0.887647105699 0.388245682616 0.164447264488
5.0 1.19339444911 0.949546532525 0.452199331312 0.219837051774
5.0 1.79660768173 0.769031975736 0.267784458871 0.0722075117982
5.0 0.568435750571 1.28303830465 0.799776881404 0.550458617364
5.0 1.78329565112 0.772305542007 0.271067636171 0.0744155844728
5.0 1.06380480104 1.00079444358 0.505351135721 0.267600620321
5.0 0.674803725797 1.20488017937 0.71879850128 0.470478978355
5.0 1.88773509658 0.747409035016 0.246051407164 0.0580830607706
5.0 1.62805111837 0.812813162563 0.311135543234 0.103561488686
5.0 0.647942181695 1.22350722676 0.737862924172 0.489326090025
5.0 0.812628479279 1.12114789856 0.631244636898 0.385633775533
5.0 0.687416185013 1.19651435371 0.709965348752 0.46204178209
5.0 1.6535013351 0.805902713984 0.304327619604 0.0983351030458
5.0 1.9785585252 0.726920420609 0.225841264956 0.0454064019974
5.0 0.50829895905 1.33429434112 0.852912575926 0.602958776994
5.0 0.82666366232 1.11336654695 0.623306479022 0.37784454599
5.0 1.0023139688 1.02702301611 0.533149220122 0.293031315495
5.0 1.01271613786 1.02247138368 0.528280212397 0.288640981784
5.0 1.94825023141 0.733666124869 0.232417223262 0.0495015465494
5.0 1.21416181551 0.9420102523 0.44415864613 0.212919612581
5.0 1.97895062554 0.726833657579 0.22575728388 0.045354332585
5.0 0.69245469948 1.19324377171 0.706480918725 0.458709755868
5.0 1.54261615927 0.836586528349 0.334990620069 0.12226560919
5.0 0.825371925237 1.11407859582 0.624032719013 0.378552426082
5.0 1.05531589981 1.00434449203 0.509043462981 0.271039363775
5.0 0.852036028263 1.09965035841 0.609149431073 0.364329972441
5.0 1.10421577328 0.984110446758 0.488264636497 0.251681863114
5.0 0.53139149923 1.31398940526 0.831673077031 0.582144779844
5.0 0.821050306707 1.11646775664 0.626467995828 0.380934775019
5.0 1.2833911599 0.917672442297 0.418733763849 0.190686265809
5.0 1.50582354322 0.847099752746 0.345860995468 0.130800527728
5.0 1.0571120393 1.00359211044 0.508258555783 0.270309679928
5.0 1.30121403314 0.911541603933 0.412494058287 0.18519429548
5.0 1.70908666277 0.791150885636 0.28980785454 0.0875344207957
5.0 1.9034687473 0.743795942794 0.242442324164 0.0557971745727
5.0 0.758452300442 1.15200798591 0.663732037283 0.416899399369
5.0 1.29038337363 0.91526080789 0.416273711772 0.188518283488
5.0 0.516651538411 1.32676483257 0.845137422562 0.595330420288
5.0 1.90842219386 0.742664840179 0.241315326551 0.0550857659393
5.0 0.663376225178 1.21270039465 0.72686824949 0.478329527054
5.0 0.568591483173 1.2829145043 0.799645691045 0.550331229488
5.0 0.626444367116 1.23874208482 0.753770269727 0.505090085116
5.0 1.89803380513 0.74504070576 0.243683940927 0.0565822543
5.0 1.93499416754 0.736642990526 0.235346551789 0.0513339003823
5.0 1.29092966301 0.915072740292 0.416082172525 0.188349616134
5.0 1.65490310448 0.805524667186 0.303955847748 0.0980522677403
5.0 0.552425237132 1.29610861476 0.813426700875 0.56373071674
5.0 1.60233515539 0.819880411227 0.318137884067 0.109012697649
5.0 1.12835516849 0.974385847389 0.47831503929 0.242621981519
5.0 0.785306467614 1.13648143702 0.647204167289 0.401235286424
5.0 1.25394661331 0.927913080111 0.429293676293 0.199985402924
5.0 1.20720554326 0.944517933187 0.446831508941 0.215222919378
5.0 1.09047683132 0.989737016276 0.493998719041 0.256997287222
5.0 1.29282427362 0.914420896637 0.415418657789 0.187765495104
5.0 0.891426459987 1.07955354885 0.587760914564 0.344416564596
5.0 0.677231967019 1.20324730629 0.717089355943 0.46883976546
5.0 1.78051528508 0.772993305003 0.271756537512 0.0748820138858
5.0 1.8105334104 0.765641130933 0.264377639035 0.0699403984611
5.0 0.851538343183 1.09991351264 0.609425443358 0.364588341298
5.0 1.67736912203 0.79950709217 0.298038916335 0.0935924740808
5.0 1.65192370293 0.806328371826 0.304746479996 0.0986538598121
5.0 1.31149902246 0.90802966813 0.40893645306 0.182078778179
5.0 1.68358171428 0.797857074729 0.296415789182 0.0923839042215
5.0 1.89560843664 0.745597267783 0.244239789331 0.0569341254302
5.0 0.575802146672 1.2772293062 0.793626966036 0.54445111678
5.0 1.57704012343 0.826907222507 0.325166309089 0.114530136927
5.0 0.662794122771 1.21310380008 0.727280309616 0.478736127533
5.0 0.977797526241 1.03804156375 0.544814255935 0.303604245213
5.0 0.936817501747 1.05737380521 0.564707842268 0.322305352932
5.0 1.36441382275 0.890347574329 0.391008553798 0.166742372187
5.0 1.71623699698 0.789291105854 0.287970970905 0.0862070468397
5.0 1.56313429014 0.830800704328 0.329096955543 0.117624810154
5.0 0.994298989876 1.03057782144 0.536936827055 0.296448662909
5.0 1.56107491406 0.831379174953 0.329683438436 0.118086648314
5.0 1.03819088757 1.01155650507 0.516632134371 0.27804961036
5.0 0.6060426851 1.25377879955 0.769575056866 0.520352225427
5.0 1.43213533116 0.868932263757 0.368806767988 0.148776565932
5.0 1.52719292343 0.840969880718 0.339499076663 0.125810507784
5.0 0.522719564957 1.32144457046 0.839527206735 0.589886716964
5.0 0.67113896997 1.20736437856 0.721382441006 0.472970464843
5.0 1.42100601458 0.872352367812 0.372393663667 0.151616785808
5.0 1.63136532794 0.811908336989 0.310242495343 0.102871141824
5.0 0.600560725792 1.25797055596 0.773860767415 0.524585578184
5.0 1.41694825645 0.873608856198 0.373708105329 0.152662226418
5.0 1.46372794681 0.859415418371 0.358786915368 0.140908923316
5.0 0.99456231953 1.03046033399 0.536812068205 0.296335719012
5.0 1.0087075066 1.02421753141 0.53014966933 0.290327509268
5.0 0.954849821744 1.04874631728 0.555895295913 0.313899096294
5.0 1.99644532546 0.72297523862 0.222038257023 0.043049861881
5.0 1.36177855055 0.891210189859 0.391888993166 0.167477855727
5.0 1.53942803657 0.837490105568 0.335916934541 0.122994446139
5.0 0.860630075001 1.09514613149 0.604400681998 0.359903684978
5.0 1.74746245573 0.781278355715 0.280026728539 0.0805720505498
5.0 1.66230217576 0.803534303415 0.301998583147 0.0965682095866
5.0 1.13124290125 0.973239104275 0.477133545711 0.241562563083
5.0 1.28233186237 0.918038516048 0.419107918686 0.191016147494
5.0 0.629067163241 1.2368660049 0.75177857841 0.503156184851
5.0 0.730562376385 1.16907479625 0.681357457948 0.433942117114
5.0 1.96082651664 0.730857188846 0.229668162549 0.0477866357057
5.0 1.96224988286 0.730540152039 0.229358858769 0.0475939538383
5.0 1.19875226228 0.947587311692 0.450107566624 0.218040182333
5.0 1.46866986313 0.857950305709 0.357243106384 0.139701636956
5.0 1.23477712258 0.934660549357 0.436366060329 0.206167747558
5.0 0.623338737278 1.24097620034 0.756145187709 0.507383985252
5.0 1.71092024219 0.790673108877 0.289336273389 0.0871927020164
5.0 0.714017140883 1.17949911375 0.692016488169 0.444567835697
5.0 1.11501320506 0.979732078003 0.483797243315 0.247584443847
5.0 1.87615620479 0.750088217773 0.248735658868 0.0597915127709
5.0 0.821599784168 1.11616327103 0.626157873178 0.38063055803
5.0 1.0996359903 0.985979774444 0.490169169483 0.253441412202
5.0 1.62302174254 0.814188941585 0.312494700954 0.104614436971
5.0 1.47052598968 0.857401154857 0.356665045948 0.139249680253
5.0 1.35821779574 0.892379051038 0.393080511585 0.168476336277
5.0 1.91862646409 0.740343268011 0.239007926598 0.0536321444413
5.0 0.91936748593 1.06583635668 0.573381962533 0.330679602193
5.0 0.536112157208 1.30995922806 0.827499712454 0.577940826833
5.0 1.41368587926 0.874622666417 0.374767366799 0.15350667775
