0.1 1.758108315629726 0.06478664208797792 0.00010039887838096301 8.506591155108805e-08
0.1 0.6862334798735976 0.0028232082104891116 8.544811534010148e-07 1.1429202393990414e-10
0.1 0.4869811428902903 0.0009852920462118163 1.5296883282762165e-07 1.0334189404483537e-11
0.1 0.9784615137411568 0.008613557172765617 5.09226863056889e-06 1.3761213897563432e-09
0.1 0.8406414857702592 0.005318542593362784 2.369937332344545e-06 4.74266316123752e-10
0.1 1.2480003598326805 0.01910804233228497 1.743276685228451e-05 7.603523492360736e-09
0.1 0.8894702651774656 0.006356629252702099 3.1490759582720177e-06 7.047548386182971e-10
0.1 0.8871589746466291 0.006304460499684936 3.1080798812755615e-06 6.92006398139445e-10
0.1 0.5787860418809516 0.0016705684250380996 3.635742667473904e-07 3.4653307308554376e-11
0.1 0.7998384222081832 0.0045490667171193344 1.8451334464521505e-06 3.3455569173921487e-10
0.1 1.8682078365385002 0.08225142889793631 0.00013740431487640643 1.3069086233348787e-07
0.1 0.8226349652053978 0.004968403127580152 2.1253001337089947e-06 4.0744137806517495e-10
0.1 1.54843789995769 0.040389313578314115 5.2303209780215975e-05 3.471681336468474e-08
0.1 1.7851440547042468 0.06872855108025194 0.00010862016948694904 9.475183451381746e-08
0.1 1.6913271715926013 0.055903771794148474 8.225172230305703e-05 6.471095487637382e-08
0.1 0.7368809322541248 0.0035216250439316153 1.2219201082735944e-06 1.8828230412383577e-10
0.1 0.6675888503303128 0.0025925722746378177 7.441131879136278e-07 9.422489691035093e-11
0.1 0.4747302266913147 0.0009117093161388701 1.3463599928413488e-07 8.645064417428616e-12
0.1 0.463075698811997 0.0008452720802998686 1.1887202654851324e-07 7.2636738636671245e-12
0.1 0.7203692956407567 0.0032819948186348868 1.0904201805096346e-06 1.6062354495615783e-10
0.1 1.9976694443634755 0.10840552527806642 0.0001945670420458085 2.1001462897615898e-07
0.1 0.9964591653246212 0.009132666920078495 5.5827443942983324e-06 1.5639538680979973e-09
0.1 1.6168164382863197 0.04727388949243639 6.526277312899541e-05 4.708565397706285e-08
0.1 1.157559108293058 0.014875243610070971 1.1906438443323296e-05 4.4807035710167795e-09
0.1 1.2155444893082477 0.017494795193428777 1.5251995117638398e-05 6.3175951105456775e-09
0.1 1.9120614675047083 0.09035144340462856 0.00015495984015688677 1.5400915307512307e-07
0.1 0.5751146373469279 0.0016382762821385342 3.5215457339358503e-07 3.314215878624475e-11
0.1 1.144149057223737 0.014314607206600445 1.1224435796754743e-05 4.128432505131382e-09
0.1 0.6264884158412823 0.0021310053238523465 5.409214144693809e-07 6.036161700148777e-11
0.1 1.2613580194510812 0.019804519399721426 1.8400484925482165e-05 8.194641711030002e-09
0.1 0.8783978504003929 0.00610950637364997 2.956559914837753e-06 6.454621134444006e-10
0.1 1.2603923510701378 0.01975351625068611 1.8329100293439925e-05 8.150623147370955e-09
0.1 1.465004060519767 0.033149889575992464 3.940957157230097e-05 2.3497456996896573e-08
0.1 0.9829260809090337 0.008740256655408684 5.2105663296763455e-06 1.4208072452641457e-09
0.1 1.3968297909352967 0.028060688520935066 3.090893364998037e-05 1.6798737413727168e-08
0.1 1.428359816392338 0.030328694478153787 3.463257185252383e-05 1.9657829683815758e-08
0.1 1.0719709121557974 0.011565677757532197 8.07313558927773e-06 2.612034541577837e-09
0.1 1.0451878944162596 0.01065377470468676 7.104369575232786e-06 2.186792680756386e-09
0.1 1.0246725217544652 0.00999224337933397 6.427622894195726e-06 1.90263250984414e-09
0.1 1.0499032359559863 0.010810300056333797 7.2677487208695255e-06 2.2570211503650634e-09
0.1 0.5274657686238365 0.0012571976689223527 2.2825298427033937e-07 1.8081334910527594e-11
0.1 0.490929922259334 0.0010098462467154092 1.5928599681122542e-07 1.0935654090792679e-11
0.1 0.5253294538129423 0.0012417027629354857 2.236566132224642e-07 1.7574499895656998e-11
0.1 1.513084497022604 0.0371759637283749 4.6476209448479434e-05 2.950099769216697e-08
0.1 0.4466543374482287 0.0007573672833991263 9.920446589897256e-08 5.6406374880595815e-12
0.1 1.1991878715665343 0.016722715484781124 1.4239807324648182e-05 5.743685079833477e-09
0.1 0.612214908391138 0.0019850704303124053 4.818526582344483e-07 5.135935757704628e-11
0.1 0.4492090136732563 0.0007706134329414006 1.0207941159032681e-07 5.8705191096457085e-12
0.1 1.423183085302207 0.02994645905189536 3.399743555314215e-05 1.9161578848844523e-08
0.1 1.11359703603138 0.013097096371959953 9.787916037913486e-06 3.4134803762433122e-09
0.1 1.9593706171512748 0.09993607922201281 0.00017592769182925576 1.8310369368754103e-07
0.1 0.9276254917945462 0.007263632093343853 3.891197264121496e-06 9.463069073521753e-10
0.1 0.7126797171410995 0.003174404701035864 1.0331915317611264e-06 1.489825412983585e-10
0.1 1.494473939701455 0.035572112123989065 4.3628110506168855e-05 2.7037117912816497e-08
0.1 0.9617581716274896 0.008151427316564088 4.6687034801227476e-06 1.2194633138747635e-09
0.1 1.6336577813428295 0.0491158221115451 6.882602407683815e-05 5.065702821530479e-08
0.1 1.6668792021911596 0.05293224947293372 7.632096409636805e-05 5.839013413859933e-08
0.1 1.1101993426006866 0.012966694402468538 9.637801756840175e-06 3.3409825748991578e-09
0.1 0.8301252820131846 0.005111988986705921 2.2244667689032672e-06 4.341850253075034e-10
0.1 0.43824707528722656 0.0007148686706096533 9.019776244166848e-08 4.9377383110166856e-12
0.1 0.9941321052285197 0.009064287939853834 5.517267932753718e-06 1.538493410754872e-09
0.1 0.5563694074493812 0.0014800703253171684 2.9824209244763533e-07 2.627543630929247e-11
0.1 1.5640360777246598 0.04187956387041732 5.5056436967118e-05 3.7258918894399364e-08
0.1 1.1351110805371452 0.01394589580555791 1.0782850810639963e-05 3.90466753728461e-09
0.1 1.2327943596955857 0.018338503510437996 1.638168627741056e-05 6.97554756788084e-09
0.1 1.4953104686456227 0.03564294797437862 4.375300485209557e-05 2.714393854227158e-08
0.1 1.0804644724677614 0.01186664826736579 8.40165539595671e-06 2.760910243111041e-09
0.1 1.3655568916980079 0.025948395050820795 2.7543333491557046e-05 1.4323642776575405e-08
0.1 1.7181585735302574 0.05933325969680533 8.918891854054686e-05 7.231765078061151e-08
0.1 1.1229940215084366 0.013462894808317366 1.0212938239526639e-05 3.621064423522428e-09
0.1 1.8207123216532892 0.07424655965456897 0.00012026898771509383 1.0893122885957469e-07
0.1 0.7526392586778222 0.0037615488384504635 1.359011788141263e-06 2.1839325923494412e-10
0.1 0.5709162427528384 0.00160187878980117 3.394500763886522e-07 3.1483690142509734e-11
0.1 0.419216201007054 0.0006247070142213023 7.221564242862101e-08 3.6181803057963583e-12
0.1 1.8687062378426824 0.08233952723500042 0.00013759420950138683 1.3093770460641038e-07
0.1 1.418505942764598 0.029604488022587232 3.343175720774985e-05 1.8722519457079837e-08
0.1 0.7516192597394156 0.003745680805557785 1.3497805617782764e-06 2.1632650215173253e-10
0.1 1.276083893833556 0.02059509505608605 1.9517231986982124e-05 8.891655850681969e-09
0.1 1.8732794725555202 0.08315202889168694 0.00013934673784574388 1.332215045128177e-07
0.1 1.8010655073301631 0.07115051388027492 0.00011371438049366682 1.0088882775529547e-07
0.1 0.6041474479232631 0.0019057243237896634 4.5083003929387697e-07 4.6800448238391504e-11
0.1 0.8858459836595194 0.006274962360597944 3.0849828702748927e-06 6.848528354357545e-10
0.1 0.8724745147181099 0.005980181153876685 2.857528258738448e-06 6.155389477511791e-10
0.1 1.3105680602281211 0.022543271025034485 2.2348089247165824e-05 1.0726139939251328e-08
0.1 1.5894714071455982 0.04440957083504889 5.979853896199532e-05 4.1747944032346295e-08
0.1 0.9280242964325348 0.007273579143123801 3.899635564191476e-06 9.491655613933338e-10
0.1 1.3725636917960453 0.02641017452842396 2.8270238061907795e-05 1.4849041059509942e-08
0.1 1.2250805650372838 0.01795741952700565 1.5868437864141854e-05 6.6743956229840805e-09
0.1 1.8716811593972373 0.08286721683669719 0.00013873216838723387 1.324194616090826e-07
0.1 0.7221865778964989 0.003307790253848548 1.1043098082401901e-06 1.6348587037783543e-10
0.1 0.4026316124161127 0.0005527085332303849 5.8999328335408904e-08 2.727215970006355e-12
0.1 0.5147731147756271 0.00116705207178216 2.0202007513338666e-07 1.524487320007752e-11
0.1 1.0727911944254753 0.011594493146324492 8.104403514211318e-06 2.6261050689323897e-09
0.1 1.1982677949629459 0.01668007724381551 1.4184526545735676e-05 5.712779037163781e-09
0.1 1.318002698500596 0.02298167289545123 2.299990528965416e-05 1.1161635898568629e-08
0.1 1.808597411168103 0.07232317340546068 0.00011619162465170806 1.0390933774018416e-07
0.1 0.7211519460865244 0.00329308679162329 1.0963847367533497e-06 1.6185094983681353e-10
0.1 1.0738848948320192 0.011632996645697368 8.146245582098314e-06 2.644966808658565e-09
0.1 1.8916437496654557 0.08649099830132859 0.00014657008754534717 1.4274158848080394e-07
0.1 0.9812652768488128 0.008692966497677427 5.166304253436033e-06 1.404040946631391e-09
0.1 0.42400665015984046 0.0006466289027750737 7.644407661939807e-08 3.917870446826618e-12
0.1 1.8395638540975274 0.07733322689875495 0.0001268466184553381 1.1716131025354743e-07
0.1 1.3846402670679208 0.0272215315141816 2.9559573716935307e-05 1.579351648873826e-08
0.1 1.953507309300055 0.09869734861531629 0.0001732088063416304 1.792585830963742e-07
0.1 1.3945925345254166 0.027905128716468382 3.065760098752638e-05 1.6610226402046518e-08
0.1 1.8980199300259848 0.08767950561927705 0.0001491489336233911 1.461813433849447e-07
0.1 1.35846347423555 0.025487511558750484 2.6822955420979272e-05 1.3808105484594386e-08
0.1 0.6228459445106487 0.0020930814559153785 5.253240811870183e-07 5.7944756984771613e-11
0.1 1.4853995571823502 0.034811176321980004 4.229182910481788e-05 2.5901393022203918e-08
0.1 1.2741424757329647 0.02048948106510899 1.9366942208887162e-05 8.79694585029457e-09
0.1 0.4144710136538601 0.0006034947220121287 6.821393721193846e-08 3.340917194869801e-12
0.1 1.6396323838721027 0.049783994269658176 7.012761669281902e-05 5.1978812948815415e-08
0.1 0.5942792078028628 0.001811680435606487 4.150824599323513e-07 4.1699560592984766e-11
0.1 1.227830628116558 0.018092571514447566 1.6049903266837908e-05 6.780452416287188e-09
0.1 1.4652037501465394 0.03316583220901249 3.943699563796883e-05 2.352002881920358e-08
0.1 1.6206605464060813 0.04768898554864648 6.606253019519281e-05 4.788114086172693e-08
0.1 1.9054062090821131 0.08907556403902955 0.00015218286229482195 1.5025512192474674e-07
0.1 0.5983801030705784 0.0018503629268242553 4.296507400172326e-07 4.3758165309663896e-11
0.1 0.735993180867928 0.003508438238535994 1.2145410990230517e-06 1.8669774698478234e-10
0.1 0.984588323314617 0.008787776296193987 5.25517205142394e-06 1.437759852121744e-09
0.1 1.0420615995775124 0.010550929101328085 6.997690399315001e-06 2.141272321888119e-09
0.1 1.344008738249118 0.02456856067598545 2.5402234902539106e-05 1.2806724884360457e-08
0.1 1.9902635219646068 0.10671513507326677 0.00019084114274115727 2.0456016165777003e-07
0.1 1.3784141976767872 0.026800775298756706 2.8889034462101325e-05 1.5300343086975065e-08
0.1 1.4928341614387368 0.03543359719406043 4.338413162160281e-05 2.6828774847381418e-08
0.1 0.5539380696306102 0.0014603531033243074 2.917643791597629e-07 2.5481439130253778e-11
0.1 1.0944346744956097 0.01237437571041152 8.965399376946229e-06 3.0216373203468145e-09
0.1 0.6066539124790545 0.001930136885345051 4.6029156450279723e-07 4.8178100805091185e-11
0.1 0.7446453905541093 0.003638449622149223 1.288005583104309e-06 2.026400230737518e-10
0.1 1.7601055144633664 0.06507069737174603 0.00010098820348145356 8.575100821645099e-08
0.1 0.991982794185714 0.009001466757155558 5.457343683275618e-06 1.5152945985196632e-09
0.1 0.7651399669672728 0.003959891868883587 1.4763235081921792e-06 2.451323109308056e-10
0.1 1.7758922420868282 0.06735583895464886 0.00010574696406065596 9.133560291451763e-08
0.1 1.1452012462942769 0.014358007058631652 1.1276779183905838e-05 4.1551845287518434e-09
0.1 1.484987153737921 0.034776916861489315 4.2231899228644715e-05 2.5850767864531704e-08
0.1 1.0046015633253698 0.009374913027101004 5.8167923570807714e-06 1.6559083335099552e-09
0.1 1.5462936884586758 0.04018799864573057 5.193366712546416e-05 3.437931272478929e-08
0.1 0.9840316598391295 0.008771841544948892 5.240200056489086e-06 1.432063412844448e-09
0.1 1.2824349956704015 0.020943576463893686 2.0015495329311913e-05 9.207635156400015e-09
0.1 1.3380299204710122 0.02419626484596352 2.4832724519717657e-05 1.2411162039957073e-08
0.1 0.5846213579247963 0.001722791677913291 3.823341208633695e-07 3.717669148270623e-11
0.1 0.655257200803482 0.0024474534294064627 6.776284187682705e-07 8.268246242798933e-11
0.1 1.5927011641960211 0.04473994533449954 6.042378195004421e-05 4.234993094562902e-08
0.1 1.1557467106041428 0.01479851416090953 1.1812357376444106e-05 4.431635383022457e-09
0.1 1.4083246851153755 0.028871030360713496 3.222677513701733e-05 1.77965770275945e-08
0.1 1.6992219044572296 0.056894163311569136 8.424537057790166e-05 6.687397073190389e-08
0.1 0.5056017960752981 0.0011047398301433763 1.8461478784281238e-07 1.3441020942170234e-11
0.1 0.8798702715187718 0.006141963405621646 2.9816004589621106e-06 6.53091158202301e-10
0.1 1.3977312857894475 0.02812356825300065 3.101067864306505e-05 1.687521546381886e-08
0.1 1.1891000595877772 0.016259764235925133 1.364311663107929e-05 5.4125470668224794e-09
0.1 1.6627515663636205 0.052444454373862 7.53550526851092e-05 5.737723385376098e-08
0.1 1.742063884190554 0.06254482114535673 9.576595768610929e-05 7.973113039727461e-08
0.1 1.6180426738511282 0.04740596219821287 6.551702564185824e-05 4.733816228574961e-08
0.1 0.5943865383396845 0.0018126856719409474 4.154586289312033e-07 4.1752361153243335e-11
0.1 1.951588339238397 0.09829515152635522 0.00017232651736824673 1.7801535628532817e-07
0.1 1.7820947646759637 0.0682733432461308 0.00010766621333071022 9.361392926359485e-08
0.1 0.5588648918278981 0.001500497211394703 3.050100974537203e-07 2.711235157721994e-11
0.1 0.9482480043732098 0.007791102785183524 4.347278776689522e-06 1.1041989460369238e-09
0.1 0.45780328381918134 0.0008163310859740889 1.1224491723525915e-07 6.703838841554345e-12
0.1 1.3389454071466589 0.02425297871271848 2.49192514543562e-05 1.247104154593601e-08
0.1 1.6758167932566082 0.05400209080369626 7.844714459074314e-05 6.063624834844159e-08
0.1 1.9506096913343351 0.09809064399519397 0.0001718779905441819 1.7738419561059134e-07
0.1 1.9496084011484918 0.09788182825424044 0.0001714200826679829 1.7674043013634489e-07
0.1 0.526447208147366 0.0012497935279427669 2.260521601362064e-07 1.7838142717453227e-11
0.1 0.6955887648479857 0.002944159924048422 9.146049715241582e-07 1.2567158855608422e-10
0.1 1.8136571758194577 0.07312084373796497 0.0001178805043402037 1.0598191160552686e-07
0.1 1.5912219653574398 0.04458837743334445 6.01367683708294e-05 4.2073305985147304e-08
0.1 0.6672259927256254 0.00258821879085939 7.420849570642744e-07 9.386652153855872e-11
0.1 1.101614894870222 0.012641576643522404 9.266791599170815e-06 3.1636751973711874e-09
0.1 1.2202518876824184 0.01772200142447794 1.5553828640483346e-05 6.491622218041181e-09
0.1 0.7478106512276206 0.003686847305696275 1.3157557621779212e-06 2.0875693904731425e-10
0.1 0.5626294912825336 0.001531677933081438 3.1545254559556756e-07 2.841811539432297e-11
0.1 0.7983438738161022 0.004522486149080882 1.8278590613852466e-06 3.3019620636963863e-10
0.1 1.9465797076685059 0.09725280060373993 0.00017004112231671766 1.748054206845992e-07
0.1 1.714954408807797 0.05891415309543578 8.83361804010223e-05 7.137061835787121e-08
0.1 1.0961858091576322 0.012439147007919385 9.038163825911071e-06 3.055762881849214e-09
0.1 1.7244997377543063 0.06017050671815049 9.089637554091558e-05 7.422379956427106e-08
0.1 0.4760591835076673 0.0009195038432625789 1.3653496757480324e-07 8.816012166401648e-12
0.1 1.6317651901269632 0.04890578821855653 6.841785226415349e-05 5.024440303731657e-08
0.1 1.9449625008848241 0.09691851511039924 0.0001693085619726087 1.7377970066743476e-07
0.1 0.4493970153539868 0.0007715944091555079 1.0229358992485769e-07 5.887749089075698e-12
0.1 1.3454336197560393 0.024657955506734157 2.5539511253260932e-05 1.290257867707497e-08
0.1 1.5973373236231816 0.04521785004402744 6.133059473961603e-05 4.322710288615748e-08
0.1 0.7174888648683603 0.003241398078122961 1.068692449917404e-06 1.5617476731453052e-10
0.1 1.1236256349546991 0.013487754959773382 1.0242031442487971e-05 3.635397526969792e-09
0.1 0.8044304433570719 0.004631429804602135 1.8990316844450903e-06 3.4826065017490227e-10
0.1 1.7076103374085747 0.05796343716740092 8.64068078275928e-05 6.924017628221108e-08
0.1 1.9213772861821763 0.09216652768994617 0.00015891689904150465 1.593995773967513e-07
0.1 0.8195961595926943 0.00491097880880922 2.086096247611168e-06 3.970017900594836e-10
0.1 0.6131899995919977 0.001994812850360654 4.857153621679554e-07 5.1935335357877255e-11
0.1 0.6685954157449588 0.0026046755128463057 7.497627864094908e-07 9.522517813302403e-11
0.1 1.0566378890732295 0.011036810601508901 7.506333724969747e-06 2.3606778540143814e-09
0.1 1.174739397383906 0.01561772325457297 1.282869446733029e-05 4.96950029391933e-09
0.1 0.6337459978447196 0.0022079830501060553 5.731063939609616e-07 6.543590935298309e-11
0.1 1.5480856015269224 0.04035617891223795 5.2242346597048166e-05 3.4661166430569024e-08
0.1 0.9917666277289897 0.00899516627592345 5.451345951662636e-06 1.5129780919525646e-09
0.1 0.6536749394643506 0.0024292523029669846 6.694549230640202e-07 8.129326664987086e-11
0.1 1.3648770825625702 0.025903938946331674 2.7473622724828652e-05 1.4273529212252843e-08
0.1 0.8994264588900567 0.006584916230905585 3.3306757527046296e-06 7.620018500456891e-10
0.1 1.8754860136968161 0.08354673003003063 0.0001401988534938466 1.3433563719659468e-07
