10.0 0.860539377754 0.288909420865 0.216677546251 0.168514830392
10.0 0.538950482975 0.334756868862 0.262517378972 0.213549216477
10.0 1.426437053 0.239825489525 0.168048349402 0.12179488511
10.0 1.94986785838 0.209778147246 0.13881604596 0.0946813683578
10.0 1.34040720918 0.245837220268 0.173959300855 0.12738497034
10.0 1.47085419634 0.236865937636 0.165144448239 0.119060122532
10.0 0.525561629181 0.337230247932 0.264995329223 0.215999091545
10.0 1.47474321464 0.236611194051 0.164894555779 0.118825551413
10.0 2.38361330469 0.190639258523 0.120581425547 0.0783513524387
10.0 2.20159017875 0.198190535927 0.127730569996 0.0846893935592
10.0 1.95992894044 0.209286179106 0.138342701127 0.0942510263102
10.0 0.717472143738 0.306685606747 0.234425037366 0.185872583045
10.0 2.28780834057 0.194535821229 0.124262537522 0.0816035421525
10.0 2.21430849415 0.197642181699 0.127209347212 0.0842242438307
10.0 0.83017323519 0.292417195979 0.220176199066 0.171926940833
10.0 1.76466802765 0.219340502421 0.148051993321 0.103139650279
10.0 0.540967225582 0.334390041959 0.262149884763 0.213185882107
10.0 0.73347453756 0.304526328629 0.232267263486 0.183755789273
10.0 1.13273462323 0.262150612599 0.190074465811 0.142766849055
10.0 0.81582461335 0.294120276333 0.221875739026 0.173586159841
10.0 2.01795917632 0.206497172848 0.135664323632 0.0918214634002
10.0 2.13655071573 0.201047391353 0.130451736221 0.0871244076788
10.0 1.18924898192 0.257425981571 0.185397476078 0.138282947023
10.0 1.13759759372 0.261734696376 0.189662451975 0.142371189544
10.0 0.723322463989 0.305890801042 0.233630419213 0.185093158859
10.0 0.667906286644 0.313698531268 0.241437422597 0.192760762198
10.0 1.92545187138 0.210983878498 0.139976166655 0.0957377808055
10.0 1.69908679252 0.222976979286 0.151582687751 0.106401562324
10.0 0.61134735917 0.32237711217 0.250120928676 0.201310515447
10.0 1.45959456332 0.237607401638 0.165871699857 0.119744334234
10.0 1.30335296126 0.248549412584 0.176631569934 0.129921699902
10.0 2.19595799509 0.198434378909 0.127962593558 0.0848965563423
10.0 1.93569835868 0.210475913253 0.139487529587 0.0952922935321
10.0 1.7041281025 0.222692332622 0.151306001853 0.106145363879
10.0 1.60476764301 0.228469234544 0.156931615858 0.11137096801
10.0 2.39820479549 0.190060177608 0.120035878767 0.0778713753931
10.0 2.47334666072 0.187135208949 0.117286610825 0.075461506875
10.0 1.1761080993 0.258503780475 0.186463703323 0.139303858552
10.0 0.979749358105 0.276259641533 0.204080836765 0.156275597083
10.0 2.09287150798 0.203017364007 0.132332468972 0.0888144164908
10.0 0.627372861549 0.319837684718 0.247579726311 0.198806480443
10.0 1.22923128599 0.254219922874 0.182228254957 0.135253264408
10.0 0.640045605249 0.31787643491 0.245616453713 0.196873452139
10.0 1.1387354141 0.261637680256 0.189566323708 0.142278895172
10.0 0.640765190214 0.317765936354 0.245506485578 0.19676460175
10.0 1.08052733427 0.266734426907 0.194618823553 0.147137046392
10.0 2.08020224687 0.203596713983 0.132886368204 0.089313186103
10.0 2.3108006416 0.193585456396 0.123362933203 0.0808066582295
10.0 2.08524277016 0.203365750055 0.132665505 0.0891141884051
10.0 1.62363742029 0.227344326234 0.155834435284 0.110348883133
10.0 1.73203677015 0.221132016613 0.149790268761 0.104743796617
10.0 1.22296708441 0.25471530193 0.182717469174 0.135720626025
10.0 0.837634597171 0.291543713098 0.219304381097 0.171076528822
10.0 1.37248186733 0.243550725078 0.171709353878 0.125253693798
10.0 1.9656506727 0.209007130684 0.138074727436 0.0940075273889
10.0 0.625775247721 0.320088258678 0.247829938225 0.199053058355
10.0 0.541465957762 0.334299331894 0.262059014637 0.213096136704
10.0 2.04109613283 0.20540835407 0.134620500364 0.0908776387106
10.0 1.09990401886 0.265007237409 0.192905905665 0.145487954111
10.0 1.90232855009 0.212140215584 0.141090574015 0.0967537800739
10.0 1.96933544181 0.208828317264 0.137902558342 0.0938509612155
10.0 2.36580925437 0.19135097915 0.121252334209 0.0789422403602
10.0 1.30065686584 0.248749759663 0.176829058714 0.130109597816
10.0 1.2168758567 0.255199242844 0.183195699895 0.136177554503
10.0 2.11313358186 0.202098274436 0.131454514003 0.088024838497
10.0 2.02898219309 0.205976642539 0.135165246584 0.0913700740646
10.0 1.80522947983 0.217160229745 0.145939889818 0.101195482833
10.0 2.12193314791 0.201702059335 0.131076253337 0.0876848851583
10.0 1.78442971748 0.218271731483 0.147016319613 0.102185624816
10.0 2.41488810565 0.189402513652 0.119416805904 0.0773276249849
10.0 1.1677488429 0.259195867753 0.187148592956 0.139959815033
10.0 1.9765052457 0.208480671237 0.13756860836 0.0935477753377
10.0 2.39966661147 0.190002374319 0.119981437298 0.0778234907387
10.0 1.16872830832 0.259114404431 0.187068197527 0.139882656919
10.0 1.72326399347 0.221619716025 0.150263893702 0.10518143212
10.0 1.23134033515 0.254053846858 0.182063949399 0.135096761164
10.0 1.42308058277 0.240053196077 0.168271723625 0.122005636521
10.0 0.650003986217 0.316362219416 0.244102111839 0.195381997924
10.0 0.538686724596 0.334804910223 0.262565758055 0.213596688531
10.0 2.0192989351 0.206433653716 0.135603333592 0.091766513306
10.0 1.40551832898 0.241252412311 0.169449612225 0.123117411727
10.0 1.74566801531 0.220379344548 0.149059816274 0.104069156355
10.0 1.9799030356 0.208316627292 0.137410804045 0.0934045101706
10.0 1.33732686036 0.246059579864 0.174178387377 0.127592938434
10.0 1.23523525014 0.253747812841 0.181761676346 0.134808039418
10.0 0.838057621182 0.291494002992 0.219255192382 0.171028525587
10.0 2.08774481327 0.203251321565 0.132556087366 0.0890157700277
10.0 2.16607481717 0.199739534465 0.129204937563 0.0860071954004
10.0 1.96842597461 0.208872203002 0.137945006551 0.0938895375216
10.0 2.25058916005 0.196095638505 0.125740731526 0.0829165542429
10.0 1.79611288395 0.217645735539 0.146409927071 0.101627839622
10.0 1.89213234954 0.212654961332 0.141586671393 0.0972067296506
10.0 0.886036160533 0.286059755094 0.213837187173 0.165748411865
10.0 2.03526446988 0.205681496653 0.134882441267 0.0911142013984
10.0 1.1681657886 0.259161322243 0.187114315109 0.139926992359
10.0 1.37591841213 0.24330910542 0.171471393903 0.125028570609
10.0 1.13774047952 0.261722585533 0.189650484598 0.142359604361
10.0 1.63657933785 0.226580300553 0.155090028511 0.109656409054
10.0 1.81738470287 0.216516748071 0.145317199859 0.100623296729
10.0 1.65111708211 0.225729954488 0.154261311224 0.108886103488
10.0 1.13637438797 0.261839226187 0.189765854309 0.142470577497
10.0 0.936006750541 0.280709630549 0.208508247719 0.160568891138
10.0 2.18987706174 0.19869852429 0.128213814113 0.0851210639041
10.0 1.10432937558 0.264617109617 0.192519199495 0.145115957248
10.0 1.37644134175 0.243272378149 0.171435359762 0.124994482397
10.0 0.682829173851 0.3115330073 0.239271577674 0.190631527313
10.0 1.10195833968 0.264825940617 0.192726130494 0.145314938427
10.0 0.671389612027 0.313188786765 0.240927583762 0.192259323782
10.0 1.18742661392 0.257574708691 0.185544633876 0.138423709902
10.0 1.91860203554 0.21132483156 0.140304884334 0.0960371043189
10.0 2.44793651153 0.188113747499 0.11820520633 0.0762651325342
10.0 1.75044968014 0.220116802726 0.148804882514 0.103834081786
10.0 1.03860708036 0.270581810515 0.198437720922 0.150819542772
10.0 1.81341761238 0.216726385559 0.145520008756 0.100809762793
10.0 1.75399563838 0.219922490184 0.148616667062 0.103660265667
10.0 2.15130445814 0.200391563247 0.129826152222 0.0865635183258
10.0 1.56738796379 0.230738263555 0.159147025926 0.113438344437
10.0 2.3222433296 0.193116115879 0.122919167608 0.0804140541446
10.0 1.33100733845 0.246517808047 0.174629708094 0.128020765002
10.0 1.07208933899 0.267496495866 0.195375033116 0.147865229355
10.0 1.53801548318 0.232560719492 0.160928557376 0.115104604696
10.0 2.34490047654 0.192193736365 0.122047798409 0.0796439576139
10.0 1.94782252524 0.209878607275 0.138912482818 0.0947692022751
10.0 1.48782600227 0.235759346832 0.164059734642 0.118040818301
10.0 1.4949927055 0.235295784816 0.1636055958 0.117614592573
10.0 1.79744439657 0.217574514555 0.14634114074 0.101564547839
10.0 1.39554232073 0.241940711725 0.170126145456 0.123756481207
10.0 1.6012789419 0.228678595762 0.157135884209 0.111561429639
10.0 2.44235040726 0.188330266823 0.118408600783 0.0764433334061
10.0 2.36482743788 0.191390353259 0.12128947782 0.0789752436859
10.0 2.18137086078 0.199069339253 0.128566474601 0.0854361876308
10.0 0.754096522223 0.301813268063 0.229556219167 0.181098972452
10.0 1.61304221174 0.227974254409 0.156448723726 0.110921023992
10.0 1.23285442208 0.253934811395 0.181946372794 0.134984338071
10.0 2.32359096855 0.193060909223 0.122867063246 0.0803679817572
10.0 1.12735830621 0.262612618095 0.190532446866 0.143206177019
10.0 2.36153184492 0.191522749451 0.121414380433 0.0790852396368
10.0 0.97669220248 0.276564016058 0.204383261912 0.156568886687
10.0 1.34078154969 0.245810202808 0.173932717217 0.12735973569
10.0 2.41992529468 0.189204893165 0.119230925133 0.0771643824905
10.0 1.69097338093 0.223436866544 0.15202977421 0.106815768054
10.0 2.36429724334 0.191411625135 0.121309557258 0.078992912373
10.0 1.57770058377 0.230106807279 0.158530225085 0.1128620693
10.0 0.956073732389 0.278642347937 0.206450894394 0.158572622251
10.0 1.92592584047 0.210960202094 0.139953731334 0.0957171132726
10.0 1.54314698279 0.23223978707 0.160614686156 0.114810755481
10.0 1.51094633724 0.234272217606 0.162603390296 0.116673961892
10.0 0.772969026511 0.299395397278 0.227141387871 0.178734594215
10.0 0.789838923809 0.29728415469 0.2250334139 0.176672361815
10.0 2.3592102287 0.191616167725 0.121502454525 0.0791628456732
10.0 2.4121165281 0.189511448022 0.119519299445 0.0774175445506
10.0 2.4318617934 0.188738302476 0.118792182482 0.0767792995026
10.0 1.21557848259 0.255302688305 0.183297991791 0.136275315074
10.0 0.591740410382 0.325576635541 0.253324083162 0.204469728715
10.0 1.60785454564 0.22828413836 0.156751126208 0.111202740521
10.0 1.97261894356 0.208668892882 0.137749493733 0.0937119048757
10.0 1.79609294635 0.217646812562 0.146410958027 0.1016287706
10.0 0.605865698229 0.323257248034 0.251005754192 0.202183115674
10.0 0.965765665259 0.277659839188 0.205473289042 0.157624958423
10.0 1.91176851725 0.21166643917 0.140633839198 0.0963371107616
10.0 0.610169664212 0.322566182481 0.250310424561 0.201497217684
10.0 2.19299395429 0.198563153536 0.128084980378 0.0850058600027
10.0 2.47816232316 0.186950942972 0.117113800801 0.0753103866607
10.0 0.995599284966 0.274697260082 0.202527000773 0.154771366012
10.0 0.60823060895 0.322878426718 0.250622920328 0.201805650757
10.0 2.45938661664 0.187671418575 0.117789951575 0.0759015956231
10.0 2.03443256923 0.205720479395 0.134919844719 0.0911480707549
10.0 1.40839560025 0.241054783636 0.169255640779 0.122934239561
10.0 1.45651328047 0.237811442885 0.16607170247 0.119932475866
10.0 2.3310060082 0.192758206322 0.122581063176 0.0801150262528
10.0 1.21166015973 0.255615828433 0.18360738663 0.136570692853
10.0 0.606359657558 0.323180672125 0.250925800891 0.202104237597
10.0 1.72794065845 0.221359497706 0.150010880888 0.104947738053
10.0 1.12508951856 0.262808304541 0.190726233936 0.143392373561
10.0 1.863118086 0.214134760069 0.143014872424 0.0985126140281
10.0 2.3959000595 0.190151397464 0.120121927914 0.0779470517262
10.0 1.22115975679 0.254858635166 0.18285897195 0.13585596281
10.0 0.993996305441 0.274853883981 0.202682920344 0.154922286124
10.0 0.605903736217 0.323254779015 0.250999614501 0.202176827063
10.0 2.16331987906 0.199860861509 0.129320342722 0.0861105894271
10.0 0.656759615431 0.315348367218 0.24308745376 0.194384101848
10.0 2.40435096059 0.189817429721 0.11980708664 0.0776704509826
10.0 1.91229525566 0.211640173849 0.140608494861 0.096313957552
10.0 2.32306569354 0.193082618648 0.122887274965 0.080385950837
10.0 2.12888174183 0.201390279596 0.130778661805 0.0874179194957
10.0 0.881443225706 0.286566915384 0.214342638476 0.166240613643
10.0 0.851806963452 0.289905071728 0.217670458456 0.16948259741
10.0 2.42277554351 0.189093253636 0.119125931916 0.0770721697649
10.0 1.08207595161 0.266595343996 0.194480982953 0.147003913388
10.0 2.08122705195 0.203549777774 0.132841413667 0.0892727342632
10.0 0.841580295656 0.291084494315 0.218846614692 0.170629832747
10.0 1.09818046058 0.26515964128 0.193056833113 0.145633286771
10.0 1.84698028744 0.214968093453 0.143820108222 0.0992500619914
10.0 0.996839364486 0.274575851531 0.202406598664 0.154654867891
10.0 2.00373433833 0.207173018829 0.136312687943 0.092408798387
10.0 2.2585121261 0.195761417939 0.125423743516 0.082634621641
10.0 1.14074489938 0.261466686429 0.189396763418 0.142116223839
10.0 1.09741575273 0.265227284289 0.193124118162 0.145697975708
10.0 0.555465321517 0.331790475025 0.259546608467 0.210612811485
10.0 1.34531994929 0.24548327404 0.173610985443 0.127054732172
