0.5 0.860539377754 1.63146961712 0.148713592644 0.0212993393284
0.5 0.538950482975 2.12080416762 0.504858485736 0.115040726119
0.5 1.426437053 0.856442092749 0.0293788961911 0.00215432170273
0.5 1.94986785838 0.4282466466 0.00966588787256 0.00042778038351
0.5 1.34040720918 0.9617383658 0.0363400546815 0.00292451000628
0.5 1.47085419634 0.805964334839 0.026424964693 0.00184901090468
0.5 0.525561629181 2.14671803957 0.53367854575 0.124432385588
0.5 1.47474321464 0.801676988621 0.0261840252216 0.00182473773037
0.5 2.38361330469 0.26429957126 0.00458847647906 0.000142899829581
0.5 2.20159017875 0.32003358997 0.00617552594051 0.000221515903064
0.5 1.95992894044 0.423028456884 0.00948558218479 0.000416126182371
0.5 0.717472143738 1.83160131414 0.248531151764 0.0431853482582
0.5 2.28780834057 0.291743412724 0.00535109124945 0.00017932586164
0.5 2.21430849415 0.31562344934 0.00604445668454 0.000214710299244
0.5 0.83017323519 1.67351944984 0.165152186883 0.0246186840535
0.5 1.76466802765 0.541468210606 0.0138824114131 0.000726232080308
0.5 0.540967225582 2.11697348179 0.500663415822 0.113696178271
0.5 0.73347453756 1.80868698701 0.234070919816 0.0397750577216
0.5 1.13273462323 1.24617517256 0.0635226258073 0.00648113371323
0.5 0.81582461335 1.69339328632 0.173672883413 0.0263871051639
0.5 2.01795917632 0.39454584555 0.00852273432505 0.000355594744354
0.5 2.13655071573 0.343994835238 0.0069029414999 0.000260894923528
0.5 1.18924898192 1.16596812175 0.0541929719391 0.00517404097511
0.5 1.13759759372 1.2392330854 0.0626467179709 0.00635503100452
0.5 0.723322463989 1.82319536037 0.243125848066 0.0419018285187
0.5 0.667906286644 1.90455815914 0.300438040522 0.0560251006728
0.5 1.92545187138 0.441273554723 0.0101212044638 0.000457632083019
0.5 1.69908679252 0.590551400548 0.015900821506 0.000885240983565
0.5 0.61134735917 1.99332189264 0.375692087794 0.0762119579084
0.5 1.45959456332 0.818498050571 0.0271380081199 0.00192139544146
0.5 1.30335296126 1.00985292559 0.039952366313 0.00334975688882
0.5 2.19595799509 0.322014411041 0.00623460201424 0.000224646033559
0.5 1.93569835868 0.435743240047 0.0099269483429 0.000444821354462
0.5 1.7041281025 0.58659073932 0.0157333868256 0.000871709100703
0.5 1.60476764301 0.6707864183 0.0194778104083 0.0011889313126
0.5 2.39820479549 0.260446433134 0.00448450260725 0.000138126020703
0.5 2.47334666072 0.241826440134 0.00399260701835 0.00011639176595
0.5 1.1761080993 1.18450827033 0.0562047253858 0.00544896526309
0.5 0.979749358105 1.46470275521 0.100555588929 0.0123636732783
0.5 2.09287150798 0.36151261038 0.00745135414509 0.000291971653921
0.5 0.627372861549 1.96740746532 0.352378810221 0.069765030492
0.5 1.22923128599 1.11014239215 0.0485888787965 0.00442986922405
0.5 0.640045605249 1.94737430941 0.335105502039 0.065099416367
0.5 1.1387354141 1.23760974019 0.0624438985269 0.00632592870732
0.5 0.640765190214 1.94624779789 0.334154109662 0.0648452109264
0.5 1.08052733427 1.32091986254 0.0739313534955 0.00802992591129
0.5 2.08020224687 0.366824607038 0.00762034986281 0.000301784229983
0.5 2.3108006416 0.284799251345 0.00515459191902 0.000169638010269
0.5 2.08524277016 0.364698312797 0.00755257252615 0.000297840545988
0.5 1.62363742029 0.653776742477 0.0186886913988 0.00111966595884
0.5 1.73203677015 0.565237841054 0.0148446484364 0.000800905847655
0.5 1.22296708441 1.11882262798 0.0494185752946 0.00453801371756
0.5 0.837634597171 1.66318916458 0.160919280054 0.0237521041722
0.5 1.37248186733 0.921376201815 0.0335308508125 0.00260548836185
0.5 1.9656506727 0.420098945206 0.009384898722 0.00040966341066
0.5 0.625775247721 1.96996084196 0.354627715543 0.0703793930906
0.5 0.541465957762 2.1160290798 0.499631757519 0.113366405219
0.5 2.04109613283 0.383916223371 0.00817272918868 0.000334419233369
0.5 1.09990401886 1.29315087448 0.0698422853895 0.00741075597921
0.5 1.90232855009 0.454101437121 0.0105770656372 0.000488114420893
0.5 1.96933544181 0.418226796544 0.00932074283385 0.000405563081197
0.5 2.36580925437 0.269112509377 0.00471949923541 0.000148985055118
0.5 1.30065686584 1.01341134394 0.0402319145303 0.00338342874494
0.5 1.2168758567 1.12728814737 0.050241939399 0.00464605328424
0.5 2.11313358186 0.353235971499 0.00719041272524 0.000277043667198
0.5 2.02898219309 0.38943206556 0.00835368139264 0.000345348424638
0.5 1.80522947983 0.513637417846 0.0127907426244 0.000644393652355
0.5 2.12193314791 0.349723340664 0.00708063354787 0.00027085097763
0.5 1.78442971748 0.527677598454 0.0133367951585 0.000684968611681
0.5 2.41488810565 0.256138819662 0.00436908446773 0.00013296974016
0.5 1.1677488429 1.19634188438 0.0575318378627 0.00563252185036
0.5 1.9765052457 0.414616090017 0.00919748019862 0.000397720130156
0.5 2.39966661147 0.26006485869 0.00447424013415 0.000137714223353
0.5 1.16872830832 1.19495396708 0.0573743807529 0.00561066194584
0.5 1.72326399347 0.571846414143 0.0151172187303 0.000822437283387
0.5 1.23134033515 1.10722623082 0.0483136580723 0.00439411641423
0.5 1.42308058277 0.860367958041 0.0296181406204 0.0021796368005
0.5 0.650003986217 1.93188877366 0.322210343115 0.0616787392918
0.5 0.538686724596 2.12130684926 0.505409913294 0.115217886252
0.5 2.0192989351 0.393919438264 0.0085019647994 0.000354324581112
0.5 1.40551832898 0.881159216216 0.0309096588873 0.00231777189003
0.5 1.74566801531 0.555154368329 0.0144329070115 0.000768705883429
0.5 1.9799030356 0.412919654977 0.00913971160569 0.000394064715211
0.5 1.33732686036 0.965679462999 0.0366247219581 0.00295742090047
0.5 1.23523525014 1.10184885589 0.0478098352033 0.00432896417832
0.5 0.838057621182 1.66260351692 0.160683218815 0.0237040129483
0.5 2.08774481327 0.363649277042 0.00751918606702 0.000295900129514
0.5 2.16607481717 0.332817146827 0.00656025138902 0.000242070587609
0.5 1.96842597461 0.418687830009 0.00933652657732 0.000406570677328
0.5 2.25058916005 0.303503726797 0.00568917021206 0.0001963143912
0.5 1.79611288395 0.519732089118 0.0130266120226 0.000661814794762
0.5 1.89213234954 0.459914857828 0.0107861205025 0.000502278610972
0.5 0.886036160533 1.59609158556 0.136408759661 0.0188989226353
0.5 2.03526446988 0.386558163889 0.00825918668472 0.000339627622493
0.5 1.1681657886 1.19575099811 0.0574647462445 0.00562320452558
0.5 1.37591841213 0.917127064444 0.0332458525212 0.00257373823747
0.5 1.13774047952 1.23902913462 0.0626212042789 0.00635136806434
0.5 1.63657933785 0.64239280936 0.0181702235635 0.00107481094106
0.5 1.81738470287 0.50565253419 0.0124843853332 0.000622032952747
0.5 1.65111708211 0.629875548746 0.0176087182761 0.00102687897865
0.5 1.13637438797 1.24097860345 0.0628656516133 0.00638648656402
0.5 0.936006750541 1.52634181204 0.115661121322 0.0150285130806
0.5 2.18987706174 0.324172316391 0.00629922832333 0.000228074370317
0.5 1.10432937558 1.28681097635 0.0689472700711 0.00727706002421
0.5 1.37644134175 0.916482037221 0.0332027450009 0.00256901279726
0.5 0.682829173851 1.88221763087 0.283583218418 0.0517560382306
0.5 1.10195833968 1.29020757475 0.0694250640574 0.00734834538745
0.5 0.671389612027 1.89931020035 0.296402201606 0.054994283539
0.5 1.18742661392 1.16853430809 0.0544666638575 0.0052112708102
0.5 1.91860203554 0.445022889856 0.0102536771115 0.000466435215988
0.5 2.44793651153 0.247902414467 0.00415107254716 0.000123285426611
0.5 1.75044968014 0.551669953594 0.0142918631201 0.000757714998281
0.5 1.03860708036 1.38094338581 0.0838183489823 0.00958052774502
0.5 1.81341761238 0.508241019916 0.012583326694 0.000629258603108
0.5 1.75399563838 0.549103497968 0.0141883326606 0.000749724859525
0.5 2.15130445814 0.338344660319 0.00672895602585 0.000251287106976
0.5 1.56738796379 0.705947357254 0.0211646095381 0.00134114732773
0.5 2.3222433296 0.281430714848 0.00506013364093 0.000165112279998
0.5 1.33100733845 0.973798942727 0.0372173072092 0.00302626860228
0.5 1.07208933899 1.33301295048 0.0758025578482 0.00831767546976
0.5 1.53801548318 0.734965628712 0.0226170695559 0.00147649747043
0.5 2.34490047654 0.274926292386 0.00487932537253 0.000156537444225
0.5 1.94782252524 0.429318010543 0.009703038253 0.000430196780211
0.5 1.48782600227 0.787412526798 0.0253929827899 0.00174563665781
0.5 1.4949927055 0.779701944289 0.0249720418595 0.00170403658512
0.5 1.79744439657 0.518836322694 0.0129918277801 0.00065923741416
0.5 1.39554232073 0.893153466235 0.0316740075073 0.00240065747417
0.5 1.6012789419 0.673985027155 0.0196281271074 0.00120227147963
0.5 2.44235040726 0.249267574952 0.00418697756097 0.000124870315044
0.5 2.36482743788 0.269381558958 0.00472685817694 0.000149330349871
0.5 2.18137086078 0.327225035421 0.00639103795798 0.000232975962484
0.5 0.754096522223 1.77948185114 0.216873454863 0.0358187102968
0.5 1.61304221174 0.663266911895 0.0191267547258 0.00115796968178
0.5 1.23285442208 1.10513457507 0.0481170444452 0.00436865546062
0.5 2.32359096855 0.281037732144 0.0050491502026 0.000164583401402
0.5 1.12735830621 1.25385600082 0.0645084088924 0.00662387581209
0.5 2.36153184492 0.270287475151 0.00475166327419 0.000150524485368
0.5 0.97669220248 1.46902855949 0.101530622934 0.0125314874804
0.5 1.34078154969 0.961260179331 0.0363056448173 0.0029205389888
0.5 2.41992529468 0.254858310299 0.00433495970218 0.000131457460601
0.5 1.69097338093 0.596993279654 0.016174897276 0.000907537686374
0.5 2.36429724334 0.269527009387 0.00473083800186 0.000149518895679
0.5 1.57770058377 0.696050190212 0.0206819000963 0.00129711580935
0.5 0.956073732389 1.49813538951 0.108413756063 0.013732871987
0.5 1.92592584047 0.441015679304 0.0101121162126 0.000457032751254
0.5 1.54314698279 0.729806756517 0.0223547191347 0.00145176402184
0.5 1.51094633724 0.762802919113 0.0240652873274 0.00161532782792
0.5 0.772969026511 1.75299917265 0.202431746584 0.0325827818939
0.5 0.789838923809 1.72946985798 0.190480132124 0.0299668060617
0.5 2.3592102287 0.270928273906 0.00476923407505 0.00015134813772
0.5 2.4121165281 0.256847325958 0.00438800230748 0.000133818835882
0.5 2.4318617934 0.251860377144 0.00425540102978 0.000127895890874
0.5 1.21557848259 1.1290943763 0.0504194612047 0.0046694397086
0.5 0.591740410382 2.02602556444 0.406618440619 0.0850289705304
0.5 1.60785454564 0.667970180934 0.0193459048664 0.00117727658424
0.5 1.97261894356 0.416567985099 0.00926403217811 0.000401949291809
0.5 1.79609294635 0.519745518438 0.0130271337399 0.000661853473587
0.5 0.605865698229 2.00234891664 0.384063464774 0.0785688837909
0.5 0.965765665259 1.48446940267 0.105110209587 0.013152702689
0.5 1.91176851725 0.44880545069 0.0103879645891 0.000475396387425
0.5 0.610169664212 1.99525393738 0.377473127125 0.0767115470655
0.5 2.19299395429 0.323063719446 0.00626599991224 0.000226308859354
0.5 2.47816232316 0.240699113986 0.00396341505195 0.000115091516774
0.5 0.995599284966 1.44223063544 0.0956783990651 0.0115333348913
0.5 0.60823060895 1.99844369617 0.380426346832 0.0775421578954
0.5 2.45938661664 0.245137725793 0.00407869896834 0.000120129358453
0.5 2.03443256923 0.386937071406 0.00827162380051 0.000340378864328
0.5 1.40839560025 0.877724474852 0.0306934368863 0.00229443571365
0.5 1.45651328047 0.821959318258 0.0273372353449 0.00194182147409
0.5 2.3310060082 0.278889305237 0.0049892404679 0.000161708026877
0.5 1.21166015973 1.13455594662 0.0509602390739 0.00474088436953
0.5 0.606359657558 2.00153165722 0.383300565387 0.0783531734611
0.5 1.72794065845 0.568311721554 0.0149711551772 0.0008108759441
0.5 1.12508951856 1.25709924266 0.0649300144386 0.00668517361121
0.5 1.863118086 0.477002504041 0.0114093492774 0.000545307469123
0.5 2.3959000595 0.261049664703 0.00450067111562 0.000138861032702
0.5 1.22115975679 1.12133189268 0.0496611492274 0.00456976620424
0.5 0.993996305441 1.44450646702 0.096158448794 0.0116144045047
0.5 0.605903736217 2.00228611548 0.384004649816 0.0785522499622
0.5 2.16331987906 0.333838502429 0.00659132639828 0.00024375909625
0.5 0.656759615431 1.92150178731 0.313787078299 0.0594731537185
0.5 2.40435096059 0.258847498048 0.00444154920662 0.000136261192113
0.5 1.91229525566 0.448512356288 0.0103775369334 0.000474698249956
0.5 2.32306569354 0.281190813677 0.00505342775967 0.000164789310514
0.5 2.12888174183 0.346983767496 0.00699556186611 0.000266128250513
0.5 0.881443225706 1.6024725606 0.138532203642 0.0193078541701
0.5 0.851806963452 1.64356609314 0.153231360078 0.0221991230994
0.5 2.42277554351 0.254137812627 0.00431579641036 0.000130577594859
0.5 1.08207595161 1.31870028808 0.0735940423387 0.00797834121118
0.5 2.08122705195 0.366390900917 0.0076065462818 0.000300971636271
0.5 0.841580295656 1.65772658748 0.158733381514 0.0233077752302
0.5 1.09818046058 1.2956203375 0.0701946855364 0.00746358198026
0.5 1.84698028744 0.48686642501 0.011775176778 0.000571060874132
0.5 0.996839364486 1.44046959493 0.095309014676 0.0114710576621
0.5 2.00373433833 0.401281177432 0.00874715510877 0.000369409862856
0.5 2.2585121261 0.300944732828 0.00561502373879 0.000192548604576
0.5 1.14074489938 1.23474332347 0.0620876488976 0.00627489979771
0.5 1.09741575273 1.29671597455 0.0703517301817 0.00748715719138
0.5 0.555465321517 2.08996416193 0.471589546145 0.104533495777
0.5 1.34531994929 0.955476012981 0.035891618277 0.00287289802971
