5.0 0.860539377754 0.482719522665 0.304344401928 0.212329235688
5.0 0.538950482975 0.572665442534 0.392958890042 0.296522188394
5.0 1.426437053 0.386570295628 0.213025023361 0.130693255119
5.0 1.94986785838 0.3277310875 0.160700833599 0.0880331419064
5.0 1.34040720918 0.398343356099 0.223894780057 0.140004275413
5.0 1.47085419634 0.380773805298 0.207715619835 0.126195174427
5.0 0.525561629181 0.577523979171 0.397789440262 0.301196445574
5.0 1.47474321464 0.380275056542 0.207259876667 0.125810776786
5.0 2.38361330469 0.290288787571 0.129681309859 0.0648640293814
5.0 2.20159017875 0.305053986634 0.141660535276 0.0735911934681
5.0 1.95992894044 0.326767480587 0.159877188871 0.0873949387909
5.0 0.717472143738 0.517570936057 0.338454528307 0.244329632006
5.0 2.28780834057 0.297906035732 0.135817635471 0.0692976677713
5.0 2.21430849415 0.303981381328 0.140778569957 0.0729387609042
5.0 0.83017323519 0.489595258605 0.311044172991 0.218564901767
5.0 1.76466802765 0.346452636597 0.176937054128 0.100842928957
5.0 0.540967225582 0.571944249176 0.392242156874 0.295828953107
5.0 0.73347453756 0.513336011919 0.334291144466 0.240391842805
5.0 1.13273462323 0.430294313221 0.253898765948 0.16634495814
5.0 0.81582461335 0.492934216618 0.314303217389 0.221607598769
5.0 2.01795917632 0.321308320865 0.155234309618 0.0838196253562
5.0 2.13655071573 0.310643343198 0.146284384288 0.0770365775826
5.0 1.18924898192 0.421040113857 0.245139980239 0.158565771638
5.0 1.13759759372 0.429479525382 0.253125559502 0.165655441139
5.0 0.723322463989 0.516011532065 0.336921184594 0.242878106752
5.0 0.667906286644 0.531327256221 0.352008016778 0.257201165053
5.0 1.92545187138 0.330091110698 0.162723350826 0.0896053427651
5.0 1.69908679252 0.353573898073 0.183222382504 0.105912435568
5.0 0.61134735917 0.548357071911 0.368842437448 0.273293361744
5.0 1.45959456332 0.382226220755 0.209043194476 0.127316656255
5.0 1.30335296126 0.403655025244 0.228834139377 0.144278745734
5.0 2.19595799509 0.305531096577 0.142053375345 0.0738823040983
5.0 1.93569835868 0.329097019112 0.161870481778 0.08894152462
5.0 1.7041281025 0.353016571373 0.182728420418 0.10551197615
5.0 1.60476764301 0.364329514531 0.192819740502 0.113763858554
5.0 2.39820479549 0.289157205929 0.128777936909 0.0642179079976
5.0 2.47334666072 0.283442410434 0.12424927409 0.06100630271
5.0 1.1761080993 0.423151413858 0.247133587379 0.160330202144
5.0 0.979749358105 0.457932271866 0.280337856491 0.190216045685
5.0 2.09287150798 0.314497840404 0.149500187656 0.0794567187169
5.0 0.627372861549 0.543373975695 0.363910509016 0.268567810919
5.0 1.22923128599 0.414761069209 0.23922723998 0.153354704373
5.0 0.640045605249 0.539524099787 0.360103738147 0.264926538248
5.0 1.1387354141 0.429289445542 0.252945332345 0.165494626123
5.0 0.640765190214 0.53930788514 0.359890245166 0.26472200826
5.0 1.08052733427 0.439272514796 0.262444349228 0.173999031919
5.0 2.08020224687 0.315631590959 0.150450266271 0.0801753505457
5.0 2.3108006416 0.296047710327 0.134311929241 0.068202457556
5.0 2.08524277016 0.315179668898 0.150071339609 0.0798885436826
5.0 1.62363742029 0.362126589478 0.190844032195 0.112137117388
5.0 1.73203677015 0.349961040343 0.180026634398 0.10332751967
5.0 1.22296708441 0.415730976891 0.240138677365 0.154156052557
5.0 0.837634597171 0.487882246067 0.309373648781 0.217007523941
5.0 1.37248186733 0.393865685912 0.219747645422 0.136436043693
5.0 1.9656506727 0.32622179756 0.159411222332 0.0870344832962
5.0 0.625775247721 0.543864875268 0.364396069219 0.269032607282
5.0 0.541465957762 0.571766355132 0.392065596359 0.295658088639
5.0 2.04109613283 0.319177039106 0.153432820347 0.0824424230311
5.0 1.09990401886 0.435889494234 0.259219204437 0.171103027155
5.0 1.90232855009 0.332354979523 0.164670244672 0.0911251534122
5.0 1.96933544181 0.32587124888 0.15911213626 0.086803260572
5.0 2.36580925437 0.291679604335 0.130794449049 0.0656625197403
5.0 1.30065686584 0.404047510269 0.229199967213 0.144596154771
5.0 1.2168758567 0.416678771161 0.241030300787 0.154940552823
5.0 2.11313358186 0.31269939859 0.147997152146 0.0783230661009
5.0 2.02898219309 0.3202897961 0.154372613613 0.08316021085
5.0 1.80522947983 0.342183597542 0.173197079438 0.0978550012636
5.0 2.12193314791 0.311923986973 0.147350521177 0.0778366728681
5.0 1.78442971748 0.34436026139 0.175101192839 0.0993734955249
5.0 2.41488810565 0.287872133347 0.127754626174 0.0634883531607
5.0 1.1677488429 0.424506654716 0.248414831183 0.161466356646
5.0 1.9765052457 0.32519119476 0.15853232917 0.0863555656942
5.0 2.39966661147 0.289044201203 0.128687842956 0.0641536761391
5.0 1.16872830832 0.424347208025 0.248264259552 0.161332732197
5.0 1.72326399347 0.350915906826 0.18086988891 0.104008233285
5.0 1.23134033515 0.41443573135 0.238921483876 0.15308622471
5.0 1.42308058277 0.38701578667 0.213434403048 0.131041251857
5.0 0.650003986217 0.536553350453 0.357167698187 0.2621222769
5.0 0.538686724596 0.572759723928 0.393053032424 0.296612957878
5.0 2.0192989351 0.321184200846 0.15512923907 0.0837391114996
5.0 1.40551832898 0.389364551839 0.215594884347 0.132882243001
5.0 1.74566801531 0.348487358763 0.178727063944 0.102280673293
5.0 1.9799030356 0.32486966138 0.158258544532 0.0861443331488
5.0 1.33732686036 0.398779106805 0.224299264082 0.140353241786
5.0 1.23523525014 0.413836200408 0.238358540288 0.152592034623
5.0 0.838057621182 0.487785605557 0.309279332715 0.216919707453
5.0 2.08774481327 0.31495578246 0.149883784506 0.079746584974
5.0 2.16607481717 0.308084275638 0.144161717648 0.0754498969399
5.0 1.96842597461 0.325957707129 0.159185879169 0.086860244371
5.0 2.25058916005 0.3009563914 0.138301330182 0.0711143543294
5.0 1.79611288395 0.343134375274 0.174028142101 0.0985170766328
5.0 1.89213234954 0.333362435504 0.165538513052 0.0918050665435
5.0 0.886036160533 0.477135087663 0.29891495231 0.207295231192
5.0 2.03526446988 0.319711902393 0.153884328327 0.0827871334341
5.0 1.1681657886 0.424438814122 0.24835069094 0.161409519497
5.0 1.37591841213 0.393392172665 0.219310160208 0.136060628159
5.0 1.13774047952 0.429455671737 0.253102928022 0.165635256617
5.0 1.63657933785 0.360630843313 0.189505524913 0.11103797945
5.0 1.81738470287 0.34092364341 0.172097397322 0.0969804310622
5.0 1.65111708211 0.358965085768 0.188017643732 0.109819210297
5.0 1.13637438797 0.429683912212 0.253319801574 0.165828513996
5.0 0.936006750541 0.466651005287 0.288753618397 0.197924777438
5.0 2.18987706174 0.306047675574 0.142479077893 0.0741981101157
5.0 1.10432937558 0.435125501585 0.25849172446 0.170450847126
5.0 1.37644134175 0.393320423766 0.219243588968 0.136003729276
5.0 0.682829173851 0.527079148789 0.34781782558 0.25321329477
5.0 1.10195833968 0.435534415761 0.258881065085 0.170799799287
5.0 0.671389612027 0.530327060827 0.351021331219 0.256261258019
5.0 1.18742661392 0.421331550841 0.245414909321 0.158808956732
5.0 1.91860203554 0.33075877412 0.163296841267 0.0900523479829
5.0 2.44793651153 0.285354053964 0.125757847373 0.0620713127093
5.0 1.75044968014 0.347973109851 0.178274248377 0.101916524339
5.0 1.03860708036 0.4468087853 0.269650650945 0.180500404832
5.0 1.81341761238 0.341333942909 0.172455318299 0.0972648445932
5.0 1.75399563838 0.347592757966 0.177939445485 0.10164747351
5.0 2.15130445814 0.30935986883 0.145218566924 0.0762387358604
5.0 1.56738796379 0.368773396598 0.196819791763 0.11707349404
5.0 2.3222433296 0.295130170898 0.133570241801 0.067664827006
5.0 1.33100733845 0.399676563051 0.225132408229 0.141072880119
5.0 1.07208933899 0.440765248485 0.263869378948 0.17528131826
5.0 1.53801548318 0.372342393391 0.20004630466 0.119758636058
5.0 2.34490047654 0.293327315412 0.132117465903 0.0666147807795
5.0 1.94782252524 0.327927580878 0.160868950718 0.0881636007537
5.0 1.48782600227 0.378606522189 0.205737893181 0.12452837289
5.0 1.4949927055 0.37769885313 0.204910931329 0.123832811245
5.0 1.79744439657 0.342995313973 0.173906443746 0.0984200412946
5.0 1.39554232073 0.390712270612 0.216836465367 0.133942751388
5.0 1.6012789419 0.364739665729 0.193188161352 0.114067676478
5.0 2.44235040726 0.285777174047 0.126092579986 0.0623082185066
5.0 2.36482743788 0.291756746823 0.130856237147 0.0657068167729
5.0 2.18137086078 0.306772805151 0.143077492906 0.0746426864496
5.0 0.754096522223 0.508015473931 0.329067383278 0.235462857372
5.0 1.61304221174 0.363360210486 0.191949841917 0.113046899645
5.0 1.23285442208 0.414202408629 0.238702397983 0.152893765805
5.0 2.32359096855 0.295022441686 0.133483265084 0.0676018167085
5.0 1.12735830621 0.431199004603 0.254757845588 0.167111674253
5.0 2.36153184492 0.292015447171 0.131063812201 0.0658560446969
5.0 0.97669220248 0.458528608969 0.280912475884 0.190740668127
5.0 1.34078154969 0.398290477063 0.223845678432 0.139961935464
5.0 2.41992529468 0.287486061075 0.127447696147 0.0632699589359
5.0 1.69097338093 0.354474602379 0.184021409837 0.106560972879
5.0 2.36429724334 0.291798355512 0.130889741749 0.0657308424304
5.0 1.57770058377 0.367536460291 0.195704619971 0.116148492329
5.0 0.956073732389 0.462600671433 0.284840202529 0.194333701282
5.0 1.92592584047 0.33004500184 0.162683769231 0.0895745050061
5.0 1.54314698279 0.371713754742 0.199477073676 0.119283996483
5.0 1.51094633724 0.375694152344 0.203087350126 0.122301988927
5.0 0.772969026511 0.503274609405 0.32441908355 0.231088918518
5.0 0.789838923809 0.499135917847 0.320366635192 0.227284003085
5.0 2.3592102287 0.292197905849 0.13121023081 0.0659613627382
5.0 2.4121165281 0.288084957042 0.127923902488 0.0636089463817
5.0 2.4318617934 0.286574245158 0.126724114133 0.0627559357155
5.0 1.21557848259 0.416881425638 0.241220810124 0.155108236224
5.0 0.591740410382 0.554638068111 0.375064790168 0.279268314702
5.0 1.60785454564 0.363967269945 0.192494580283 0.113495766288
5.0 1.97261894356 0.325559415248 0.158846256721 0.086597833668
5.0 1.79609294635 0.343136459934 0.174030014452 0.0985185313811
5.0 0.605865698229 0.550092326986 0.370560651512 0.274941843519
5.0 0.965765665259 0.460675513622 0.282982128251 0.192632869648
5.0 1.91176851725 0.33142743764 0.163871677469 0.0905009537074
5.0 0.610169664212 0.548728317775 0.369210166906 0.273646085229
5.0 2.19299395429 0.305782708825 0.142260712942 0.0740360442612
5.0 2.47816232316 0.283082403175 0.123965935503 0.0608069150596
5.0 0.995599284966 0.454871001309 0.277390853569 0.187528511097
5.0 0.60823060895 0.54934170268 0.369817246181 0.274228735039
5.0 2.45938661664 0.284490030219 0.125075222232 0.0615887812808
5.0 2.03443256923 0.319788331063 0.153948928805 0.0828364223741
5.0 1.40839560025 0.388977709879 0.215238669828 0.132578241966
5.0 1.45651328047 0.382625497996 0.209408527317 0.127625652921
5.0 2.3310060082 0.294430746923 0.133005951411 0.0672564712407
5.0 1.21166015973 0.417494433338 0.241797815885 0.155616423451
5.0 0.606359657558 0.549935137324 0.370405119965 0.274792725934
5.0 1.72794065845 0.350406387514 0.180419683382 0.103644568775
5.0 1.12508951856 0.431582157023 0.255121835542 0.167436716727
5.0 1.863118086 0.336259952368 0.168043588984 0.0937735847807
5.0 2.3959000595 0.289335493789 0.128920088837 0.0643194653875
5.0 1.22115975679 0.416011750814 0.24040277362 0.154388365526
5.0 0.993996305441 0.455178565524 0.277686551479 0.187797862169
5.0 0.605903736217 0.550080145374 0.370548686372 0.274930328456
5.0 2.16331987906 0.308321518698 0.144357977016 0.0755962795128
5.0 0.656759615431 0.534564060695 0.355203256311 0.260247138077
5.0 2.40435096059 0.288682703918 0.12839968276 0.0639480924994
5.0 1.91229525566 0.331375799201 0.163827271597 0.0904662547585
5.0 2.32306569354 0.295064399979 0.13351715827 0.0676263601372
5.0 2.12888174183 0.311314017164 0.146842518907 0.0774551634161
5.0 0.881443225706 0.478128807443 0.299880099964 0.20818897299
5.0 0.851806963452 0.484671015212 0.306244481463 0.214094951147
5.0 2.42277554351 0.287267870274 0.127274458653 0.0631467270035
5.0 1.08207595161 0.438999905184 0.26218430201 0.173765167034
5.0 2.08122705195 0.31553961298 0.150373117718 0.0801169353683
5.0 0.841580295656 0.486982855319 0.308496542562 0.216190848959
5.0 1.09818046058 0.43618796329 0.259503535153 0.171357971407
5.0 1.84698028744 0.337892019816 0.16945919274 0.0948903107973
5.0 0.996839364486 0.454633665135 0.277162504178 0.187320491078
5.0 2.00373433833 0.322631241945 0.156355688024 0.0846795262723
5.0 2.2585121261 0.30030260149 0.137767718454 0.0707230442034
5.0 1.14074489938 0.428954033081 0.252627313366 0.165211400159
5.0 1.09741575273 0.436320529017 0.25962984044 0.171471199655
5.0 0.555465321517 0.566839074037 0.387170403247 0.290929720206
5.0 1.34531994929 0.397650487418 0.223251966247 0.139449842439
