0.1 0.860539377754 2.65951005032 0.00261062426144 2.47263552606e-05
0.1 0.538950482975 2.93172084189 0.0178166482479 0.000369002033549
0.1 1.426437053 0.427553315108 0.000337472379434 1.19440192082e-06
0.1 1.94986785838 0.115203745098 9.56002325996e-05 1.97244450672e-07
0.1 1.34040720918 0.622743877033 0.000433868206983 1.80571308963e-06
0.1 1.47085419634 0.362536090065 0.000298208599963 9.91269507942e-07
0.1 0.525561629181 2.94801133 0.019794932944 0.000425533542773
0.1 1.47474321464 0.357620740994 0.000295041477519 9.82974463783e-07
0.1 2.38361330469 0.062059251696 4.26071369065e-05 5.98418647638e-08
0.1 2.20159017875 0.0783962215701 5.86398355212e-05 9.46835422286e-08
0.1 1.95992894044 0.113243534718 9.36048626593e-05 1.91944197911e-07
0.1 0.717472143738 2.78552442676 0.00547549368866 7.13058463696e-05
0.1 2.28780834057 0.0699147103031 5.02024220856e-05 7.57770736406e-08
0.1 2.21430849415 0.0770468752522 5.7289029697e-05 9.15646609723e-08
0.1 0.83017323519 2.69194835792 0.00302113569301 3.04837174377e-05
0.1 1.76466802765 0.163880905124 0.000143004543905 3.5074114502e-07
0.1 0.540967225582 2.92939915773 0.0175407329597 0.000361277572834
0.1 0.73347453756 2.7738061849 0.00500381949952 6.27085356058e-05
0.1 1.13273462323 1.82638824091 0.000856893231848 4.85094104318e-06
0.1 0.81582461335 2.70585393324 0.00324325840407 3.37684201192e-05
0.1 2.01795917632 0.102904362621 8.32893479879e-05 1.69249572423e-07
0.1 2.13655071573 0.0859134620492 6.6187952427e-05 1.14638541082e-07
0.1 1.18924898192 1.42127243654 0.000703687365338 3.63893107237e-06
0.1 1.13759759372 1.79395047852 0.000842170499617 4.72990836561e-06
0.1 0.723322463989 2.78127184101 0.00529687944263 6.80019944826e-05
0.1 0.667906286644 2.82089314529 0.0073397084513 0.000107887195404
0.1 1.92545187138 0.12019260484 0.000100594164737 2.11298996036e-07
0.1 1.69908679252 0.189578017042 0.000166576521062 4.0221117755e-07
0.1 0.61134735917 2.86313394864 0.0105607242457 0.000179680244802
0.1 1.45959456332 0.377409913992 0.00030758926089 1.04450203262e-06
0.1 1.30335296126 0.752171771699 0.000485939924361 2.13224064095e-06
0.1 2.19595799509 0.0790056270365 5.92503095383e-05 9.61052910307e-08
0.1 1.93569835868 0.118057740097 9.84605020437e-05 2.05197520372e-07
0.1 1.7041281025 0.187376551227 0.000164598414454 3.8677095191e-07
0.1 1.60476764301 0.240080145051 0.000209652192791 6.02963736444e-07
0.1 2.39820479549 0.0609837883708 4.15763305381e-05 5.77950418387e-08
0.1 2.47334666072 0.0558768662727 3.67209324664e-05 4.85905850641e-08
0.1 1.1761080993 1.51844681921 0.000736026524826 3.89348109077e-06
0.1 0.979749358105 2.46576334935 0.00154209618691 1.15037466075e-05
0.1 2.09287150798 0.0916190089179 7.19133625612e-05 1.35727793457e-07
0.1 0.627372861549 2.85063129145 0.00949263163763 0.000154839876734
0.1 1.22923128599 1.14051307786 0.000615645607512 2.9989960599e-06
0.1 0.640045605249 2.84110818871 0.00874288384517 0.000138065622389
0.1 1.1387354141 1.78625939873 0.000838771384275 4.70274187368e-06
0.1 0.640765190214 2.84057514333 0.00870259139086 0.000137172901979
0.1 1.08052733427 2.1243684957 0.00103718380147 6.42746831801e-06
0.1 2.08020224687 0.0933859319081 7.36942798491e-05 1.45608431496e-07
0.1 2.3108006416 0.0678937957792 4.82245222537e-05 7.15192145858e-08
0.1 2.08524277016 0.0926766935861 7.29792253098e-05 1.412013168e-07
0.1 1.62363742029 0.228330087208 0.00020004051644 5.60367944423e-07
0.1 1.73203677015 0.175908030399 0.000154127738665 3.91816918136e-07
0.1 1.22296708441 1.18194028181 0.000628491968963 3.08567867307e-06
0.1 0.837634597171 2.68438157853 0.00291318978235 2.89282846203e-05
0.1 1.37248186733 0.536021820834 0.000394338202755 1.56619308251e-06
0.1 1.9656506727 0.112152204716 9.25062673166e-05 1.89063428465e-07
0.1 0.625775247721 2.85185234028 0.00959281277959 0.000157130048839
0.1 0.541465957762 2.92882996313 0.0174733595942 0.000359394124199
0.1 2.04109613283 0.0991940344427 7.95501307746e-05 1.56991743904e-07
0.1 1.09990401886 2.0249819861 0.000965201012041 5.7857583416e-06
0.1 1.90232855009 0.125243208768 0.000105622995018 2.26161741664e-07
0.1 1.96933544181 0.111458229884 9.18905764202e-05 1.87261683083e-07
0.1 2.36580925437 0.0634118656621 4.39122052189e-05 6.24652806819e-08
0.1 1.30065686584 0.763063708683 0.000489978968848 2.15878883126e-06
0.1 1.2168758567 1.22332192641 0.000641306713139 3.1728035352e-06
0.1 2.11313358186 0.0889003251934 6.91748209076e-05 1.24620779826e-07
0.1 2.02898219309 0.101109753922 8.14811416076e-05 1.68445202967e-07
0.1 1.80522947983 0.150689333857 0.000130491552801 3.06633405505e-07
0.1 2.12193314791 0.0877590260928 6.8025698665e-05 1.20626878983e-07
0.1 1.78442971748 0.157230012566 0.000136719675161 3.37405328074e-07
0.1 2.41488810565 0.0597892324848 4.0435505373e-05 5.55635895494e-08
0.1 1.1677488429 1.58011521048 0.000757567966742 4.06399360528e-06
0.1 1.9765052457 0.110127327493 9.05547405645e-05 1.83882295785e-07
0.1 2.39966661147 0.060877640873 4.14749144571e-05 5.75949485978e-08
0.1 1.16872830832 1.57291527814 0.000755003540429 4.04362203586e-06
0.1 1.72326399347 0.179387424893 0.000157354701074 3.82263029435e-07
0.1 1.23134033515 1.12683923018 0.000611500130502 2.97015310417e-06
0.1 1.42308058277 0.433230418136 0.000340691417645 1.21061166963e-06
0.1 0.650003986217 2.83379334403 0.00820556659715 0.000126253400154
0.1 0.538686724596 2.93202688578 0.017853131331 0.000370027929443
0.1 2.0192989351 0.102683558734 8.30669188657e-05 1.69024178866e-07
0.1 1.40551832898 0.465030760869 0.000358214418428 1.35873079202e-06
0.1 1.74566801531 0.170715115913 0.000149338719518 3.74004282511e-07
0.1 1.9799030356 0.109505351629 8.99301635573e-05 1.82342547465e-07
0.1 1.33732686036 0.632192919738 0.000437919981534 1.8309930467e-06
0.1 1.23523525014 1.10196490701 0.000603719600012 2.91754621602e-06
0.1 0.838057621182 2.6839452136 0.00290721556664 2.88423134301e-05
0.1 2.08774481327 0.0923276944201 7.26274937557e-05 1.39279295136e-07
0.1 2.16607481717 0.0823668075297 6.2625604675e-05 1.04181140752e-07
0.1 1.96842597461 0.111628878827 9.20617788404e-05 1.87702399836e-07
0.1 2.25058916005 0.0733910619323 5.36297712948e-05 8.33220687698e-08
0.1 1.79611288395 0.153501088443 0.000133184102308 3.20055397277e-07
0.1 1.89213234954 0.127579323796 0.000107939578511 2.33199937059e-07
0.1 0.886036160533 2.62838037168 0.00231857852388 2.08194492692e-05
0.1 2.03526446988 0.100109055965 8.0472508511e-05 1.58652074835e-07
0.1 1.1681657886 1.57705138447 0.000756474995368 4.05530867703e-06
0.1 1.37591841213 0.527859044947 0.000390374647008 1.5428638364e-06
0.1 1.13774047952 1.79298536983 0.000841742700898 4.72650736477e-06
0.1 1.63657933785 0.220806121793 0.000193745222984 5.32554987977e-07
0.1 1.81738470287 0.147067972364 0.000127025454332 2.9475567474e-07
0.1 1.65111708211 0.21282727516 0.000186962530228 5.02134649713e-07
0.1 1.13637438797 1.80217545789 0.000845843892449 4.75869069067e-06
0.1 0.936006750541 2.55328869223 0.00185576570392 1.50822376103e-05
0.1 2.18987706174 0.0796719614825 5.99182152722e-05 9.76691195698e-08
0.1 1.10432937558 2.00041392099 0.000949642884057 5.64629848142e-06
0.1 1.37644134175 0.52663414593 0.000389775893141 1.53935123098e-06
0.1 0.682829173851 2.81027298629 0.00670435574212 9.49869542981e-05
0.1 1.10195833968 2.01366411858 0.000957939353793 5.72061857194e-06
0.1 0.671389612027 2.81840749017 0.00718484690804 0.000104731340885
0.1 1.18742661392 1.43471017944 0.000708064547156 3.67347845652e-06
0.1 1.91860203554 0.121654312822 0.000102052339241 2.15542599259e-07
0.1 2.44793651153 0.0575272499686 3.82907601854e-05 5.14664528363e-08
0.1 1.75044968014 0.16895221015 0.000147777308114 3.67982311532e-07
0.1 1.03860708036 2.29737801736 0.00121748046424 8.13023611186e-06
0.1 1.81341761238 0.148234344105 0.000128149579332 2.98568644432e-07
0.1 1.75399563838 0.167663857109 0.000146544867985 3.63590240199e-07
0.1 2.15130445814 0.0841118376018 6.43893540526e-05 1.09188446303e-07
0.1 1.56738796379 0.266514267276 0.000230663670157 6.97056422937e-07
0.1 2.3222433296 0.0669217196463 4.72768519295e-05 6.95112895593e-08
0.1 1.33100733845 0.652267231322 0.000446341018292 1.8842538698e-06
0.1 1.07208933899 2.16359833665 0.00107065472709 6.73675981956e-06
0.1 1.53801548318 0.290833222206 0.000248809806697 7.9328263715e-07
0.1 2.34490047654 0.0650597317629 4.55102661072e-05 6.57319630859e-08
0.1 1.94782252524 0.115608906554 9.60068263868e-05 1.98357542975e-07
0.1 1.48782600227 0.341862739119 0.00028464271337 9.31486971195e-07
0.1 1.4949927055 0.333708109534 0.000279173563726 9.05349829731e-07
0.1 1.79744439657 0.153085171945 0.000132786499806 3.14551172406e-07
0.1 1.39554232073 0.484806812889 0.000368670268287 1.41776116832e-06
0.1 1.6012789419 0.242361542009 0.000211494622392 6.1115752153e-07
0.1 2.44235040726 0.0579001411367 3.86432468678e-05 5.21299652083e-08
0.1 2.36482743788 0.063487785012 4.39857155574e-05 6.26141062039e-08
0.1 2.18137086078 0.0806189366966 6.08683016959e-05 9.93750960675e-08
0.1 0.754096522223 2.75820229701 0.00446843413242 5.34006044864e-05
0.1 1.61304221174 0.234808319812 0.00020541491499 5.83944440745e-07
0.1 1.23285442208 1.11711005483 0.00060845141173 2.94959555271e-06
0.1 2.32359096855 0.0668086626934 4.71665988499e-05 6.9279270615e-08
0.1 1.12735830621 1.86140913953 0.000873536195938 4.99479861781e-06
0.1 2.36153184492 0.0637436530016 4.42335333731e-05 6.31168998137e-08
0.1 0.97669220248 2.47273642394 0.00156175758247 1.17183224214e-05
0.1 1.34078154969 0.621610204363 0.000433379011067 1.80267046848e-06
0.1 2.41992529468 0.0594356734977 4.0099887706e-05 5.49119026315e-08
0.1 1.69097338093 0.193210672696 0.000169822642051 4.15175874511e-07
0.1 2.36429724334 0.0635288412302 4.4025472394e-05 6.26946579308e-08
0.1 1.57770058377 0.258760008923 0.000224559240432 6.69687755818e-07
0.1 0.956073732389 2.51620872963 0.00170284022289 1.32965103365e-05
0.1 1.92592584047 0.120092498967 0.000100494221769 2.11010266122e-07
0.1 1.54314698279 0.286326978969 0.000245531821099 7.77671647706e-07
0.1 1.51094633724 0.316662540159 0.00026744292984 8.49939678573e-07
0.1 0.772969026511 2.74324460222 0.00404004852901 4.62568817815e-05
0.1 0.789838923809 2.72917056459 0.00369988812856 4.07931897607e-05
0.1 2.3592102287 0.063924891297 4.44091166151e-05 6.34741154649e-08
0.1 2.4121165281 0.0599851631956 4.06212723701e-05 5.59264696935e-08
0.1 2.4318617934 0.0586107087508 3.93161460353e-05 5.34072280437e-08
0.1 1.21557848259 1.23226586568 0.00064407822375 3.19054594866e-06
0.1 0.591740410382 2.87938435363 0.0120827957239 0.000216657660645
0.1 1.60785454564 0.238090890238 0.00020808776799 5.95801829704e-07
0.1 1.97261894356 0.110845567938 9.12757775285e-05 1.85692787995e-07
0.1 1.79609294635 0.153507330037 0.000133190067306 3.20081141109e-07
0.1 0.605865698229 2.86755781377 0.0109605844354 0.00018920533163
0.1 0.965765665259 2.49651378208 0.00163469958729 1.25248647137e-05
0.1 1.91176851725 0.123141070297 0.000103533183872 2.19909340568e-07
0.1 0.610169664212 2.86407736739 0.0106450624004 0.000181681317392
0.1 2.19299395429 0.0793293242127 5.95747127755e-05 9.68637763987e-08
0.1 2.47816232316 0.0555723446956 3.64361890377e-05 4.80712486183e-08
0.1 0.995599284966 2.42715531479 0.00144497996314 1.04733393547e-05
0.1 0.60823060895 2.86563888863 0.0107857104589 0.000185033210912
0.1 2.45938661664 0.0567743405172 3.7580790125e-05 5.014201441e-08
0.1 2.03443256923 0.100240667932 8.0605173325e-05 1.5892057358e-07
0.1 1.40839560025 0.459567178065 0.000355267773469 1.3422413743e-06
0.1 1.45651328047 0.381655261857 0.000310223501393 1.05301338792e-06
0.1 2.3310060082 0.0661918790184 4.66117795057e-05 6.80191857801e-08
0.1 1.21166015973 1.25953535849 0.000652540154763 3.23884913606e-06
0.1 0.606359657558 2.86715571188 0.0109237178119 0.000188322121829
0.1 1.72794065845 0.17751887783 0.000155645583604 3.973651323e-07
0.1 1.12508951856 1.87590933993 0.000880687166388 5.05581524598e-06
0.1 1.863118086 0.134622371454 0.000114898002098 2.54917791555e-07
0.1 2.3959000595 0.0611517272005 4.17349281509e-05 5.81123286745e-08
0.1 1.22115975679 1.19410923262 0.000632260545642 3.11075968973e-06
0.1 0.993996305441 2.43125688448 0.00145444743378 1.05737956582e-05
0.1 0.605903736217 2.86752682206 0.01095774436 0.000189137143102
0.1 2.16331987906 0.0826879357324 6.29491920321e-05 1.0508560681e-07
0.1 0.656759615431 2.82889388146 0.00786438134413 0.000118916757184
0.1 2.40435096059 0.0605394563759 4.11445910022e-05 5.69597266843e-08
0.1 1.91229525566 0.123025438927 0.000103418094669 2.19567965964e-07
0.1 2.32306569354 0.0668526940116 4.72095386734e-05 6.93695949533e-08
0.1 2.12888174183 0.0868740036249 6.71348002744e-05 1.1769406661e-07
0.1 0.881443225706 2.63429153153 0.00236803340714 2.14669106947e-05
0.1 0.851806963452 2.66930434504 0.00272111939118 2.62587171729e-05
0.1 2.42277554351 0.0592370531403 3.99109734182e-05 5.45475822116e-08
0.1 1.08207595161 2.11690759404 0.00103116311356 6.37037995564e-06
0.1 2.08122705195 0.0932410007446 7.3548194806e-05 1.44641946947e-07
0.1 0.841580295656 2.68027980409 0.00285804750014 2.81705423664e-05
0.1 1.09818046058 2.03436096094 0.000971328799725 5.84095786555e-06
0.1 1.84698028744 0.138814006389 0.000118998927599 2.68147641284e-07
0.1 0.996839364486 2.42395038447 0.00143770865391 1.03963892149e-05
0.1 2.00373433833 0.105295932578 8.56974802563e-05 1.72918281348e-07
0.1 2.2585121261 0.0726287658148 5.28811023193e-05 8.16426004317e-08
0.1 1.14074489938 1.77259072558 0.000832809998147 4.6546647514e-06
0.1 1.09741575273 2.0384881847 0.000974070860687 5.86561373751e-06
0.1 0.555465321517 2.91359416151 0.0157092815704 0.000310846860091
0.1 1.34531994929 0.608112666306 0.00042750259981 1.76628027481e-06
