0.1 1.30349928336 2.44514659138 0.00237248473392 7.53700226665e-06
0.1 1.29793869354 2.44962686981 0.00241697621546 7.7345566429e-06
0.1 1.98472279535 0.750630881817 0.000397658365742 5.95881712122e-07
0.1 1.85922911328 1.09533149129 0.000522716550369 8.5880512097e-07
0.1 1.3458222134 2.40764197085 0.00206575348996 6.22074521272e-06
0.1 1.21637344402 2.50530845588 0.00320935306302 1.14395437167e-05
0.1 1.27613531465 2.46628435549 0.00260194483243 8.57041210944e-06
0.1 1.2640987988 2.4748911421 0.0027117208493 9.07624755918e-06
0.1 1.08057080986 2.56614627074 0.00542990089836 2.3395217776e-05
0.1 1.15786709087 2.53561833019 0.00398907548162 1.54066592154e-05
0.1 1.29899663974 2.44878193498 0.00240843068742 7.69650998952e-06
0.1 1.22220364308 2.50188898086 0.00314277205721 1.11272102976e-05
0.1 1.10275828855 2.55835877881 0.00495661546695 2.06816248462e-05
0.1 1.71913771733 1.60323169176 0.000726614695376 1.41127993129e-06
0.1 1.71919863743 1.60301056315 0.000726505712839 1.41097629364e-06
0.1 1.75560304732 1.46871119896 0.000665092651317 1.24240681389e-06
0.1 1.86793858576 1.06681238741 0.000512544954817 8.34612129071e-07
0.1 1.8522991864 1.11846426421 0.00053092680761 8.78533077315e-07
0.1 1.28077758066 2.46285550988 0.0025611021992 8.38405988914e-06
0.1 1.15420322627 2.53729316802 0.00404556037781 1.57058570066e-05
0.1 1.37471682335 2.3781835009 0.00188453167545 5.47100475753e-06
0.1 1.68801592229 1.71318319406 0.000784853653836 1.57678061224e-06
0.1 1.72479796626 1.58265325658 0.000716609896918 1.38338906828e-06
0.1 1.83835291275 1.16612471536 0.000548037674299 9.19697745351e-07
0.1 1.84817139559 1.13242115814 0.000535937775313 8.90508138384e-07
0.1 1.23039272422 2.4969523514 0.00305204786732 1.06872446746e-05
0.1 1.04537190728 2.57706575627 0.00630587505258 2.85422322124e-05
0.1 1.76221782588 1.44400023957 0.000654647331091 1.21436964677e-06
0.1 1.68655318996 1.71819462994 0.000787734731558 1.58509487532e-06
0.1 1.73453419641 1.54694403036 0.000699806265947 1.33689821676e-06
0.1 1.78127267435 1.37283364693 0.00062568853313 1.13763088008e-06
0.1 1.92639297865 0.892889876692 0.000450463099505 6.86990329154e-07
0.1 1.03871764148 2.57894344818 0.0064913055607 2.96643805387e-05
0.1 1.94196617651 0.851900617971 0.000435536864119 6.52640281228e-07
0.1 1.39428167246 2.35621853711 0.00177323916208 5.02300741972e-06
0.1 1.32422954515 2.42755593428 0.00221561817854 6.85959448564e-06
0.1 1.51910576026 2.16651105715 0.00122789917591 2.97760300616e-06
0.1 1.58138746506 2.02964043779 0.00103478525485 2.33713508918e-06
0.1 1.45140691096 2.28120861928 0.00149223791171 3.93877062192e-06
0.1 1.13740904702 2.54466065775 0.00431763694706 1.71820816277e-05
0.1 1.35512378498 2.3985257408 0.00200510779709 5.96702963924e-06
0.1 1.21425092348 2.50653414447 0.00323406058798 1.15620477606e-05
0.1 1.79918460566 1.30648646468 0.000599921515777 1.07057595474e-06
0.1 1.16190327738 2.53374505506 0.00392812844888 1.50846277423e-05
0.1 1.86234860658 1.08504444512 0.000519034980967 8.50069467357e-07
0.1 1.55178464 2.09886172292 0.00112137793498 2.61923128083e-06
0.1 1.95365146085 0.822611558968 0.000424742580094 6.5710351136e-07
0.1 1.57575050718 2.04343142125 0.00105062370603 2.38802864317e-06
0.1 1.00004913778 2.58877393836 0.00771956401136 3.73045591865e-05
0.1 1.75852056442 1.45781658037 0.000660460330582 1.22994857017e-06
0.1 1.68960533432 1.70772074406 0.00078173808224 1.56780329351e-06
0.1 1.78972909831 1.34140451089 0.000613362478949 1.1053865273e-06
0.1 1.75080641668 1.48660172003 0.000672796159391 1.26321138171e-06
0.1 1.2435000213 2.48871571717 0.00291358160896 1.00242882297e-05
0.1 1.55168707292 2.09907702481 0.00112167813078 2.62022414591e-06
0.1 1.40687650613 2.34113723185 0.00170586938479 4.75723296336e-06
0.1 1.09910689483 2.55969110118 0.00503077401537 2.11057603072e-05
0.1 1.63614414227 1.88014571818 0.000895646903369 1.90279058368e-06
0.1 1.27769815846 2.46513694278 0.00258810359136 8.50714934327e-06
0.1 1.97443413769 0.773539766109 0.00040639102147 6.15450713663e-07
0.1 1.91540214151 0.923182464376 0.000461385079056 7.12470545571e-07
0.1 1.6615517072 1.80125050896 0.000839085078051 1.73533043572e-06
0.1 1.1825251712 2.5236904842 0.00363390939404 1.35808945816e-05
0.1 1.42493021263 2.31813738385 0.00161489418136 4.40404112524e-06
0.1 1.92203621631 0.904761585122 0.000454753323617 6.9697176584e-07
0.1 1.01173707519 2.58599169789 0.00731917981908 3.47900801175e-05
0.1 1.8277113752 1.20340529571 0.000561536443753 9.84168922003e-07
0.1 1.43731893234 2.30135224037 0.00155601856287 4.17894490665e-06
0.1 1.68418283109 1.72628104882 0.000792431869495 1.59867580061e-06
0.1 1.53428750634 2.13617616055 0.00117699619878 2.80447442021e-06
0.1 1.05131021255 2.57534066001 0.00614618934077 2.75923004615e-05
0.1 1.76702236383 1.42603863013 0.000647188197862 1.19446749808e-06
0.1 1.48568099706 2.22708799424 0.00135046060342 3.40424469627e-06
0.1 1.90786127119 0.944617949465 0.000469071558182 7.30428615368e-07
0.1 1.90471544214 0.953717831624 0.000472325575812 7.37930836551e-07
0.1 1.29719691477 2.45021745524 0.00242299077603 7.76136373416e-06
0.1 1.731887849 1.55668539541 0.00070431825219 1.34935225246e-06
0.1 1.35925427414 2.39436807806 0.00197891497945 5.85824116153e-06
0.1 1.86346303681 1.08138882535 0.000517732419696 8.4696883298e-07
0.1 1.35867556511 2.39495468417 0.00198255866684 5.87334307785e-06
0.1 1.08023902449 2.56625723018 0.00543740611769 2.34386641115e-05
0.1 1.08596017253 2.56432180154 0.00530981572162 2.27022351095e-05
0.1 1.58584915322 2.01851717225 0.0010224748897 2.29774047573e-06
0.1 1.84101562074 1.15691759018 0.000544717065672 9.11681942684e-07
0.1 1.4923173003 2.21570652038 0.00132497854866 3.3142013093e-06
0.1 1.77367121738 1.40119047046 0.000637049420392 1.16754822776e-06
0.1 1.63644673745 1.87924099586 0.000894945569808 1.90066370916e-06
0.1 1.89931394 0.969556447425 0.000477978431481 7.50293630876e-07
0.1 1.42519170853 2.31779174037 0.0016136219704 4.39914938404e-06
0.1 1.01646526213 2.58482111094 0.00716476734815 3.38295386025e-05
0.1 1.20391637509 2.51235891363 0.00335791683802 1.21809478901e-05
0.1 1.0172499487 2.58462386537 0.00713956689539 3.36731470343e-05
0.1 1.93103658313 0.880431269831 0.000445946172313 6.76531061004e-07
0.1 1.2083014326 2.50991612099 0.00330464153806 1.19138840652e-05
0.1 1.44925280454 2.28436396358 0.00150176875875 3.97445042985e-06
0.1 1.24306238844 2.48899756706 0.00291807347832 1.00456401907e-05
0.1 1.12038908884 2.55163292511 0.00461743420335 1.88064652155e-05
0.1 1.70784241571 1.64381474071 0.000747079637494 1.46890969262e-06
0.1 1.15141846944 2.53854936394 0.00408913578909 1.59377513928e-05
0.1 1.54281103228 2.11832119894 0.001149544044 2.71240158838e-06
0.1 1.62467604065 1.91380541762 0.000922743185293 1.98545653644e-06
0.1 1.98284637462 0.754742068568 0.000399233327522 5.9940017987e-07
0.1 1.28648812932 2.45855155373 0.0025119658332 8.1611422094e-06
0.1 1.82631642914 1.20834550924 0.000563340645354 9.88727662814e-07
0.1 1.68927056152 1.70887280837 0.000782392979741 1.56968924311e-06
0.1 1.09360356957 2.56166086462 0.00514525334643 2.17589255411e-05
0.1 1.54760090712 2.10801974876 0.00113447036067 2.66220028613e-06
0.1 1.80487652001 1.28561571912 0.000592006562382 1.06203253617e-06
0.1 1.20569793609 2.51137152721 0.00333614174035 1.20716442175e-05
0.1 1.50125050369 2.19989158231 0.001291611859 3.19729547277e-06
0.1 1.91402260077 0.927064216258 0.000462779360279 7.1573470049e-07
0.1 1.12580431372 2.54946692703 0.00451947743402 1.82663689198e-05
0.1 1.16586205379 2.53187818631 0.00386941470272 1.48045549954e-05
0.1 1.46561366718 2.25968958061 0.00143136684818 3.71244922834e-06
0.1 1.39040689523 2.36070644833 0.00179452511925 5.10822885288e-06
0.1 1.73437530122 1.54752960841 0.000700076375165 1.33764220823e-06
0.1 1.46360217047 2.26281264814 0.00143980933577 3.74356708478e-06
0.1 1.26116848128 2.47692602521 0.00273933280752 9.20456469947e-06
0.1 1.71065897809 1.63375972574 0.000741900563478 1.4542882146e-06
0.1 1.75932144404 1.45482450718 0.000659195695057 1.22655425733e-06
0.1 1.15261104791 2.53801289504 0.00407040341657 1.58379617347e-05
0.1 1.08383608062 2.56504610696 0.00535673698734 2.29725206526e-05
0.1 1.23716563312 2.49274889557 0.00297946168167 1.03385398574e-05
0.1 1.03634837439 2.57959860744 0.0065590065726 3.00759179373e-05
0.1 1.57895977909 2.0356157953 0.0010415617247 2.35889822794e-06
0.1 1.50276834053 2.19714692956 0.00128589572896 3.17790795263e-06
0.1 1.20279897056 2.51297470009 0.00337166633899 1.22500720851e-05
0.1 1.61949975751 1.92859113032 0.000935310522754 2.02411995475e-06
0.1 1.60855435952 1.95901805935 0.000962600390865 2.10876960961e-06
0.1 1.52868017247 2.1475960631 0.00119550681432 2.86702310894e-06
0.1 1.97763527167 0.766315581783 0.000403648456107 6.09289242757e-07
0.1 1.28472451744 2.4598912965 0.00252701265177 8.22926099465e-06
0.1 1.11088413286 2.55531995232 0.0047964875876 1.98002973705e-05
0.1 1.82469161079 1.2141147078 0.000565451352884 9.94069234608e-07
0.1 1.59755611232 1.98844629673 0.00099103695519 2.1979690108e-06
0.1 1.04242711348 2.57790335728 0.00638709029858 2.90328049112e-05
0.1 1.99099418071 0.737101739518 0.000392450740652 5.84283079277e-07
0.1 1.90196238494 0.961756478603 0.000475196205567 7.44385406208e-07
0.1 1.34582375329 2.40764048929 0.00206574326577 6.22070218248e-06
0.1 1.03490274736 2.57999487437 0.00660075792819 3.03302259726e-05
0.1 1.68278071874 1.73104434016 0.000795226883583 1.60677236009e-06
0.1 1.05958500867 2.57285938303 0.00593200113047 2.63111114479e-05
0.1 1.42139661465 2.32277239432 0.00163221026196 4.47075419091e-06
0.1 1.77756836927 1.38664262792 0.000631192932211 1.15209755612e-06
0.1 1.06926414912 2.56983937318 0.00569339692497 2.48576716281e-05
0.1 1.78887549087 1.34456953163 0.000614594568818 1.10859291896e-06
0.1 1.01792109603 2.58445520726 0.00711808646665 3.35400555168e-05
0.1 1.13701116878 2.54482918219 0.0043244093288 1.7218297915e-05
0.1 1.6892179753 1.70905370164 0.000782495951981 1.56998572661e-06
0.1 1.0793178386 2.56656462325 0.00545831339629 2.35597762473e-05
0.1 1.16717233504 2.5312537708 0.00385022708324 1.47037050198e-05
0.1 1.73486408963 1.54572800154 0.000699246098487 1.33535510398e-06
0.1 1.01401793089 2.58543015893 0.00724418339031 3.43227907732e-05
0.1 1.67594966997 1.75403338275 0.000809019075125 1.6469015836e-06
0.1 1.62555865539 1.91125876478 0.000920621511802 1.9789492914e-06
0.1 1.64021798259 1.86789209434 0.000886262489249 1.87438500569e-06
0.1 1.68373610596 1.72779999601 0.000793321093663 1.60125031399e-06
0.1 1.800477826 1.30173373057 0.000598111612112 1.07785173525e-06
0.1 1.75385128883 1.4752486051 0.000667893346442 1.24995795448e-06
0.1 1.4620997586 2.26512884266 0.0014461561227 3.7670051773e-06
0.1 1.71382600981 1.62240082187 0.000736179413169 1.43804818216e-06
0.1 1.72259119689 1.59069345677 0.00072049842861 1.3941861336e-06
0.1 1.11674203507 2.55306476176 0.00468511092619 1.91807557604e-05
0.1 1.68538231898 1.72219426027 0.000790050452646 1.59178664905e-06
0.1 1.9941754082 0.730362324748 0.000389841804712 5.78493150641e-07
0.1 1.87091185871 1.05722253975 0.000509135922109 8.26471738955e-07
0.1 1.06611946132 2.57083469062 0.00576956083258 2.53059384815e-05
0.1 1.37110081598 2.38205827256 0.00190614972982 5.5588194194e-06
0.1 1.34464230585 2.40877480347 0.00207360589131 6.25381829741e-06
0.1 1.0300644388 2.58130244904 0.00674296868976 3.11995596957e-05
0.1 1.37677434645 2.37595397664 0.00187241646325 5.42176009498e-06
0.1 1.09029420649 2.56282378722 0.00521569429848 2.21618601371e-05
0.1 1.54592798485 2.11163994209 0.00113970660393 2.67961031037e-06
0.1 1.76138350875 1.44711871849 0.000655953499475 1.2178649459e-06
0.1 1.74077065486 1.52389772047 0.00068930571479 1.30807559926e-06
0.1 1.87232848894 1.05268007763 0.000507521862119 8.22605334246e-07
0.1 1.20637668727 2.51099355445 0.00332789282122 1.20302909522e-05
0.1 1.41798968667 2.32717879221 0.00164912767374 4.53616672049e-06
0.1 1.15437599397 2.5372147589 0.00404287608601 1.56915988807e-05
0.1 1.14726550368 2.54039703175 0.00415524676938 1.62909638083e-05
0.1 1.4779984179 2.2398855763 0.00138073711334 3.51202369283e-06
0.1 1.41982373699 2.32481419913 0.00163999322539 4.50081892049e-06
0.1 1.56574850432 2.06718779551 0.00107944646732 2.48152246487e-06
0.1 1.65951825566 1.80777732543 0.00084344370178 1.74825584957e-06
0.1 1.44892673928 2.28483921617 0.00150321811198 3.97988343843e-06
0.1 1.69835510326 1.67733163486 0.000764862796863 1.51942674214e-06
0.1 1.10610105562 2.55712111995 0.0048899277992 2.03020291541e-05
0.1 1.09068676704 2.56268674741 0.00520727461977 2.21136321333e-05
0.1 1.90055783578 0.965884928157 0.000476669165649 7.47577188914e-07
0.1 1.48928595335 2.22094339515 0.00133654231623 3.3549866917e-06
0.1 1.28759536168 2.45770598897 0.00250257696794 8.11869941604e-06
0.1 1.641151113 1.86506543832 0.000884130354297 1.86794756674e-06
0.1 1.58307158656 2.02546320892 0.00103011679598 2.32217404212e-06
0.1 1.3236833272 2.42803804399 0.00221958433978 6.87671110601e-06
0.1 1.50693347696 2.18952789816 0.00127078833313 3.12539962627e-06
0.1 1.22724088361 2.49887100986 0.00308658953539 1.08541512916e-05
0.1 1.9174719509 0.917391887437 0.000459303036113 7.0759820005e-07
0.1 1.67511854305 1.7568054688 0.000810717486384 1.65186251214e-06
0.1 1.66907888563 1.77678154842 0.000823194937851 1.68843506598e-06
0.1 1.40886301277 2.33868792521 0.00169554815161 4.71682828182e-06
0.1 1.66117499214 1.80246239341 0.000839890414949 1.73771663691e-06
0.1 1.02552232917 2.58250261331 0.0068805112382 3.20744026981e-05
0.1 1.0929459154 2.5618932085 0.00515915480918 2.18383461956e-05
0.1 1.26754523078 2.47246787447 0.00267971643138 8.92796921077e-06
0.1 1.72763776353 1.57227613735 0.000711661222565 1.3696373967e-06
0.1 1.63667124099 1.87856878528 0.000894425682273 1.89908749386e-06
0.1 1.23727260074 2.49268161214 0.00297833361565 1.03331392747e-05
0.1 1.86717102684 1.06930019777 0.000513429761996 8.36721416534e-07
0.1 1.04751337967 2.57644880429 0.00624764162546 2.81916599512e-05
0.1 1.9973650445 0.723687658425 0.00038724776175 5.72750396025e-07
0.1 1.76282989098 1.44171243296 0.00065369115976 1.21181289089e-06
0.1 1.93904776302 0.859410496392 0.000438286262892 6.58920968201e-07
0.1 1.89837357261 0.97234156968 0.000478971211444 7.52236964108e-07
0.1 1.95343149828 0.823151463484 0.000424942653422 6.57560019999e-07
0.1 1.60981773458 1.95556454271 0.00095939986055 2.09879328278e-06
0.1 1.5482260563 2.10666101524 0.00113252142155 2.65572806697e-06
0.1 1.29804671596 2.44954075752 0.0024161019243 7.73066183228e-06
0.1 1.52695837651 2.15105130083 0.00120126412085 2.88655302809e-06
0.1 1.3242820615 2.42750952818 0.00221523733417 6.85795136793e-06
0.1 1.80371162735 1.28987677656 0.000593615700192 1.06619525891e-06
0.1 1.87103221809 1.05683601854 0.000508998534269 8.26143025193e-07
0.1 1.92227669285 0.904101703996 0.000454515186082 6.96416630814e-07
0.1 1.53345261974 2.1378926157 0.00117972931687 2.81368637498e-06
0.1 1.79480865026 1.32261155378 0.000606094327137 1.08652636665e-06
0.1 1.86221638283 1.08547885459 0.000519189828132 8.50438031586e-07
0.1 1.78289887877 1.36677796362 0.000623291041954 1.13134651132e-06
0.1 1.77834759955 1.38373613986 0.000630030020557 1.14903674583e-06
0.1 1.38283674837 2.36927595783 0.00183728599602 5.2796399385e-06
0.1 1.60874230698 1.95850519673 0.000962123414471 2.10728201132e-06
0.1 1.24334955788 2.48881267475 0.00291512498496 1.00316233549e-05
0.1 1.62772185346 1.90498669624 0.000915447406545 1.96310440091e-06
0.1 1.01635934823 2.58484763084 0.0071681807505 3.38507127732e-05
0.1 1.31697914027 2.43387171103 0.00226900192389 7.09078343328e-06
0.1 1.1843124013 2.52277992472 0.00360973700689 1.34568410493e-05
0.1 1.81726587383 1.24067437184 0.000575224918965 1.01892019128e-06
0.1 1.22474188176 2.50037568323 0.00311429914854 1.09886350438e-05
0.1 1.21528635488 2.50593747189 0.00322198250111 1.15021051757e-05
0.1 1.29385898308 2.45285252026 0.00245029088154 7.88334019387e-06
0.1 1.43339789904 2.30675656325 0.00157436793798 4.24873779558e-06
0.1 1.65524474889 1.82137625456 0.000852696832832 1.77375216338e-06
0.1 1.83428523418 1.18028724869 0.000553130917234 9.63018349772e-07
0.1 1.15804900765 2.53553454716 0.00398629971599 1.53919755683e-05
0.1 1.17619557197 2.52686444105 0.00372132228513 1.39827784588e-05
0.1 1.49040519117 2.2190171634 0.00133225794437 3.3398608674e-06
0.1 1.25941139497 2.47813513886 0.00275602800393 9.28251310343e-06
0.1 1.68733450553 1.71551945488 0.000786194100273 1.58064755062e-06
0.1 1.13706396302 2.54480683056 0.00432351597375 1.72134872675e-05
0.1 1.73083714882 1.5605460864 0.000706117508652 1.3543344036e-06
0.1 1.51951083076 2.16572547397 0.00122657264552 2.97282556582e-06
0.1 1.71617810891 1.61393003516 0.000731926551772 1.42612286876e-06
0.1 1.63806419862 1.87438947102 0.00089120844126 1.88934129112e-06
0.1 1.235422452 2.49384130866 0.00299792163867 1.04270120302e-05
0.1 1.34352180307 2.40984548158 0.00208109783737 6.28541576616e-06
0.1 1.55802156665 2.08492693701 0.00110239603437 2.55665805436e-06
0.1 1.19019640528 2.51973605303 0.00353180814865 1.30615675117e-05
0.1 1.46456099379 2.26132718092 0.00143577724492 3.72869681202e-06
0.1 1.67978827796 1.7411601278 0.000801232640387 1.62421108986e-06
0.1 1.02615145601 2.58233748397 0.00686130376568 3.19564489305e-05
0.1 1.75492277616 1.47125032247 0.000666178526384 1.2453328417e-06
0.1 1.59323680654 1.99969074311 0.0010024928531 2.23418580743e-06
0.1 1.10671055035 2.55689357571 0.0048778918497 2.02336630044e-05
0.1 1.30840970402 2.44110837576 0.00233421031505 7.3674218365e-06
0.1 1.39717968933 2.35281593332 0.00175745559176 4.96035160572e-06
0.1 1.55750327717 2.08609782954 0.00110395736536 2.56179141126e-06
0.1 1.24223297764 2.48953046337 0.00292661064762 1.00862515533e-05
0.1 1.77727756407 1.38772760124 0.000631627620084 1.15324225882e-06
0.1 1.69041684194 1.70492466059 0.000780153337423 1.56324249229e-06
0.1 1.79101069589 1.33665607858 0.00061151843573 1.10059258512e-06
0.1 1.94822151891 0.836067022261 0.000429716267788 6.6847107221e-07
0.1 1.2926745209 2.45377944016 0.00246007165818 7.92715909194e-06
0.1 1.38246869465 2.36968595204 0.00183939495348 5.28814332039e-06
0.1 1.86284932927 1.0834006734 0.000518449169245 8.48675061885e-07
0.1 1.74466635861 1.5094465828 0.000682815473175 1.29044144482e-06
0.1 1.54892103756 2.10514619025 0.00113035971819 2.64855426799e-06
0.1 1.10498287251 2.55753705176 0.00491210752509 2.04281223319e-05
0.1 1.90956328359 0.939733266367 0.000467322696121 7.26357933872e-07
0.1 1.64635605711 1.8491399448 0.00087235482733 1.83250396253e-06
0.1 1.21126345745 2.50824244627 0.00326926054319 1.1737185528e-05
0.1 1.32001459887 2.43124942396 0.00224645694558 6.99294337499e-06
0.1 1.30036686173 2.44768240475 0.00239741940264 7.64755664331e-06
0.1 1.80106521786 1.29957703521 0.000597291803792 1.07572339404e-06
0.1 1.1199982208 2.55178741228 0.00462462757843 1.88461699969e-05
0.1 1.44145696354 2.29555474583 0.00153690888415 4.10670483941e-06
0.1 1.2945984016 2.45227169799 0.00244420997905 7.85612859166e-06
0.1 1.30334774937 2.44526997923 0.0023736834063 7.54230738925e-06
0.1 1.44054460325 2.29684137141 0.00154112484678 4.12250909032e-06
0.1 1.75508605353 1.47064093576 0.000665917720251 1.24462980792e-06
0.1 1.78634346763 1.35396855783 0.000618267557129 1.11816735418e-06
0.1 1.68344480431 1.7287900934 0.000793901578613 1.60293168589e-06
0.1 1.76046401585 1.45055510893 0.000657396762806 1.22173068296e-06
0.1 1.4018870684 2.34720325237 0.00173219327263 4.86050906337e-06
0.1 1.91147782589 0.934271271143 0.000465365243883 7.21786013875e-07
0.1 1.03302035421 2.58050694754 0.00665563335002 3.06650811109e-05
0.1 1.24300820577 2.48903242906 0.0029186302209 1.00482874078e-05
0.1 1.30054711627 2.44753731921 0.00239597558367 7.64114380345e-06
0.1 1.77351673222 1.40176749018 0.000637282970971 1.16816563957e-06
0.1 1.58610463699 2.01787421994 0.00102177555364 2.29550801007e-06
0.1 1.23084720922 2.49667373826 0.00304711138713 1.06634233746e-05
0.1 1.85925208299 1.09525545452 0.000522689346052 8.58740482709e-07
0.1 1.06223120623 2.57204648274 0.0058655242345 2.59162076044e-05
0.1 1.60441798549 1.97022028689 0.000973173453501 2.14181769675e-06
0.1 1.72954720038 1.56528025359 0.000708349389957 1.36048031023e-06
0.1 1.84504270963 1.14308574634 0.000539784519853 8.99700521782e-07
0.1 1.35964370206 2.39397257913 0.00197646785036 5.84810416772e-06
0.1 1.60009536372 1.9817536832 0.00098437892271 2.17699428309e-06
0.1 1.70546405869 1.65226818283 0.000751488339226 1.48138891235e-06
0.1 1.48517784069 2.22793872869 0.00135241775001 3.41118583803e-06
0.1 1.35616195532 2.39748720843 0.0019984834606 5.93946654135e-06
0.1 1.20722336455 2.51052061942 0.00331763934706 1.19789288461e-05
0.1 1.27955195823 2.46376681406 0.00257180600704 8.43280360884e-06
0.1 1.37271796519 2.38033236039 0.00189648027809 5.51934541007e-06
0.1 1.77874949039 1.38223796567 0.000629431294933 1.14746180807e-06
0.1 1.68960929817 1.70770709831 0.000781730333411 1.56778097876e-06
0.1 1.81108095525 1.26301929678 0.000583527243718 1.04017975454e-06
0.1 1.0334272981 2.58039662253 0.00664372098751 3.05923312719e-05
0.1 1.50694484205 2.18950693261 0.00127074741713 3.12525772811e-06
0.1 1.10404559149 2.55788420056 0.00493079774689 2.05344947913e-05
0.1 1.2463154179 2.48689101744 0.00288489262699 9.88817596849e-06
0.1 1.15709422853 2.53597359882 0.00400087173051 1.54692219554e-05
0.1 1.42247336162 2.321367055 0.00162690908284 4.45030450695e-06
0.1 1.05575286371 2.57401985935 0.00602998784787 2.68955274827e-05
0.1 1.17007466169 2.52985907444 0.00380821126525 1.44832513052e-05
0.1 1.81218585141 1.25901365281 0.000582033163489 1.03634382639e-06
0.1 1.90585862565 0.950400462748 0.000471139887277 7.35212146686e-07
0.1 1.72553219544 1.57997350278 0.000715318893184 1.37981825749e-06
0.1 1.82463257979 1.21432460429 0.000565528229677 9.94263941135e-07
0.1 1.52633332839 2.15229987514 0.00120336276614 2.89368093988e-06
0.1 1.03520292146 2.57991280871 0.00659206072591 3.02772184394e-05
0.1 1.9120392288 0.932676097676 0.000464793215122 7.20448095432e-07
0.1 1.50120063131 2.19998147596 0.00129179510104 3.19793481183e-06
0.1 1.07198597907 2.56896681532 0.00562825198624 2.45497702528e-05
0.1 1.82673110756 1.20687565479 0.000562803560931 9.87369866017e-07
0.1 1.15491802413 2.5369684107 0.00403445787571 1.56469631448e-05
0.1 1.0705859283 2.56941693867 0.0056615046456 2.47442114905e-05
0.1 1.5138992754 2.17649471857 0.00124601793529 3.0398081265e-06
0.1 1.46462971074 2.26122049627 0.00143548881612 3.72763370121e-06
0.1 1.898266564 0.972659022302 0.000479084347754 7.52449895197e-07
0.1 1.76453294351 1.43534481161 0.000651039793493 1.20473174813e-06
0.1 1.87711776102 1.03745202851 0.000502112972412 8.09520753257e-07
0.1 1.42534708833 2.31758618686 0.0016128666134 4.39624566147e-06
0.1 1.16795928152 2.53087718966 0.00383876114711 1.46435342803e-05
0.1 1.57027434295 2.05655037908 0.00106628267324 2.43870202462e-06
0.1 1.32488810486 2.42697330311 0.00221084826028 6.83902217857e-06
0.1 1.75735236043 1.46218004354 0.000662310345535 1.23491937845e-06
0.1 1.69410811698 1.69214781098 0.000772995843909 1.54268926868e-06
0.1 1.65558045735 1.82031378412 0.000851965349875 1.77157614658e-06
0.1 1.9091962368 0.940784446169 0.000467699152849 7.27235588164e-07
0.1 1.3570783844 2.3965666407 0.00199265885352 5.91525882716e-06
0.1 1.2837018296 2.46066351689 0.00253579025626 8.2690562305e-06
0.1 1.81788737448 1.23844003478 0.000574398846692 1.01681234666e-06
0.1 1.06318211657 2.57175203425 0.00584186838201 2.57829207147e-05
0.1 1.45489389389 2.27604185159 0.00147697061783 3.88178853258e-06
0.1 1.67704615808 1.75036876353 0.000806785250306 1.64038300658e-06
0.1 1.62341784633 1.91742253596 0.000925778300489 1.99477550506e-06
0.1 1.15149618842 2.53851448841 0.00408791181385 1.59312261516e-05
0.1 1.2495456246 2.48477263826 0.00285237292037 9.73463816259e-06
0.1 1.19004035084 2.51981768493 0.00353385139286 1.30719977751e-05
0.1 1.70041893614 1.67008843965 0.000760949337214 1.50826872036e-06
0.1 1.61352551782 1.94534042528 0.000950083679808 2.0698274173e-06
0.1 1.54525167021 2.11309668407 0.00114183209548 2.68668612429e-06
0.1 1.78657452916 1.35311021769 0.000617931237374 1.11728967849e-06
0.1 1.34076708183 2.41245768979 0.00209966237894 6.36388967342e-06
0.1 1.20785273275 2.51016805385 0.00331004346019 1.1940908181e-05
0.1 1.40454285744 2.34398958107 0.00171814277589 4.80521510549e-06
0.1 1.60245397727 1.97548250707 0.00097824476169 2.1577184188e-06
0.1 1.89027157626 0.996675200211 0.000487632807359 7.67837179302e-07
0.1 1.74013806407 1.52624060452 0.000690362106005 1.31096572993e-06
0.1 1.42441067028 2.3188230257 0.0016174255943 4.41377846671e-06
0.1 1.42568633682 2.31713694156 0.00161118495532 4.38991340007e-06
0.1 1.45064150554 2.28233296423 0.00149561570603 3.95140632831e-06
0.1 1.67817030405 1.74660074355 0.000804503089667 1.63373088371e-06
0.1 1.90550085721 0.951437349461 0.000471510597998 7.36064357988e-07
0.1 1.56027043649 2.07981880071 0.0010956539145 2.53452186832e-06
0.1 1.12265334173 2.55073310819 0.00457630318865 1.85783855097e-05
0.1 1.69112571503 1.70247843072 0.000778772460632 1.55927104152e-06
0.1 1.6868992401 1.71701056556 0.000787051907656 1.58312334497e-06
0.1 1.3272475083 2.42487352702 0.00219386519653 6.76589679543e-06
0.1 1.00351223644 2.58796639556 0.00759806308817 3.65380229632e-05
0.1 1.34131996283 2.41193571924 0.00209591972635 6.34804877027e-06
0.1 1.04939100107 2.57590344705 0.00619714691128 2.78996384883e-05
0.1 1.9380652975 0.861956354473 0.00043921672494 6.61051339461e-07
0.1 1.63982622314 1.86907662387 0.000887159548508 1.87709527627e-06
0.1 1.44256986986 2.2939788286 0.00153182949382 4.08752028438e-06
0.1 1.27398144867 2.46785431983 0.00262117409756 8.65848873434e-06
0.1 1.56196238369 2.07594608809 0.00109061562673 2.51801388146e-06
0.1 1.38508433159 2.36675882491 0.00182450382998 5.22805720585e-06
0.1 1.49317907411 2.21420554466 0.00132171421967 3.30271106558e-06
0.1 1.89390247184 0.985695496006 0.000483727045069 7.58228029224e-07
0.1 1.36916115214 2.38411377817 0.00191782976387 5.60660079104e-06
0.1 1.14254309651 2.54246098413 0.00423209167528 1.67226487687e-05
0.1 1.75744863946 1.46182046836 0.000662157589373 1.23450881675e-06
0.1 1.32481721286 2.42703609416 0.00221136107771 6.84123333199e-06
0.1 1.41674260532 2.328776593 0.0016553753617 4.5603821824e-06
0.1 1.88660503178 1.00788489137 0.000491617134816 7.80691752596e-07
0.1 1.90284861299 0.959160874202 0.000474269747402 7.42328449451e-07
0.1 1.4455842434 2.28967433694 0.00151817749712 4.03607013341e-06
0.1 1.88533739104 1.01178877756 0.00049300413482 7.85388946478e-07
0.1 1.08538430506 2.56451894642 0.00532248482655 2.27751529188e-05
0.1 1.64356603923 1.85770641939 0.000878642229738 1.85140553836e-06
0.1 1.36844774177 2.38486581015 0.00192214836825 5.62429513936e-06
0.1 1.96913572787 0.785690508577 0.000410982012324 6.25795906169e-07
0.1 1.91904869967 0.913004741764 0.000457724880915 7.03908293261e-07
0.1 1.53571578356 2.13322637266 0.00117233899308 2.78879609737e-06
0.1 1.67733083948 1.74941546291 0.000806206542489 1.63869545741e-06
0.1 1.5278679563 2.14922911046 0.00119821834429 2.87621672459e-06
0.1 1.12208228334 2.55096086134 0.00458669914023 1.86356006138e-05
0.1 1.11399610728 2.55412902433 0.00473690035883 1.94682925632e-05
0.1 1.40946367589 2.33794343648 0.00169244281094 4.70468979116e-06
0.1 1.69631091069 1.68447822883 0.000768763929197 1.53057269178e-06
0.1 1.9205473661 0.908859125858 0.000456231183466 7.00419476287e-07
0.1 1.21020201199 2.50884426443 0.00328188392427 1.18001691136e-05
0.1 1.14860345249 2.53980522447 0.00413380286202 1.61761921688e-05
0.1 1.01291959134 2.58570133538 0.0072801726044 3.45468901232e-05
0.1 1.0285646182 2.58170094566 0.00678784949844 3.14748815121e-05
0.1 1.48617734755 2.22624734128 0.00134853344437 3.39741337487e-06
0.1 1.09267128984 2.5619900403 0.00516497394093 2.18716060839e-05
0.1 1.77709047825 1.388425649 0.000631907458013 1.15397938607e-06
0.1 1.48696638159 2.22490747898 0.00134547701596 3.38658629175e-06
0.1 1.98992766309 0.73937961022 0.000393330293488 5.86238203231e-07
0.1 1.89930274016 0.96958957038 0.000477990240425 7.50317432228e-07
0.1 1.2864623433 2.45857120463 0.00251218501 8.1621336012e-06
0.1 1.7098407325 1.63668563325 0.000743400445474 1.45851850105e-06
0.1 1.09111462437 2.56253710794 0.00519811754046 2.20612009877e-05
0.1 1.88042519878 1.02705323078 0.000498425433076 8.00326733929e-07
0.1 1.63117021715 1.89489584381 0.000907274609656 1.93814735139e-06
0.1 1.28732432726 2.45791325151 0.00250487110166 8.12906597231e-06
0.1 1.69922333851 1.67428788729 0.000763213308679 1.51472108415e-06
0.1 1.7101063502 1.63573621952 0.000742913126409 1.45714371205e-06
0.1 1.82619181628 1.20878741178 0.000563502164569 9.89136119768e-07
0.1 1.96224412231 0.801862029871 0.000417018458877 6.39530003687e-07
0.1 1.9280235187 0.888492295149 0.00044887052993 6.83296532651e-07
0.1 1.03684216314 2.5794626492 0.00654482266606 2.99896131505e-05
0.1 1.12394212342 2.55021721336 0.00455295137722 1.84500171942e-05
0.1 1.96425818875 0.797092808891 0.000415233506511 6.35483377267e-07
0.1 1.41535205441 2.33054872822 0.00166237702331 4.58755703106e-06
0.1 1.6181776937 1.93232673547 0.000938554732596 2.03413360879e-06
0.1 1.62036124308 1.92614795579 0.00093320411121 2.01762542581e-06
0.1 1.59021489045 2.00745316081 0.00101060672138 2.25993414848e-06
0.1 1.18641339793 2.52170114922 0.00358164189081 1.33171661784e-05
0.1 1.11894655402 2.55220185794 0.00464405301193 1.89534900547e-05
0.1 1.87290542741 1.05083507744 0.000506866384658 8.2103180258e-07
0.1 1.73809288489 1.53380746329 0.000693790979217 1.32036114553e-06
0.1 1.89935890074 0.969423490133 0.000477931029266 7.50197944655e-07
0.1 1.95439769004 0.820783230381 0.000424064706036 6.55557283637e-07
0.1 1.40302715348 2.34582787059 0.00172614395207 4.83668188684e-06
0.1 1.42227458089 2.32162695956 0.00162788610839 4.45407174432e-06
0.1 1.31136924365 2.43863642806 0.00231142306006 7.26767271282e-06
0.1 1.57156428586 2.05348483222 0.00106256793058 2.42665449009e-06
0.1 1.77047068558 1.41314924394 0.000641899846643 1.18041721621e-06
0.1 1.26075033153 2.47721455209 0.00274330191734 9.22304587866e-06
0.1 1.79964977828 1.30477620016 0.000599269700702 1.08086043504e-06
0.1 1.63741576783 1.8763368701 0.000892704272666 1.89387102238e-06
0.1 1.25638889939 2.4801959503 0.00278510151644 9.41839268275e-06
0.1 1.6412163258 1.86486738407 0.000883981589486 1.86749863295e-06
0.1 1.34502635708 2.40840673919 0.00207104586642 6.24303084431e-06
0.1 1.13696646355 2.54484810542 0.00432516593739 1.72223727146e-05
0.1 1.92462797898 0.897677873276 0.000452194996521 6.91014481514e-07
0.1 1.16465156307 2.53245215321 0.00388724895265 1.48984720295e-05
0.1 1.7362181702 1.54073294091 0.000696952208227 1.32904294621e-06
0.1 1.01628299655 2.58486674036 0.00717064267925 3.38659865252e-05
0.1 1.969146963 0.785664475803 0.000410972208467 6.25773774074e-07
0.1 1.88875855884 1.00128595731 0.000489272033121 7.71877937441e-07
0.1 1.12480026359 2.54987220349 0.00453748663144 1.8365120015e-05
0.1 1.08698890375 2.56396850434 0.0052872798781 2.25726350862e-05
0.1 1.62001005213 1.92714478425 0.000934062087628 2.02027006327e-06
0.1 1.31706415392 2.4337989062 0.00226836669777 7.08802269847e-06
0.1 1.74907908449 1.49303607389 0.000675597081947 1.27080309431e-06
0.1 1.1315501209 2.54711559683 0.00441806511973 1.77245036651e-05
0.1 1.14574820591 2.54106442047 0.00417972185246 1.64430511355e-05
0.1 1.72551939959 1.58002022417 0.000715340283409 1.3798803964e-06
0.1 1.24305715069 2.48900093743 0.00291812729089 1.00458960573e-05
0.1 1.73763509429 1.53549960883 0.000694561323529 1.32247504862e-06
0.1 1.20641116373 2.51097432748 0.00332747453394 1.20281946952e-05
0.1 1.07396898708 2.56832490184 0.00558157759708 2.42773705298e-05
0.1 1.67026273937 1.77288976178 0.000820730299432 1.68119334269e-06
0.1 1.43035417292 2.3108924235 0.00158880000065 4.30383207185e-06
0.1 1.6001282339 1.98166668527 0.000984293089248 2.17672428787e-06
0.1 1.10113996432 2.55895178065 0.00498930408598 2.08683342209e-05
0.1 1.5679373985 2.06206617671 0.0010730544894 2.46070487749e-06
0.1 1.37733276563 2.37534554252 0.00186914525156 5.40848420629e-06
0.1 1.74804752722 1.49687591914 0.000677276585413 1.27536234353e-06
0.1 1.43093955744 2.31010092979 0.00158601145509 4.29317311652e-06
0.1 1.14334817914 2.54211191514 0.00421886258452 1.66519041626e-05
0.1 1.77813430702 1.38453151262 0.00063034807613 1.14987361887e-06
0.1 1.98353639229 0.753226815895 0.000398653259527 5.98103735938e-07
0.1 1.52643602463 2.15209507094 0.00120301763432 2.89250841427e-06
0.1 1.29258116622 2.45385231413 0.00246084465003 7.93062476827e-06
0.1 1.09731399766 2.56033784147 0.00506771006485 2.13167771879e-05
0.1 1.41633865065 2.32929238109 0.00165740550815 4.56825755676e-06
0.1 1.68239463969 1.73235336451 0.000795998654031 1.60901009083e-06
0.1 1.06714940315 2.57051049805 0.00574447783118 2.51583784223e-05
0.1 1.13431800706 2.54596308993 0.00437029047344 1.7465797225e-05
0.1 1.99871606008 0.720885171988 0.000386155544987 5.70336690463e-07
0.1 1.58885195401 2.010926361 0.00101429316502 2.27165916816e-06
0.1 1.74548732976 1.50639652865 0.000681463845413 1.28676098571e-06
0.1 1.2034079434 2.51263944838 0.00336416417289 1.22123454966e-05
0.1 1.23880545417 2.49171421304 0.00296222748894 1.02561063517e-05
0.1 1.24023264115 2.49080850441 0.00294733068049 1.01849810485e-05
0.1 1.96177027709 0.802989258654 0.000417439796527 6.40486014664e-07
0.1 1.83315674953 1.18423595144 0.000554562550617 9.66610395611e-07
0.1 1.98986821476 0.73950685485 0.00039337939488 5.86347391179e-07
0.1 1.31826878778 2.432761319 0.00225938905405 7.04903038462e-06
0.1 1.90294912405 0.958866972685 0.000474164817183 7.42093625217e-07
0.1 1.67581194045 1.75449313785 0.000809300224904 1.64772249051e-06
0.1 1.8923213855 0.990461804556 0.000485422983307 7.62397227187e-07
0.1 1.37726423019 2.37542027852 0.00186954643477 5.41011152945e-06
0.1 1.74338842255 1.51419124206 0.000684955404895 1.29619513473e-06
0.1 1.52052438712 2.16375419037 0.00122308915595 2.96091048047e-06
0.1 1.02451431445 2.5827652876 0.00691142997539 3.22644476818e-05
0.1 1.90459187886 0.954077221967 0.000472453949277 7.38223805545e-07
0.1 1.45856820275 2.27051735844 0.00146121414115 3.82276570303e-06
0.1 1.03096503945 2.58106103876 0.00671621661648 3.10355812138e-05
0.1 1.41271013645 2.33388833965 0.00167578259695 4.63969555346e-06
0.1 1.54389486264 2.11600730817 0.00114611128587 2.70094688738e-06
0.1 1.2208064044 2.50271547285 0.00315858840273 1.12043561051e-05
0.1 1.89283986204 0.98889624837 0.000484866023879 7.61027482713e-07
0.1 1.47872310462 2.23869547176 0.00137784488455 3.50169101915e-06
0.1 1.06287167532 2.57184829774 0.00584957787839 2.58287121235e-05
0.1 1.21061414914 2.50861078128 0.0032769752011 1.17756695576e-05
0.1 1.74911824369 1.4928902696 0.000675533445026 1.27063039628e-06
0.1 1.24285346271 2.48913195272 0.00292022099254 1.00558521807e-05
0.1 1.10427896309 2.55779789176 0.00492613565325 2.05079507041e-05
0.1 1.17148700516 2.52917453245 0.00378794778294 1.43774051502e-05
0.1 1.68926263004 1.70890009343 0.000782408556762 1.569733957e-06
0.1 1.55979928775 2.08089274804 0.00109706210888 2.53914106024e-06
0.1 1.87861998461 1.03271693442 0.000500436517264 8.05376718546e-07
0.1 1.36050752103 2.3930931027 0.0019710532346 5.82569141327e-06
0.1 1.0662313514 2.57079981233 0.00576682908767 2.52898608019e-05
0.1 1.93631307302 0.866519203779 0.000440882358981 6.64871036004e-07
0.1 1.27867633454 2.46441521541 0.00257948776423 8.46782670146e-06
0.1 1.39993464275 2.34954394722 0.00174261509689 4.90163246497e-06
0.1 1.94414600421 0.846342558586 0.000433497377665 6.47995126205e-07
0.1 1.32441010138 2.42739634545 0.00221430913302 6.85394717509e-06
0.1 1.49059193273 2.21869487812 0.00133154479738 3.33734482469e-06
0.1 1.81742690238 1.24009521335 0.000575010760221 1.01837356191e-06
0.1 1.87465348604 1.04526247837 0.000504886900142 8.16263782931e-07
0.1 1.01188208851 2.58595617935 0.00731438155033 3.47601499927e-05
0.1 1.6015744194 1.97782731471 0.000980526624516 2.16488351356e-06
0.1 1.85990026558 1.09311154313 0.000521922574543 8.56918418222e-07
0.1 1.86326544472 1.08203622839 0.000517963041962 8.47517843531e-07
0.1 1.49887826469 2.20414740321 0.00130036534929 3.22787044998e-06
0.1 1.1323504284 2.54678369598 0.0044041999282 1.76492442216e-05
0.1 1.35583401896 2.39781572184 0.00200057297664 5.9481570919e-06
0.1 1.89089450793 0.994782892432 0.000486959915908 7.6617982e-07
0.1 1.30019309361 2.44782220512 0.00239881228897 7.65374465585e-06
0.1 1.92207087661 0.904666441924 0.000454718990747 6.9689172337e-07
0.1 1.50243995002 2.19774211033 0.00128709641899 3.18209099506e-06
0.1 1.21657726562 2.50519021693 0.00320699212539 1.1427855999e-05
0.1 1.0438641103 2.57749567986 0.00634729313003 2.87922038821e-05
0.1 1.76780759363 1.423103176 0.000645979216205 1.19125102625e-06
0.1 1.66897465005 1.777123656 0.000823412404494 1.689074405e-06
0.1 1.53321063777 2.13838895625 0.0011805229731 2.81636290684e-06
0.1 1.42146046986 2.32268922469 0.00163189526658 4.46953846773e-06
0.1 1.96667807946 0.791410006347 0.000413101543266 6.3065733653e-07
0.1 1.39786496845 2.35200537267 0.00175374927504 4.94566925049e-06
0.1 1.55454900514 2.0927271876 0.00111291380584 2.59128079508e-06
0.1 1.48016243724 2.2363212957 0.00137212310427 3.48127236672e-06
0.1 1.74288305542 1.51606646113 0.00068579257772 1.29847877736e-06
0.1 1.83487179304 1.17823813593 0.000552388623912 9.30291297313e-07
0.1 1.32159803866 2.42986906874 0.00223480846793 6.94250602153e-06
0.1 1.53578885889 2.1330749865 0.00117210133351 2.78799668039e-06
0.1 1.60373422154 1.9720565165 0.000974935266985 2.14733809352e-06
0.1 1.21727210134 2.50478642746 0.00319896008292 1.13881115382e-05
0.1 1.90343399271 0.957450614448 0.000473659037531 7.40957190878e-07
0.1 1.034842275 2.58001139343 0.00660251189505 3.03409176424e-05
0.1 1.54916289938 2.10461808673 0.00112960863801 2.64606297009e-06
0.1 1.62584371964 1.91043478205 0.000919937580327 1.97685285595e-06
0.1 1.03699278589 2.57942111589 0.00654050387998 2.99633435586e-05
0.1 1.54001029084 2.12425501367 0.00115847478935 2.74226362172e-06
0.1 1.71794632384 1.60754382601 0.000728747993983 1.41723332871e-06
0.1 1.48706410317 2.22474123592 0.0013450990787 3.38524812932e-06
0.1 1.04261331725 2.57785068114 0.00638191545399 2.90015023052e-05
0.1 1.14125291733 2.54301806082 0.00425340028604 1.68367446773e-05
0.1 1.85279927931 1.11678225853 0.000530325432559 8.77093866812e-07
0.1 1.33673004984 2.4162347961 0.00212724792082 6.48095918382e-06
0.1 1.95887831006 0.809912058066 0.000420022907451 6.46353675676e-07
0.1 1.51076666745 2.18240147607 0.00125708166433 3.07795994769e-06
0.1 1.5477950496 2.10759808548 0.00113386465677 2.66018835822e-06
0.1 1.32052841888 2.43080255604 0.00224266867892 6.97653148477e-06
0.1 1.75743152799 1.46188437552 0.000662184730677 1.23458177336e-06
0.1 1.48911782174 2.22123236418 0.00133718741059 3.35726570165e-06
0.1 1.57894029343 2.03566353561 0.00104161634298 2.35907385394e-06
0.1 1.38236673121 2.36979944036 0.00183997970991 5.2905018716e-06
0.1 1.88187975106 1.0225106844 0.000496812370576 7.96159446553e-07
0.1 1.31416512503 2.43627490173 0.0022901572921 7.18282606853e-06
0.1 1.50712676154 2.18917117337 0.00127009270413 3.12298739611e-06
0.1 1.63081713197 1.89593406057 0.000908107220374 1.94068588044e-06
0.1 1.21638126432 2.50530392098 0.00320926243851 1.14390950335e-05
0.1 1.06029629164 2.57264180894 0.00591403838224 2.62042790983e-05
0.1 1.19489119534 2.51725626657 0.00347104196273 1.27522413628e-05
0.1 1.39464408582 2.35579513409 0.00177125557771 5.01512167154e-06
0.1 1.52111187513 2.16260777564 0.00122107571854 2.95402949115e-06
0.1 1.83552219214 1.1759686836 0.000551566966885 9.28302171696e-07
0.1 1.69702112294 1.68199844862 0.000767405724155 1.52668959055e-06
0.1 1.34704798426 2.40645985189 0.00205759593555 6.18660190719e-06
0.1 1.40976204133 2.33757322486 0.00169090297676 4.69867351502e-06
0.1 1.01069490858 2.58624622851 0.00735378244894 3.50060676017e-05
0.1 1.53180362935 2.14126640987 0.00118515101229 2.83198427307e-06
0.1 1.6397012781 1.8694543119 0.000887445892784 1.8779606209e-06
0.1 1.33425450591 2.41852132754 0.00214439011583 6.55398344731e-06
0.1 1.30818629403 2.44129380336 0.00233594154845 7.3750400329e-06
0.1 1.38499182644 2.36686287548 0.00182502907613 5.23016859817e-06
0.1 1.56274456336 2.07414758046 0.00108829650881 2.51042442246e-06
0.1 1.44357395946 2.29255086467 0.00152726489075 4.07029938203e-06
0.1 1.95882030223 0.81005168169 0.000420074924277 6.46471951813e-07
0.1 1.18781803253 2.52097491759 0.00356300567529 1.32215876917e-05
0.1 1.42089907701 2.32341968535 0.00163466714713 4.48023958186e-06
0.1 1.80058410513 1.30134341567 0.000597963181806 1.0774662813e-06
0.1 1.07961051937 2.5664670091 0.00545165952761 2.35212187157e-05
0.1 1.77722482237 1.38792438467 0.000631706490531 1.15345000838e-06
0.1 1.15175587675 2.53839787468 0.00408382525611 1.59094452258e-05
0.1 1.47188532764 2.24978578181 0.00140544111745 3.61732171664e-06
0.1 1.93083630981 0.880964450982 0.00044613980664 6.76978324945e-07
0.1 1.91813147792 0.915555304071 0.000458642090934 7.0605241294e-07
0.1 1.11508887521 2.55370677027 0.0047162034803 1.93532628821e-05
0.1 1.61764304682 1.93383294876 0.000939870708881 2.03819937574e-06
0.1 1.02400688405 2.58289713879 0.00692706165122 3.23606088538e-05
0.1 1.17498757084 2.52746121384 0.00373831068845 1.40701028474e-05
0.1 1.27446279512 2.4675046188 0.00261686120718 8.63871520274e-06
0.1 1.97307155149 0.776641483677 0.000407565507291 6.18093601154e-07
0.1 1.63982041454 1.86909418544 0.000887172858326 1.87713549532e-06
0.1 1.43947878961 2.29833841157 0.00154602601974 4.14105956835e-06
0.1 1.20672294569 2.51080033319 0.00332369468701 1.20092561131e-05
0.1 1.35008709082 2.40350390337 0.00203764224096 6.1028855475e-06
0.1 1.94960333334 0.832617420309 0.000428443663309 6.65558741518e-07
0.1 1.55186129182 2.09869227948 0.00112114212916 2.61845156004e-06
0.1 1.14474622675 2.5415030037 0.00419601056896 1.65298740602e-05
0.1 1.78655161708 1.35319532533 0.000617964576268 1.11737667327e-06
0.1 1.17755049921 2.52619168028 0.00370244060163 1.38855695352e-05
0.1 1.27193410488 2.46933457145 0.00263961927803 8.74317812455e-06
0.1 1.60749262627 1.96190898802 0.000965300497938 2.11719598586e-06
0.1 1.87329653666 1.04958596862 0.000506422641142 8.19965226478e-07
0.1 1.57331997439 2.04928792951 0.00105753784337 2.41036757273e-06
0.1 1.89242490406 0.990149035865 0.000485311716761 7.62123544929e-07
0.1 1.53683696601 2.13089904528 0.00116869936207 2.77655996569e-06
0.1 1.43211531003 2.30850546166 0.00158042922036 4.27185524355e-06
0.1 1.08164383034 2.56578662426 0.00540571849057 2.32553389414e-05
0.1 1.07843089175 2.56685915291 0.00547854055491 2.36770652968e-05
0.1 1.24019107443 2.49083495834 0.00294776320029 1.01870444743e-05
0.1 1.39718238096 2.35281275449 0.00175744101518 4.96029383721e-06
0.1 1.47377857695 2.24674592986 0.00139773116709 3.57289186954e-06
0.1 1.71397760254 1.62185575635 0.000735904412081 1.43727612168e-06
0.1 1.42121379819 2.32301038848 0.00163311248604 4.4742368681e-06
0.1 1.74799283303 1.49707945516 0.000677365775719 1.27560461438e-06
0.1 1.38829018265 2.36312885234 0.00180634167036 5.15549534809e-06
0.1 1.49101388818 2.2179659783 0.00132993515706 3.33166769224e-06
0.1 1.12267834957 2.55072312326 0.00457584860193 1.85758846606e-05
0.1 1.52598318294 2.1529978712 0.00120454042677 2.89768284183e-06
0.1 1.15700487397 2.53601460249 0.00400224078743 1.54764740103e-05
0.1 1.56336556496 2.07271558526 0.00108645943733 2.50441772849e-06
0.1 1.22009847607 2.50313253243 0.00316664057499 1.1243679386e-05
0.1 1.29130284633 2.45484750566 0.00247146013212 7.97834151785e-06
0.1 1.894560079 0.983719828293 0.000483023857675 7.57248195754e-07
0.1 1.64811109864 1.84371438119 0.000868428694498 1.82072802462e-06
0.1 1.92096478502 0.907708232702 0.000455816238193 6.99451011126e-07
0.1 1.79871049908 1.30823037381 0.000600586765498 1.07229097114e-06
0.1 1.37236276421 2.38071236365 0.00189859884095 5.52798765279e-06
0.1 1.14338576845 2.54209558822 0.00421824619651 1.66486095507e-05
0.1 1.05783480745 2.573391841 0.00597649857099 2.65761583858e-05
0.1 1.48521713508 2.22787237356 0.00135226477191 3.41064317785e-06
0.1 1.64872205506 1.8418191563 0.000867067160307 1.81664912714e-06
0.1 1.89820721722 0.972835126625 0.000479147107856 7.5256713922e-07
0.1 1.06450450839 2.57134050676 0.00580917319186 2.55889211917e-05
0.1 1.23789325276 2.49229052105 0.0029717989205 1.03018681978e-05
0.1 1.97342306093 0.7758397489 0.000407262115238 6.17410649622e-07
0.1 1.08744839554 2.56381029704 0.0052772537413 2.25150201601e-05
0.1 1.85317827252 1.11550877767 0.000529910712885 8.76004814873e-07
0.1 1.23969914689 2.49114760884 0.00295288809292 1.02115012017e-05
0.1 1.57475026251 2.04584809891 0.00105346224989 2.39719272455e-06
0.1 1.94643848523 0.840543897883 0.000431365391089 6.72248833097e-07
0.1 1.48783126132 2.2234338434 0.00134213682012 3.3747640872e-06
0.1 1.38347799417 2.36856007459 0.00183361881676 5.26486288277e-06
0.1 1.25556863956 2.48075095202 0.00279305852734 9.45566465119e-06
0.1 1.73199782579 1.5562810622 0.000704130003034 1.34883200508e-06
0.1 1.86887655259 1.06377896159 0.00051146636808 8.32039322086e-07
0.1 1.53634144228 2.13192901245 0.00117030619542 2.78196021776e-06
0.1 1.98111558464 0.758560682497 0.000400692997478 6.02665413334e-07
0.1 1.92407683787 0.899178949823 0.000452737512775 6.9227653098e-07
0.1 1.96174861668 0.803040834083 0.000417459069716 6.40529752055e-07
0.1 1.18860916608 2.52056410918 0.00355255913602 1.31681072237e-05
0.1 1.46991947336 2.25291742539 0.00141350344095 3.64683395257e-06
0.1 1.56502222417 2.06887800736 0.00108157784203 2.48847478627e-06
0.1 1.60091677815 1.97957580529 0.000982237163057 2.17025876824e-06
0.1 1.45498186362 2.27591050942 0.00147658799716 3.8803632567e-06
0.1 1.28367380182 2.46068464525 0.00253603132697 8.27014992962e-06
0.1 1.5722266786 2.05190470389 0.00106066656951 2.42049478685e-06
0.1 1.45745276861 2.27220307293 0.00146592358613 3.84057409364e-06
0.1 1.82839474772 1.20098937854 0.000560655227795 9.81944734021e-07
0.1 1.13235655524 2.5467811509 0.00440409382526 1.76486695052e-05
0.1 1.47245094827 2.24888008005 0.00140313213427 3.60888147069e-06
0.1 1.92160506651 0.905946040092 0.000455180671704 6.97968278125e-07
0.1 1.67641224971 1.75248812905 0.000808075737252 1.64414792866e-06
0.1 1.72109827545 1.59612022531 0.000723133589991 1.40154604386e-06
0.1 1.06486117643 2.57122911391 0.0058003948214 2.55368884644e-05
0.1 1.60963191429 1.95607349853 0.000959869749536 2.10025720427e-06
0.1 1.73887817279 1.53090344464 0.000692471918769 1.31674423999e-06
0.1 1.201144304 2.513881667 0.00339215828069 1.23532496618e-05
0.1 1.96363581482 0.798562707473 0.000415784055123 6.36730928528e-07
0.1 1.70998620422 1.63616577267 0.000743133538854 1.45776537995e-06
0.1 1.67169807771 1.76815551131 0.000817754482595 1.67246127711e-06
0.1 1.24642425338 2.48682007574 0.00288379079233 9.88295736985e-06
0.1 1.23126328249 2.49641823949 0.00304260103437 1.06416692929e-05
0.1 1.10705002879 2.55676659384 0.0048712043788 2.0195694022e-05
0.1 1.22379741538 2.50094053799 0.00312485500245 1.10399633822e-05
0.1 1.13260057206 2.54667975957 0.004399870495 1.76257977288e-05
0.1 1.84854899666 1.13113920231 0.000535478976933 8.8940551531e-07
0.1 1.4723182947 2.24909267985 0.00140367321811 3.61085889913e-06
0.1 1.20627680962 2.51104923988 0.00332910503836 1.20363660778e-05
0.1 1.0728423095 2.56869044841 0.0056080358822 2.4431709359e-05
0.1 1.65091863138 1.83497763907 0.000862194102449 1.80207099568e-06
0.1 1.10394524168 2.55792128748 0.00493280417482 2.05459207933e-05
0.1 1.22751924161 2.49870251028 0.00308352278334 1.08392898075e-05
0.1 1.25744194815 2.47948063663 0.00277492839354 9.37079202509e-06
0.1 1.43948948319 2.29832342402 0.00154597674832 4.14087297377e-06
0.1 1.75382828519 1.47533442666 0.000667930226132 1.25005747061e-06
0.1 1.49970831635 2.20266293018 0.0012972940038 3.21713398251e-06
0.1 1.47627373861 2.24270363507 0.00138765109996 3.53675573677e-06
0.1 1.20572182481 2.5113582406 0.00333585096272 1.20701860827e-05
0.1 1.05037127085 2.57561645778 0.00617099151651 2.77423002158e-05
0.1 1.32706872713 2.42503332167 0.00219514627145 6.77140623442e-06
0.1 1.13451974129 2.54587889615 0.00436683246828 1.74471146934e-05
0.1 1.04841127473 2.57618845696 0.00622342926432 2.8046202031e-05
0.1 1.03621270118 2.57963590935 0.00656291067457 3.00996807422e-05
0.1 1.00811704233 2.58687075642 0.00744027945853 3.55470955515e-05
0.1 1.7059765237 1.65044932877 0.000750535616242 1.47868968043e-06
0.1 1.85756426063 1.10085422206 0.000524657484685 8.6350299815e-07
0.1 1.82085081044 1.2278134891 0.000570480308726 1.00683226439e-06
0.1 1.29336382202 2.45324053849 0.00245437373802 7.90162416065e-06
0.1 1.86290588919 1.08321512888 0.000518383052413 8.48517685212e-07
0.1 1.29809875665 2.44949925921 0.00241568083915 7.72878629047e-06
0.1 1.80194245018 1.29635857644 0.000596070094314 1.07255400148e-06
0.1 1.4302900215 2.31097904775 0.00158910597807 4.30500200346e-06
0.1 1.10077473583 2.5590850547 0.00499672169885 2.09107472296e-05
0.1 1.8204494204 1.22924993821 0.00057100910517 1.00817724337e-06
0.1 1.99902951988 0.720237031513 0.000385902683995 5.69778252115e-07
0.1 1.34431001594 2.40909281186 0.00207582408584 6.26316934964e-06
0.1 1.92082613705 0.908090327231 0.000455954011844 6.99772532786e-07
0.1 1.90563104443 0.951059901846 0.000471375658184 7.35754373438e-07
0.1 1.59358095326 1.99880102242 0.00100157401369 2.23127504469e-06
0.1 1.66920607423 1.77636398452 0.000822929709439 1.68765532062e-06
0.1 1.34847618452 2.4050751167 0.00204818830985 6.14709477365e-06
0.1 1.36614039709 2.38728368585 0.00193620022317 5.68197036181e-06
0.1 1.11686602718 2.5530164619 0.00468278942344 1.9167890046e-05
0.1 1.68552037993 1.72172315911 0.000789777049973 1.59099590878e-06
0.1 1.16422448656 2.5326539969 0.00389356597188 1.49029331931e-05
0.1 1.59982855607 1.98245973892 0.00098507585127 2.17918726884e-06
0.1 1.78014645752 1.37703003927 0.000627355660693 1.14200677982e-06
0.1 1.0731371316 2.5685949626 0.00560109699012 2.43912140924e-05
0.1 1.34711487725 2.40639516937 0.00205715409553 6.184744917e-06
0.1 1.85982243104 1.09336880601 0.000522014566906 8.57137014345e-07
0.1 1.13806581441 2.54438178686 0.00430656200665 1.71224948653e-05
0.1 1.37122563549 2.38192545789 0.00190540120082 5.55576092663e-06
0.1 1.65717397963 1.81525707616 0.00084850390244 1.76128904069e-06
0.1 1.98563539406 0.748641877956 0.000396895200267 5.94178554456e-07
0.1 1.11240283097 2.55474049702 0.0047672950434 1.96374493767e-05
0.1 1.79097477896 1.33678909355 0.000611570020871 1.10072660836e-06
0.1 1.90408481388 0.955553133132 0.00047298121118 7.39423715505e-07
0.1 1.36566674901 2.38777691626 0.00193910078326 5.69389496031e-06
0.1 1.6405290241 1.86695002337 0.000885551068808 1.87223636953e-06
0.1 1.30539570752 2.44359614019 0.00235770374878 7.47097589724e-06
0.1 1.88557121389 1.01106759413 0.000492747926876 7.84572817119e-07
0.1 1.0002386669 2.58873009187 0.00771285031569 3.72621225345e-05
0.1 1.19578788709 2.5167774769 0.00345958791236 1.26941275852e-05
0.1 1.6227552304 1.91932157005 0.000927381771323 1.9997035155e-06
0.1 1.83081311752 1.1924631352 0.00055755061482 9.74121391752e-07
0.1 1.11128234207 2.55516863464 0.00478881125178 1.97574449459e-05
0.1 1.48428261173 2.22944759569 0.00135590880174 3.42357603185e-06
0.1 1.41784127225 2.32736936958 0.00164986965075 4.53904090753e-06
0.1 1.81555481129 1.24683684142 0.000577506908681 1.02475001473e-06
0.1 1.63919630278 1.87097934409 0.000888604368894 1.88146266723e-06
0.1 1.61857213209 1.9312140056 0.000937585348029 2.0311400634e-06
0.1 1.80442363211 1.28727170514 0.00059263151412 1.06364865551e-06
0.1 1.39926772459 2.35033944591 0.00174619313795 4.91577246061e-06
0.1 1.58324846644 2.02502306317 0.0010296280337 2.32060914863e-06
0.1 1.5837398518 2.02379857836 0.00102827168301 2.31626815279e-06
0.1 1.7357741489 1.54237154393 0.0006977034197 1.3311089481e-06
0.1 1.99040237328 0.738364570599 0.000392938498155 5.85367098437e-07
0.1 1.62102643384 1.92425665574 0.000931581701091 2.01262715076e-06
0.1 1.62892064244 1.90149177139 0.000912595772047 1.95438656421e-06
0.1 1.98513694844 0.749727376423 0.000397311801685 5.95108138101e-07
0.1 1.00824477817 2.58684001447 0.00743596287986 3.55200580535e-05
0.1 1.44568878848 2.28952409734 0.00151770676524 4.03429906088e-06
0.1 1.94129559807 0.853620189894 0.000436166689634 6.54077155818e-07
0.1 1.54826083916 2.10658530419 0.00113241310482 2.65536849321e-06
0.1 1.7140871981 1.62146161939 0.00073570568731 1.43671825146e-06
0.1 1.30930707393 2.44036170604 0.0023272673725 7.33696769963e-06
0.1 1.47940736399 2.2375685251 0.0013751210052 3.49196685035e-06
0.1 1.11270299042 2.55462554433 0.00476155203141 1.96054501701e-05
0.1 1.81634947977 1.24397297297 0.000576445688564 1.02203759176e-06
0.1 1.80817874509 1.27356767002 0.00058747458219 1.05033529981e-06
0.1 1.12718220682 2.54890807135 0.00449487414981 1.81419126094e-05
0.1 1.34623547825 2.40724414254 0.00206301207446 6.20920945781e-06
0.1 1.49452244759 2.21185590721 0.00131663377063 3.28489373053e-06
0.1 1.00643350556 2.58727447789 0.00749747320205 3.59056992182e-05
0.1 1.82431116142 1.21546773599 0.000565947012727 9.95324893183e-07
0.1 1.45413688447 2.27716972699 0.001480268304 3.89407835853e-06
0.1 1.56562089727 2.06748505197 0.00107982058701 2.48274235408e-06
0.1 1.71878091981 1.6045237782 0.000727252913445 1.41305980217e-06
0.1 1.41660456397 2.32895290623 0.00165606876278 4.56307165555e-06
0.1 1.34921941503 2.40435125636 0.00204331406366 6.12665161408e-06
0.1 1.76461536129 1.43503669863 0.00065091182133 1.20439028727e-06
0.1 1.75881234124 1.45672656284 0.000659999262019 1.22871068421e-06
0.1 1.3190916058 2.43205000795 0.00225328231877 7.0225336394e-06
0.1 1.03523154425 2.57990497751 0.00659123208337 3.02721695186e-05
0.1 1.76352963089 1.43909669721 0.000652600140777 1.20889757887e-06
0.1 1.44299104511 2.29338056519 0.00152991274103 4.08028668867e-06
0.1 1.81572011451 1.24624083877 0.000577285955971 1.02418509071e-06
0.1 1.07551465613 2.56782012809 0.00554548473675 2.40674573047e-05
0.1 1.82150851477 1.22546171774 0.000569615168933 1.00463300928e-06
0.1 1.45426604874 2.2769774383 0.00147970498518 3.89197826137e-06
0.1 1.9587175108 0.810299172191 0.000420167119468 6.46681596623e-07
0.1 1.5067290451 2.18990485436 0.00127152460245 3.12795331945e-06
0.1 1.15805579452 2.53553142024 0.00398619620884 1.53914280699e-05
0.1 1.82742693258 1.20441160182 0.000561903738194 9.85096465299e-07
0.1 1.85996440851 1.09289957158 0.000521846807247 8.56738315353e-07
0.1 1.94271671433 0.849982037559 0.000434833291274 6.51036486874e-07
0.1 1.92559414926 0.895053294003 0.000451245914477 6.88808329504e-07
0.1 1.89957591445 0.968782003477 0.000477702314879 7.4973310066e-07
0.1 1.32551551105 2.42641682735 0.00220631599904 6.81948873796e-06
0.1 1.2858298112 2.45905264741 0.00251756917345 8.18649488208e-06
0.1 1.89147648185 0.993018247207 0.000486332317556 7.64634727866e-07
0.1 1.91706406811 0.918529869929 0.000459712394769 7.08555854178e-07
0.1 1.59005546392 2.00786039268 0.00101103705306 2.26130203973e-06
0.1 1.53398369869 2.13680155606 0.00117798983503 2.80782251305e-06
0.1 1.95148723896 0.827940559839 0.000426716255029 6.61609696646e-07
0.1 1.86848043914 1.06505910236 0.000511921508506 8.33125237737e-07
0.1 1.68796029141 1.71337405368 0.000784962960448 1.57709589955e-06
0.1 1.2215060652 2.50230214802 0.00315065591735 1.11656485165e-05
0.1 1.64745446171 1.84574754253 0.000869895017251 1.82512367095e-06
0.1 1.56240026775 2.07493971071 0.0010893166431 2.51376184088e-06
0.1 1.00308434166 2.58806694204 0.00761294215801 3.66317335807e-05
0.1 1.79842472794 1.30928191215 0.000600988196748 1.07332623965e-06
0.1 1.32981584481 2.42256542307 0.00217556505508 6.68731634966e-06
0.1 1.91119956647 0.935063012235 0.000465649099768 7.22449677681e-07
0.1 1.42442182294 2.31880832265 0.00161737120276 4.41356918466e-06
0.1 1.61449102052 1.94265645686 0.000947676423192 2.06236058498e-06
0.1 1.71153526792 1.63062233468 0.000740349709389 1.44977358486e-06
0.1 1.18846338398 2.52063990498 0.00355448012812 1.3177943097e-05
0.1 1.86295290522 1.08306091322 0.000518328115377 8.48386884246e-07
0.1 1.2074861829 2.51037349573 0.00331446469016 1.19630353538e-05
0.1 1.82691718231 1.2062164399 0.000562562743993 9.86761313353e-07
0.1 1.64314401365 1.85899611086 0.000879598221603 1.85428416281e-06
0.1 1.48612870749 2.22632979735 0.00134872214048 3.39808211469e-06
0.1 1.74790285557 1.49741427982 0.000677512513923 1.27600329182e-06
0.1 1.69302140532 1.69591921422 0.000775094392664 1.54870755919e-06
0.1 1.4306486085 2.31049455472 0.00158739665918 4.29846708559e-06
0.1 1.09952157374 2.55954081222 0.00502228007963 2.10570668298e-05
0.1 1.53398527867 2.13679830669 0.00117798466486 2.80780508893e-06
0.1 1.32184460486 2.42965335167 0.00223300145389 6.9346892082e-06
0.1 1.23569427061 2.49367143724 0.00299503361385 1.04131588031e-05
0.1 1.66753045326 1.78185427397 0.000826432659305 1.69796133163e-06
0.1 1.65411866634 1.8249329624 0.000855156275483 1.7810738155e-06
0.1 1.65659738802 1.81708936546 0.000849754338406 1.76500329968e-06
0.1 1.29553268139 2.45153544551 0.00243655381645 7.82190211414e-06
0.1 1.49788413014 2.20591873398 0.00130405591672 3.24078372872e-06
0.1 1.58545278457 2.01951260009 0.0010235610612 2.30120898887e-06
0.1 1.49547113171 2.21018847141 0.00131306881858 3.2723759196e-06
0.1 1.42923926144 2.31239478417 0.00159412813187 4.32421642846e-06
0.1 1.10262410636 2.55840809962 0.00495931625794 2.06970309883e-05
0.1 1.09684577117 2.56050593988 0.0050774129301 2.13720236014e-05
0.1 1.62454159815 1.91419268846 0.000923066902825 1.98644990252e-06
0.1 1.54129394274 2.12154350684 0.00115437080084 2.72853001486e-06
0.1 1.85522018329 1.10866743885 0.000527447503306 8.70161518829e-07
0.1 1.33056992194 2.42188332872 0.00217022861351 6.66444501948e-06
0.1 1.99647154037 0.72554914629 0.000387972236567 5.74352824032e-07
0.1 1.41703999364 2.32839630691 0.00165388278427 4.55459426001e-06
0.1 1.09926207993 2.55963488299 0.00502759331773 2.10875215065e-05
0.1 1.9220431045 0.904742676019 0.000454746500242 6.96955857862e-07
0.1 1.5401259848 2.12401127425 0.00115810414606 2.74102254753e-06
0.1 1.00757340273 2.5870014036 0.00745868689337 3.56624353849e-05
0.1 1.67549355874 1.75555534824 0.000809950575933 1.64962194298e-06
0.1 1.17900937113 2.52546329023 0.00368224602541 1.37817655462e-05
0.1 1.82847822543 1.2006944808 0.000560547706245 9.81673446282e-07
0.1 1.7351219536 1.54477723003 0.000698808606638 1.33415036128e-06
0.1 1.57022822782 2.05665969995 0.00106641572906 2.43913400067e-06
0.1 1.70464417126 1.65517484975 0.000753015723672 1.48571924582e-06
0.1 1.99712791845 0.724181051306 0.000387439865811 5.73175187957e-07
0.1 1.09223366859 2.56214411129 0.00517426428088 2.19247226689e-05
0.1 1.30048545959 2.4475869577 0.00239646932269 7.64333663181e-06
0.1 1.81337499388 1.2547091823 0.000580430492052 1.03223400128e-06
0.1 1.82537765293 1.21167686155 0.000564558938712 9.91809718214e-07
0.1 1.09630977768 2.56069796085 0.0050885492094 2.14354589244e-05
0.1 1.93919825592 0.859021306343 0.0004381439545 6.58595355885e-07
0.1 1.90437491471 0.95470844496 0.000472679464117 7.38737709521e-07
0.1 1.13174148729 2.5470363325 0.00441474088029 1.77064739042e-05
0.1 1.71735135828 1.60969455804 0.000729815916067 1.42021727375e-06
0.1 1.90666422399 0.948070045539 0.000470306487676 7.33289930352e-07
0.1 1.71553101355 1.61626334076 0.000733093750676 1.42939222445e-06
0.1 1.8727685715 1.05127247562 0.000507021771557 8.2140503139e-07
0.1 1.07025246965 2.56952374173 0.00566946142916 2.47907840691e-05
0.1 1.71216360406 1.62837009068 0.000739202992267 1.44654639653e-06
0.1 1.12024716315 2.55168904871 0.00462004450547 1.88208707864e-05
0.1 1.11164418212 2.55503068444 0.00478184953598 1.97186007843e-05
0.1 1.99120286761 0.736657116388 0.000392278927486 5.83901344148e-07
0.1 1.58065671387 2.03144467508 0.00103681917596 2.34366143372e-06
0.1 1.9186102712 0.914221431364 0.000458163016149 7.04932345861e-07
0.1 1.22198045833 2.50202121206 0.00314529154066 1.11394916136e-05
0.1 1.5823653838 2.02721813322 0.00103207120809 2.32843413785e-06
0.1 1.52245212196 2.15998248306 0.00121649801785 2.93840106107e-06
0.1 1.55004477368 2.10268850202 0.00112687536398 2.63700220044e-06
0.1 1.72936187825 1.56595987218 0.000708667593398 1.36136593296e-06
0.1 1.84207030989 1.15328369322 0.000543407950852 9.0852765019e-07
0.1 1.13222084233 2.54683751098 0.00440642775522 1.76614049124e-05
0.1 1.08090546985 2.56603418943 0.00542234400707 2.33514884313e-05
0.1 1.61843935351 1.93158889181 0.000937911523673 2.03214720375e-06
0.1 1.47652950932 2.24228694158 0.00138662300339 3.53307534499e-06
0.1 1.97449698957 0.773397084949 0.00040633694819 6.15329097537e-07
0.1 1.63915414565 1.87110655793 0.0008887011611 1.88175537068e-06
0.1 1.77675133481 1.38969115898 0.000632415147927 1.15531702156e-06
0.1 1.84656890886 1.13787437878 0.000537890913463 8.95203783057e-07
0.1 1.97868232275 0.763971625837 0.000402756439689 6.07288282152e-07
0.1 1.81526136572 1.24789524699 0.000577899405495 1.02575377052e-06
0.1 1.62064106605 1.92535286215 0.000932521194373 2.01552108076e-06
0.1 1.67902237259 1.74373809742 0.000802778708309 1.62870950523e-06
0.1 1.04389932219 2.57748565677 0.00634632201817 2.87863363564e-05
0.1 1.29370172494 2.4529758323 0.00245158663428 7.88914165238e-06
0.1 1.59069516659 2.00622520358 0.00100931167229 2.25581911863e-06
0.1 1.75223522772 1.48127602254 0.00067048996713 1.25697180958e-06
0.1 1.69123106178 1.70211458804 0.000778567429865 1.55868183251e-06
0.1 1.0444326821 2.57733363948 0.00633163430111 2.86976353255e-05
0.1 1.43043176999 2.31078761328 0.00158843000892 4.30241741556e-06
0.1 1.92022644265 0.909744759175 0.000456550527335 7.01165033298e-07
0.1 1.49512004831 2.21080623003 0.00131438668139 3.27700201498e-06
0.1 1.24518116189 2.48762856736 0.00289640753918 9.94275326935e-06
0.1 1.69356823468 1.69402247952 0.000774037565851 1.54567579539e-06
0.1 1.76242955689 1.44320886149 0.000654316359428 1.21348448012e-06
0.1 1.38234910789 2.36981905083 0.00184008082335 5.29090964693e-06
0.1 1.88987308053 0.997887585937 0.00048806387492 7.68899326874e-07
0.1 1.78014722263 1.37702718776 0.000627354526182 1.14200380039e-06
0.1 1.20122248425 2.5138389474 0.00339118651373 1.2348352466e-05
0.1 1.60028718862 1.98124574498 0.000983878237431 2.17541918121e-06
0.1 1.75986954931 1.45277653092 0.000658331989658 1.22423756301e-06
0.1 1.58448344332 2.02194129329 0.00102622343937 2.30971695562e-06
0.1 1.72239524061 1.59140633995 0.000720844570552 1.39514961053e-06
0.1 1.58612022523 2.01783499505 0.00102173290173 2.29537187821e-06
0.1 1.54416527448 2.11542843374 0.00114525683422 2.69809772808e-06
0.1 1.59955600152 1.98318032186 0.000985788431972 2.18143012413e-06
0.1 1.15954253191 2.53484438712 0.00396367994823 1.52720311905e-05
0.1 1.96393977083 0.797844409093 0.000415515063124 6.36121322585e-07
0.1 1.50200882635 2.19852247593 0.00128867487067 3.18759230749e-06
0.1 1.64741728242 1.84586254482 0.000869978128189 1.82537292148e-06
0.1 1.18758114739 2.5210977023 0.00356613900121 1.3237650299e-05
0.1 1.22149997831 2.50230574925 0.00315072481614 1.1165984595e-05
0.1 1.40124087295 2.34798009407 0.00173563386043 4.8740749886e-06
0.1 1.718202056 1.60661884321 0.000728289584265 1.41595298332e-06
0.1 1.66950409278 1.77538505283 0.000822308641775 1.68582990777e-06
0.1 1.15945941462 2.53488290404 0.00396493906 1.5278677965e-05
0.1 1.87013303625 1.05972725769 0.000510026073468 8.2860006437e-07
0.1 1.47915081075 2.23799142616 0.00137614149294 3.49560914324e-06
0.1 1.04299583159 2.57774232966 0.00637130181979 2.89373160691e-05
0.1 1.19270282773 2.51841787113 0.00349919899566 1.28953600692e-05
0.1 1.81410120942 1.25208384208 0.000579454445574 1.02973354808e-06
0.1 1.03275041259 2.58058001669 0.00666355036141 3.07134490528e-05
0.1 1.99159532619 0.735821737991 0.000391956066861 5.8318418101e-07
0.1 1.4663323562 2.25856755638 0.00142836554556 3.70140335594e-06
0.1 1.1381871221 2.54433051479 0.00430452034542 1.7111515377e-05
0.1 1.11561649909 2.55350235301 0.00470625153481 1.92980083916e-05
0.1 1.43366751895 2.3063875867 0.00157309749135 4.24389631771e-06
0.1 1.53999207968 2.12429340622 0.00115853314387 2.74245903612e-06
0.1 1.77269385382 1.40484132828 0.000638518980228 1.17146073276e-06
0.1 1.1354603171 2.54548365686 0.00435075524469 1.73603157973e-05
0.1 1.11111004444 2.55523424976 0.0047921307381 1.97759729933e-05
0.1 1.13446492886 2.545901864 0.00436777168464 1.7452188542e-05
0.1 1.22077916143 2.50273154435 0.00315889779894 1.12058664189e-05
0.1 1.39194889753 2.35892871189 0.00178597792043 5.07411376394e-06
0.1 1.15607003549 2.53644287894 0.00401659936372 1.55525812751e-05
0.1 1.44737778177 2.28708799437 0.00151012729471 4.00580907658e-06
0.1 1.74572088861 1.50552854132 0.000681079969465 1.2857161812e-06
0.1 1.22872426752 2.49797094364 0.00307026479468 1.07752249775e-05
0.1 1.38890426549 2.36242820372 0.00180290353028 5.14173046681e-06
0.1 1.78807449658 1.34754120367 0.000615753538475 1.11161146153e-06
0.1 1.41457312191 2.33153703559 0.00166631537492 4.6028597666e-06
0.1 1.42056878325 2.32384867217 0.00163630073845 4.48654917054e-06
0.1 1.91134301566 0.93465476085 0.000465502738607 7.2210750236e-07
0.1 1.93045907714 0.881969753018 0.000446504820565 6.77821723679e-07
0.1 1.00331704552 2.5880122877 0.00760484578044 3.65807359514e-05
0.1 1.09232224217 2.5621129507 0.00517238223158 2.19139604317e-05
0.1 1.80564851851 1.28279493941 0.00059094316797 1.05928431019e-06
0.1 1.46919832088 2.25405993204 0.00141647561276 3.6577297177e-06
0.1 1.56159684057 2.07678524507 0.00109170178135 2.52156984058e-06
0.1 1.84620202028 1.13912556345 0.000538339430869 8.96282568631e-07
0.1 1.9623577524 0.801592011298 0.000416917498236 6.39300973396e-07
0.1 1.03362427478 2.5803431468 0.00663796480315 3.05571890293e-05
0.1 1.3466841838 2.40681133084 0.00206000098283 6.19671259863e-06
0.1 1.29227344839 2.45409233481 0.00246339474457 7.94206090881e-06
0.1 1.92906256999 0.885702795758 0.000447859359142 6.80954632727e-07
0.1 1.16982865419 2.52997791863 0.00381175490331 1.45017829733e-05
0.1 1.00817447055 2.58685693755 0.00743833841446 3.55349369042e-05
0.1 1.42093341562 2.32337505319 0.00163449742573 4.4795841923e-06
0.1 1.09082085809 2.56263987936 0.00520440256019 2.20971852149e-05
0.1 1.93286369568 0.875584148369 0.000444184486506 6.72466542694e-07
0.1 1.71834282198 1.60610955362 0.000728037428917 1.41524879848e-06
0.1 1.77327869657 1.40265661735 0.000637643038079 1.16911770973e-06
0.1 1.02328200888 2.58308499329 0.00694947045712 3.24985527432e-05
0.1 1.28196846892 2.46196584792 0.00255075565317 8.33700622312e-06
0.1 1.83715062835 1.17029904418 0.000549516425244 9.23341809915e-07
0.1 1.55302068722 2.09612683072 0.00111758319932 2.60669065175e-06
0.1 1.67010912443 1.77339541913 0.000821049580226 1.68213099086e-06
0.1 1.98876191461 0.741880112272 0.000394294511441 5.88383337347e-07
0.1 1.90552235994 0.951374996388 0.000471488307289 7.36013168887e-07
