0.5 1.30349928336 1.26646798894 0.219002007742 0.0151068684055
0.5 1.29793869354 1.26771423355 0.222535966096 0.0154473165295
0.5 1.98472279535 0.964070577365 0.0430121099084 0.00152924138113
0.5 1.85922911328 1.03558313428 0.0555969845445 0.00220596775934
0.5 1.3458222134 1.25616796679 0.194183712741 0.012779401494
0.5 1.21637344402 1.28306879474 0.282933949591 0.0215974448649
0.5 1.27613531465 1.27235740823 0.237061033132 0.0168692602374
0.5 1.2640987988 1.27475344527 0.245557307162 0.0177179033418
0.5 1.08057080986 1.29610379006 0.429511420931 0.0391397732052
0.5 1.15786709087 1.2906367277 0.337969872352 0.0277413189144
0.5 1.29899663974 1.26747915559 0.221858439411 0.0153818860121
0.5 1.22220364308 1.28215494047 0.278031660871 0.0210751171986
0.5 1.10275828855 1.29506868575 0.40080893899 0.0354003587828
0.5 1.71913771733 1.10998491484 0.0755512498592 0.00340874635528
0.5 1.71919863743 1.10995429469 0.075540794791 0.00340807944105
0.5 1.75560304732 1.09135794041 0.0696010817501 0.00303511767585
0.5 1.86793858576 1.03073551751 0.0545867598582 0.00214909319084
0.5 1.8522991864 1.03942537611 0.0564175256341 0.00225245748332
0.5 1.28077758066 1.27140135105 0.23387683 0.016554381413
0.5 1.15420322627 1.29101286707 0.341796165076 0.028187795206
0.5 1.37471682335 1.24832088612 0.179165112578 0.0114257226679
0.5 1.68801592229 1.12539637287 0.081134995485 0.00376990630088
0.5 1.72479796626 1.10713248325 0.0745874604117 0.00334747152452
0.5 1.83835291275 1.0471135607 0.0581147170022 0.00234948966928
0.5 1.84817139559 1.04170696665 0.0569133236999 0.00228068688434
0.5 1.23039272422 1.28082374566 0.271310287858 0.0203655606335
0.5 1.04537190728 1.29685136798 0.479381282289 0.0460239890901
0.5 1.76221782588 1.08791741066 0.0685848003746 0.00297251782594
0.5 1.68655318996 1.12610925124 0.0814097995279 0.00378794083481
0.5 1.73453419641 1.10219203073 0.072964975493 0.00324485106024
0.5 1.78127267435 1.07790722309 0.065758488413 0.00280039585686
0.5 1.92639297865 0.997703273608 0.0483653524242 0.00180840850822
0.5 1.03871764148 1.29686874766 0.489428031992 0.0474735425691
0.5 1.94196617651 0.988778563603 0.0468587512813 0.00172847401295
0.5 1.39428167246 1.24263934249 0.169787077682 0.0106022212317
0.5 1.32422954515 1.2616019923 0.206400464146 0.0139113711146
0.5 1.51910576026 1.199729459 0.122177475483 0.00670015611938
0.5 1.58138746506 1.17431153589 0.104580371242 0.00538848593815
0.5 1.45140691096 1.22439780069 0.145618250934 0.00856075418593
0.5 1.13740904702 1.29258989263 0.359956413087 0.0303410954424
0.5 1.35512378498 1.25371321802 0.189189821292 0.0123245934745
0.5 1.21425092348 1.2833942785 0.284743258218 0.021791247935
0.5 1.79918460566 1.06836859621 0.0632321854518 0.00264891189551
0.5 1.16190327738 1.2902086335 0.333809275175 0.0272588137839
0.5 1.86234860658 1.03384949912 0.0552324981573 0.00218540381825
0.5 1.55178464 1.18670433651 0.112525466962 0.00597110516492
0.5 1.95365146085 0.982053584121 0.045766393566 0.00167115967566
0.5 1.57575050718 1.1767137774 0.106038325489 0.00549425871192
0.5 1.00004913778 1.29617853684 0.551784774677 0.0569861806058
0.5 1.75852056442 1.08984267566 0.069150551698 0.00300732197524
0.5 1.68960533432 1.1246206444 0.0808376924434 0.00375042185693
0.5 1.78972909831 1.07341885825 0.0645504017778 0.00272769130104
0.5 1.75080641668 1.09384132072 0.0703497191132 0.00308146212055
0.5 1.2435000213 1.27857560213 0.260939028911 0.019285731383
0.5 1.55168707292 1.18674423201 0.112552859807 0.00597314169627
0.5 1.40687650613 1.23882725385 0.164063401323 0.0101080347455
0.5 1.09910689483 1.2952690015 0.405392040263 0.0359869668825
0.5 1.63614414227 1.1499873489 0.0916254130959 0.00447462062197
0.5 1.27769815846 1.27203747729 0.235983384203 0.0167624180995
0.5 1.97443413769 0.970040017895 0.043900719291 0.00157467096116
0.5 1.91540214151 1.00397344326 0.049465084648 0.00186743564292
0.5 1.6615517072 1.13812091045 0.0862899422193 0.00411211876883
0.5 1.1825251712 1.28780300947 0.313422844195 0.024937261354
0.5 1.42493021263 1.23315436468 0.156261012851 0.00944503589509
0.5 1.92203621631 1.00019169194 0.0487976015798 0.00183156291102
0.5 1.01173707519 1.29653021693 0.532218014248 0.0539018118591
0.5 1.8277113752 1.05293917941 0.0594524294999 0.00242677513654
0.5 1.43731893234 1.229121178 0.151167285832 0.00901885096233
0.5 1.68418283109 1.1272618588 0.0818575700985 0.00381737713224
0.5 1.53428750634 1.19376575728 0.117571819832 0.00634944767982
0.5 1.05131021255 1.29680291424 0.470584332441 0.0447723602068
0.5 1.76702236383 1.08540709781 0.0678581663579 0.00292798121903
0.5 1.48568099706 1.2123092876 0.133122547749 0.00755346333646
0.5 1.90786127119 1.00826087105 0.0502376231692 0.00190919988153
0.5 1.90471544214 1.0100457473 0.0505642548472 0.00192693109878
0.5 1.29719691477 1.26787856458 0.223012516033 0.0154933824904
0.5 1.731887849 1.10353910476 0.0734016078465 0.00327235985895
0.5 1.35925427414 1.25260124055 0.18702143587 0.0121285738593
0.5 1.86346303681 1.03322939371 0.0551030075483 0.00217811132527
0.5 1.35867556511 1.25275784406 0.187323434504 0.0121558206971
0.5 1.08023902449 1.29611589411 0.429956548788 0.0391989818085
0.5 1.08596017253 1.29589225199 0.422349844537 0.03819204835
0.5 1.58584915322 1.17239635027 0.103443542133 0.0053064660644
0.5 1.84101562074 1.04565037055 0.0577858359329 0.00233059727168
0.5 1.4923173003 1.20987282063 0.130856793203 0.0073745354724
0.5 1.77367121738 1.08191774512 0.0668683716983 0.00286760860758
0.5 1.63644673745 1.14984811129 0.091559508117 0.00447009142292
0.5 1.89931394 1.01310533666 0.0511314438401 0.00195783877408
0.5 1.42519170853 1.23307040698 0.156151357542 0.00943580667246
0.5 1.01646526213 1.29663692184 0.524479372093 0.0527079637013
0.5 1.20391637509 1.28492408416 0.293744393658 0.0227636007
0.5 1.0172499487 1.29665270358 0.523204991959 0.0525126961768
0.5 1.93103658313 0.99504694841 0.0479098778111 0.00178413160812
0.5 1.2083014326 1.28428587947 0.289886066931 0.022345115316
0.5 1.44925280454 1.22512940107 0.146450440322 0.00862904197614
0.5 1.24306238844 1.27865297731 0.261277803264 0.0193207155259
0.5 1.12038908884 1.29393827984 0.379436079219 0.0327157519688
0.5 1.70784241571 1.11563217995 0.0775210276931 0.0035350236085
0.5 1.15141846944 1.29129121524 0.344736540977 0.0285325718092
0.5 1.54281103228 1.19035081655 0.115079591913 0.00616181839988
0.5 1.62467604065 1.15522635398 0.0941669262588 0.00465023870536
0.5 1.98284637462 0.965160240774 0.0431724929547 0.00153741255148
0.5 1.28648812932 1.2702012214 0.230028833138 0.0161761952919
0.5 1.82631642914 1.05370011357 0.0596306113844 0.00243712109436
0.5 1.68927056152 1.12478392525 0.0809002001934 0.00375451614616
0.5 1.09360356957 1.29554819789 0.412403189443 0.0368920450153
0.5 1.54760090712 1.18841082457 0.113707435302 0.00605917645906
0.5 1.80487652001 1.06531271024 0.0624546910537 0.00260274046774
0.5 1.20569793609 1.28466679658 0.292169815711 0.0225925123779
0.5 1.50125050369 1.20654515922 0.12788090646 0.00714131472751
0.5 1.91402260077 1.00475869182 0.0496053239067 0.00187499674934
0.5 1.12580431372 1.29353662952 0.373117823233 0.0319380539299
0.5 1.16586205379 1.28977494646 0.329783097779 0.0267947397287
0.5 1.46561366718 1.21948870666 0.140271912272 0.00812566763339
0.5 1.39040689523 1.24378806269 0.171596311022 0.0107597691572
0.5 1.73437530122 1.10227300182 0.0729911013047 0.00324649523893
0.5 1.46360217047 1.22019257061 0.141014143599 0.00818570682697
0.5 1.26116848128 1.27531862539 0.247679474489 0.017931812317
0.5 1.71065897809 1.11422961099 0.077023994625 0.00350303465234
0.5 1.75932144404 1.08942614164 0.06902751245 0.00299974324017
0.5 1.15261104791 1.29117283118 0.343473916409 0.0283843332574
0.5 1.08383608062 1.29597866928 0.425157702723 0.0385623589228
0.5 1.23716563312 1.27967993942 0.265892827988 0.0197992195137
0.5 1.03634837439 1.29686520944 0.49305308801 0.0480020426955
0.5 1.57895977909 1.1753484861 0.105205409422 0.00543370585203
0.5 1.50276834053 1.20597423765 0.12738355024 0.00710253606773
0.5 1.20279897056 1.28508410846 0.294736930482 0.0228716600896
0.5 1.61949975751 1.15756673665 0.0953425625448 0.00473209380063
0.5 1.60855435952 1.16246372849 0.0978887264119 0.0049107425354
0.5 1.52868017247 1.19598626868 0.119247696918 0.00647643510191
0.5 1.97763527167 0.96818415341 0.0436218179333 0.00156037119281
0.5 1.28472451744 1.2705747385 0.231209595843 0.0162919141893
0.5 1.11088413286 1.29458147625 0.39080396092 0.0341333626112
0.5 1.82469161079 1.05458563349 0.0598390132694 0.00244923684913
0.5 1.59755611232 1.16731357245 0.100532258998 0.00509799475889
0.5 1.04242711348 1.29686394425 0.483803234302 0.0466592710219
0.5 1.99099418071 0.960425478387 0.0424814254041 0.0015022937496
0.5 1.90196238494 1.0116059428 0.0508523434843 0.0019426149
0.5 1.34582375329 1.25616756605 0.194182872875 0.0127793246177
0.5 1.03490274736 1.29686062123 0.495277422506 0.0483277761757
0.5 1.68278071874 1.1279423015 0.0821238698935 0.00383491319943
0.5 1.05958500867 1.29668219849 0.458588621506 0.0430917745104
0.5 1.42139661465 1.23428383254 0.157751999958 0.00957077406055
0.5 1.77756836927 1.07986433626 0.0662964727772 0.00283288482586
0.5 1.06926414912 1.29646379296 0.444940080309 0.0412155560923
0.5 1.78887549087 1.07387311401 0.0646710804187 0.00273492943477
0.5 1.01792109603 1.2966657592 0.522117236899 0.0523463282596
0.5 1.13701116878 1.29262429035 0.360399239491 0.0303943285722
0.5 1.6892179753 1.12480959824 0.0809100243699 0.00375515974605
0.5 1.0793178386 1.2961492127 0.431194192504 0.0393639026503
0.5 1.16717233504 1.28962877406 0.328462986003 0.0266429285898
0.5 1.73486408963 1.10202403107 0.0729107708962 0.00324144053019
0.5 1.01401793089 1.29658435788 0.528472092683 0.0533220817618
0.5 1.67594966997 1.13124311722 0.0834367162678 0.00392171464765
0.5 1.62555865539 1.15482579228 0.0939682570354 0.00463644474922
0.5 1.64021798259 1.14810854653 0.0907430270066 0.00441413170112
0.5 1.68373610596 1.1274787618 0.0819422993627 0.00382295423481
0.5 1.800477826 1.06767531771 0.0630544657154 0.00263835029799
0.5 1.75385128883 1.09226600933 0.0698733385107 0.00305194920599
0.5 1.4620997586 1.22071640521 0.141571656014 0.00823086717342
0.5 1.71382600981 1.11264823868 0.0764697521591 0.00346747791104
0.5 1.72259119689 1.10824638481 0.0749614019088 0.00337123040926
0.5 1.11674203507 1.29419440496 0.383755757111 0.0332517500397
0.5 1.68538231898 1.12667896025 0.0816306019864 0.00380244850711
0.5 1.9941754082 0.958574798264 0.0422153429501 0.00148883444338
0.5 1.87091185871 1.02907579757 0.0542471168444 0.00213007439476
0.5 1.06611946132 1.29654387244 0.449329583215 0.041814899833
0.5 1.37110081598 1.24933859463 0.180966137834 0.0115858595272
0.5 1.34464230585 1.25647447881 0.194828524357 0.0128384620753
0.5 1.0300644388 1.29683164853 0.502790879427 0.0494361732645
0.5 1.37677434645 1.24773728451 0.178149954303 0.011335757185
0.5 1.09029420649 1.29570356648 0.416679793153 0.0374485531488
0.5 1.54592798485 1.18909015533 0.114184346236 0.00609480065287
0.5 1.76138350875 1.08835253763 0.0687119639842 0.00298033094459
0.5 1.74077065486 1.09900527363 0.0719486184988 0.00318107016212
0.5 1.87232848894 1.02828421911 0.0540861987111 0.00212108041199
0.5 1.20637668727 1.28456802208 0.291572283367 0.0225277151372
0.5 1.41798968667 1.23536419433 0.159205931361 0.00969382524876
0.5 1.15437599397 1.29099537765 0.341614655888 0.0281665618613
0.5 1.14726550368 1.29169387342 0.34917339742 0.0290556604459
0.5 1.4779984179 1.21509154892 0.135805789506 0.00776684846375
0.5 1.41982373699 1.23478362025 0.158421224431 0.00962735486246
0.5 1.56574850432 1.18092737531 0.108688204026 0.0056877164131
0.5 1.65951825566 1.13908349599 0.0867025732592 0.00413985868554
0.5 1.44892673928 1.22523984916 0.146576912969 0.0086394329018
0.5 1.69835510326 1.12032815104 0.0792250761161 0.00364527792371
0.5 1.10610105562 1.29487526412 0.396660751537 0.0348727935062
0.5 1.09068676704 1.29568550018 0.416170106453 0.0373820509216
0.5 1.90055783578 1.0124013744 0.0510001390028 0.00195065120326
0.5 1.48928595335 1.21098957912 0.131885844974 0.00745565645088
0.5 1.28759536168 1.2699654194 0.229291378968 0.0161040743638
0.5 1.641151113 1.14767678697 0.0905423926833 0.00440039911911
0.5 1.58307158656 1.17359006189 0.104149460081 0.00535736178607
0.5 1.3236833272 1.26173463981 0.206721232377 0.0139414193865
0.5 1.50693347696 1.20439945009 0.126030871534 0.00699733762047
0.5 1.22724088361 1.28134307977 0.273874832971 0.020635387496
0.5 1.9174719509 1.00279453131 0.0492555936034 0.00185615713932
0.5 1.67511854305 1.13164308616 0.0835982154856 0.00393242570085
0.5 1.66907888563 1.13453868062 0.0847834937444 0.0040112807089
0.5 1.40886301277 1.23821502137 0.163181778609 0.0100325301077
0.5 1.66117499214 1.13829940411 0.0863662022309 0.00411724164226
0.5 1.02552232917 1.29678517915 0.509941134886 0.0505028472712
0.5 1.0929459154 1.2955798094 0.41324942293 0.037001903032
0.5 1.26754523078 1.27407971577 0.243088564268 0.0174700327495
0.5 1.72763776353 1.10569592954 0.0741096464596 0.00331718058112
0.5 1.63667124099 1.14974477383 0.0915106492737 0.00446673449676
0.5 1.23727260074 1.27966156937 0.265808275364 0.019790420055
0.5 1.86717102684 1.03116348743 0.0546748679651 0.00215403421184
0.5 1.04751337967 1.29683754094 0.476190721504 0.0455681302527
0.5 1.9973650445 0.956718134945 0.0419506348903 0.00147547943451
0.5 1.76282989098 1.08759816418 0.0684916969533 0.00296680102955
0.5 1.93904776302 0.990454407773 0.0471365858105 0.00174312833898
0.5 1.89837357261 1.01363728317 0.0512309872134 0.00196328390298
0.5 1.95343149828 0.98218039555 0.0457866615004 0.00167221808442
0.5 1.60981773458 1.16190205057 0.0975905858755 0.0048897361879
0.5 1.5482260563 1.18815656714 0.113529859231 0.00604590265215
0.5 1.29804671596 1.26769026529 0.222466668499 0.0154406211603
0.5 1.52695837651 1.19666392782 0.119768176474 0.00651601497697
0.5 1.3242820615 1.26158922626 0.206369655051 0.0139084861444
0.5 1.80371162735 1.06593906954 0.0626128358499 0.00261210307059
0.5 1.87103221809 1.02900855503 0.0542334232831 0.00212930855688
0.5 1.92227669285 1.00005443838 0.0487736190382 0.00183027758849
0.5 1.53345261974 1.19409769297 0.117819498112 0.00636817641941
0.5 1.79480865026 1.0707100942 0.0638380311142 0.00268501194668
0.5 1.86221638283 1.03392304957 0.0552478868953 0.00218627091061
0.5 1.78289887877 1.07704627279 0.0655240224534 0.00278624003262
0.5 1.77834759955 1.07945316162 0.0661828512618 0.00282595353251
0.5 1.38283674837 1.24599871707 0.175198935558 0.0110753594532
0.5 1.60874230698 1.16238022886 0.0978443020947 0.00490761093822
0.5 1.24334955788 1.27860222268 0.261055445981 0.0192977512025
0.5 1.62772185346 1.15384240618 0.0934835237058 0.00460283589898
0.5 1.01635934823 1.29663474895 0.524651598235 0.052734382654
0.5 1.31697914027 1.26334314892 0.21070707612 0.0143167427958
0.5 1.1843124013 1.28757739754 0.311722966215 0.0247468891849
0.5 1.81726587383 1.05862141064 0.0608030133586 0.00250554556504
0.5 1.22474188176 1.28174872309 0.275928035106 0.0208522203862
0.5 1.21528635488 1.28323595163 0.283858944888 0.021696458634
0.5 1.29385898308 1.26861250947 0.22517202699 0.0157026216826
0.5 1.43339789904 1.23040983889 0.1527573161 0.00915130904721
0.5 1.65524474889 1.14109917367 0.0875777316457 0.00419886237021
0.5 1.83428523418 1.04934465562 0.0586215274315 0.00237869230332
0.5 1.15804900765 1.29061772098 0.337781115731 0.0277193636786
0.5 1.17619557197 1.28858029141 0.319528077207 0.0256249624669
0.5 1.49040519117 1.21057810797 0.131504747356 0.00742558623004
0.5 1.25941139497 1.27565406472 0.248962271024 0.01806148872
0.5 1.68733450553 1.12572850284 0.0812628704173 0.00377829539658
0.5 1.13706396302 1.29261973404 0.360340447028 0.0303872590087
0.5 1.73083714882 1.10407307195 0.0735758652413 0.00328343171779
0.5 1.51951083076 1.19957233633 0.122051745334 0.00669051539428
0.5 1.71617810891 1.11147037516 0.0760613195108 0.00344132808583
0.5 1.63806419862 1.14910297045 0.0912082179464 0.00444597079331
0.5 1.235422452 1.27997794805 0.267275126287 0.0199432484492
0.5 1.34352180307 1.25676446969 0.195443249062 0.0128948381507
0.5 1.55802156665 1.18413944746 0.11079131613 0.00584255859934
0.5 1.19019640528 1.28681541194 0.306198950964 0.0241317087557
0.5 1.46456099379 1.21985741971 0.140659746306 0.00815702460317
0.5 1.67978827796 1.1293911882 0.0826958118873 0.00387267875818
0.5 1.02615145601 1.29679272402 0.508945152136 0.0503535748585
0.5 1.75492277616 1.09171073048 0.0697066524311 0.00304164123053
0.5 1.59323680654 1.16919859403 0.101594475565 0.0051738233799
0.5 1.10671055035 1.29483894138 0.395909468086 0.0347775631111
0.5 1.30840970402 1.26534662458 0.215935838942 0.0148133808037
0.5 1.39717968933 1.24177282367 0.168448966285 0.0104861140135
0.5 1.55750327717 1.18435353679 0.110934171154 0.00585311910391
0.5 1.24223297764 1.27879918164 0.261921258419 0.0193872167475
0.5 1.77727756407 1.08001777022 0.0663389378107 0.00283545939664
0.5 1.69041684194 1.12422440622 0.0806864181443 0.00374051839103
0.5 1.79101069589 1.07273629771 0.0643697403071 0.00271686577843
0.5 1.94822151891 0.985181531522 0.0462700163958 0.00169751511368
0.5 1.2926745209 1.26887071885 0.225944243286 0.0157776748027
0.5 1.38246869465 1.24610507484 0.175376403536 0.0110909705808
0.5 1.86284932927 1.0335709238 0.0551742702499 0.00218212377477
0.5 1.74466635861 1.09700599323 0.0713226584519 0.0031419819949
0.5 1.54892103756 1.18787356732 0.113332841663 0.00603121075571
0.5 1.10498287251 1.29494105561 0.398043449283 0.0350482720348
0.5 1.90956328359 1.00729446339 0.0500619595873 0.00189968030094
0.5 1.64635605711 1.14526029746 0.0894332820171 0.00432469482258
0.5 1.21126345745 1.28384556643 0.28731257092 0.0220673889516
0.5 1.32001459887 1.26261937165 0.208891411591 0.0141453724667
0.5 1.30036686173 1.26717322247 0.2209846038 0.0152975542579
0.5 1.80106521786 1.06736022407 0.062973960903 0.00263356914192
0.5 1.1199982208 1.29396628502 0.379896546474 0.0327729092465
0.5 1.44145696354 1.22774887407 0.149511056071 0.00888145112824
0.5 1.2945984016 1.26845067508 0.224691538975 0.0156559955459
0.5 1.30334774937 1.26650228136 0.219097431898 0.0151160303425
0.5 1.44054460325 1.22805253344 0.149874317853 0.00891154085858
0.5 1.75508605353 1.0916260723 0.0696812954644 0.00304007398698
0.5 1.78634346763 1.07521909192 0.0650306952513 0.00275501773043
0.5 1.68344480431 1.12762014605 0.0819976083037 0.00382659601876
0.5 1.76046401585 1.08883154961 0.0688524484433 0.00298896912474
0.5 1.4018870684 1.24035181321 0.166302517417 0.0103006053957
0.5 1.91147782589 1.00620613299 0.0498652723962 0.00188903719509
0.5 1.03302035421 1.29685182966 0.49818798634 0.0487556728761
0.5 1.24300820577 1.2786625459 0.261319781953 0.0193250518881
0.5 1.30054711627 1.26713286303 0.220869941086 0.0152865070924
0.5 1.77351673222 1.08199902133 0.0668911679344 0.0028689950396
0.5 1.58610463699 1.17228631599 0.103378907583 0.00530181331066
0.5 1.23084720922 1.28074824622 0.270942759939 0.0203269849095
0.5 1.85925208299 1.03557049456 0.055594289823 0.00220581551791
0.5 1.06223120623 1.29663078133 0.454816797072 0.0425695064836
0.5 1.60441798549 1.16429607292 0.0988727543051 0.00498017979363
0.5 1.72954720038 1.10472794411 0.0737905033909 0.00329699097361
0.5 1.84504270963 1.04343306993 0.05729281895 0.00230235592689
0.5 1.35964370206 1.25249566983 0.186818542889 0.0121102782578
0.5 1.60009536372 1.16620025352 0.0999141894674 0.0050540260065
0.5 1.70546405869 1.11681334587 0.0779439449767 0.00356229792273
0.5 1.48517784069 1.21249279282 0.133296285373 0.0075672279744
0.5 1.35616195532 1.25343501453 0.18864198188 0.0122749847162
0.5 1.20722336455 1.28444429592 0.290829086197 0.0224471828896
0.5 1.27955195823 1.27165546459 0.234712597839 0.0166368407074
0.5 1.37271796519 1.2488847087 0.180157985851 0.0115139020285
0.5 1.77874949039 1.07924093251 0.0661243449832 0.00282247709025
0.5 1.68960929817 1.12461870846 0.0808369526835 0.00375037340965
0.5 1.81108095525 1.06196848849 0.0616206266162 0.00255351670954
0.5 1.0334272981 1.29685400036 0.49755740689 0.0486628071998
0.5 1.50694484205 1.20439513687 0.12602720474 0.00699705307622
0.5 1.10404559149 1.29499535885 0.399206128745 0.0351961312141
0.5 1.2463154179 1.27807399637 0.25877178076 0.0190623881256
0.5 1.15709422853 1.29071681849 0.338773075689 0.0278347454487
0.5 1.42247336162 1.2339406951 0.157295847365 0.00953225604633
0.5 1.05575286371 1.29674560663 0.464106510503 0.0438610113078
0.5 1.17007466169 1.2892989965 0.325559043546 0.0263105724032
0.5 1.81218585141 1.0613715252 0.0614735550753 0.00254486348763
0.5 1.90585862565 1.00939738543 0.0504452961203 0.00192046557722
0.5 1.72553219544 1.10676141675 0.0744635566166 0.00333960936444
0.5 1.82463257979 1.05461778873 0.0598466015867 0.00244967834157
0.5 1.52633332839 1.19690944456 0.119957843569 0.00653045180653
0.5 1.03520292146 1.29686172851 0.494814776779 0.0482599345978
0.5 1.9120392288 1.00588693319 0.0498077798428 0.00188592934168
0.5 1.50120063131 1.20656389146 0.127897288704 0.00714259301598
0.5 1.07198597907 1.29638734883 0.441175494576 0.0407047736378
0.5 1.82673110756 1.05347397591 0.0595775667957 0.00243404027354
0.5 1.15491802413 1.29094034018 0.341045877958 0.0281000634744
0.5 1.0705859283 1.29642759098 0.443107895677 0.0409665389057
0.5 1.5138992754 1.20173934728 0.123807776703 0.006825400803
0.5 1.46462971074 1.21983337485 0.140634389154 0.00815497343677
0.5 1.898266564 1.01369780266 0.051242329949 0.00196389638839
0.5 1.76453294351 1.08670917998 0.0682334023283 0.00295096073388
0.5 1.87711776102 1.02560383567 0.0535466138186 0.00209103092617
0.5 1.42534708833 1.23302049561 0.156086245084 0.00943032764617
0.5 1.16795928152 1.28954012516 0.327672842059 0.0265523438339
0.5 1.57027434295 1.17902851885 0.107479163103 0.00559924642078
0.5 1.32488810486 1.26144174522 0.206014536302 0.0138751896937
0.5 1.75735236043 1.09044991853 0.0693305110416 0.00301841630189
0.5 1.69410811698 1.12241676696 0.0800027279709 0.00369591318318
0.5 1.65558045735 1.14094112082 0.0875085884298 0.00419419239148
0.5 1.9091962368 1.00750296933 0.0500997775932 0.00190172862058
0.5 1.3570783844 1.25318874073 0.188159968535 0.0122313842726
0.5 1.2837018296 1.27079016822 0.23189736256 0.0163594499368
0.5 1.81788737448 1.05828434818 0.0607215957877 0.00250077971944
0.5 1.06318211657 1.29661078314 0.453468767866 0.0423835517135
0.5 1.45489389389 1.22320646098 0.144283338788 0.00845154160711
0.5 1.67704615808 1.1307149024 0.0832242438792 0.00390763512443
0.5 1.62341784633 1.15579661069 0.0944510328412 0.00466998416807
0.5 1.15149618842 1.29128353778 0.344654102146 0.0285228851242
0.5 1.2495456246 1.27749036255 0.256310965076 0.0188097604357
0.5 1.19004035084 1.28683600362 0.306344022399 0.0241477983742
0.5 1.70041893614 1.11931050635 0.0788504907332 0.00362096040606
0.5 1.61352551782 1.16024823448 0.0967220430678 0.00482863792365
0.5 1.54525167021 1.18936422911 0.114377855038 0.00610927072354
0.5 1.78657452916 1.07509640187 0.064997775654 0.00275449436377
0.5 1.34076708183 1.25747335295 0.196964466044 0.0130346441168
0.5 1.20785273275 1.28435193293 0.290278207776 0.0223875323124
0.5 1.40454285744 1.23954265394 0.165106041486 0.0101975664734
0.5 1.60245397727 1.16516256908 0.0993442818908 0.00501357727074
0.5 1.89027157626 1.01821193032 0.0520986815774 0.00201088939628
0.5 1.74013806407 1.09932929003 0.0720509044498 0.00318747349387
0.5 1.42441067028 1.23332102178 0.156479154716 0.00946340349036
0.5 1.42568633682 1.23291145929 0.155944196415 0.0094183516764
0.5 1.45064150554 1.22465814149 0.145913285547 0.0085849473627
0.5 1.67817030405 1.13017267949 0.0830071066348 0.00389326083426
0.5 1.90550085721 1.00960032705 0.0504825080942 0.00192248675878
0.5 1.56027043649 1.18320848737 0.110174078183 0.00579698859021
0.5 1.12265334173 1.29377342773 0.376780376781 0.0323880124534
0.5 1.69112571503 1.12387776032 0.0805545627334 0.00373189208701
0.5 1.6868992401 1.12594063853 0.0813446830645 0.00378366530943
0.5 1.3272475083 1.26086478348 0.204638844648 0.0137464342038
0.5 1.00351223644 1.29629567498 0.545922220046 0.0560521749279
0.5 1.34131996283 1.25733156008 0.196657996034 0.0130064462064
0.5 1.04939100107 1.29682206277 0.473410191958 0.0451726348932
0.5 1.9380652975 0.991018198881 0.0472305707574 0.0017480978238
0.5 1.63982622314 1.14828961037 0.0908274237406 0.00441986462202
0.5 1.44256986986 1.22737764228 0.149069396538 0.00884490506711
0.5 1.27398144867 1.2727948835 0.238555714929 0.0170176481644
0.5 1.56196238369 1.18250595392 0.109712480457 0.0057629722228
0.5 1.38508433159 1.24534696386 0.174119891388 0.0109805719677
0.5 1.49317907411 1.20955432249 0.130566043163 0.00735165897156
0.5 1.89390247184 1.01616374004 0.051707586204 0.00198939531309
0.5 1.36916115214 1.24988032251 0.18194123365 0.0116727489732
0.5 1.14254309651 1.29213366756 0.354295228808 0.0296637159771
0.5 1.75744863946 1.09039990455 0.0693156575211 0.00301750016759
0.5 1.32481721286 1.26145901202 0.206056041545 0.0138790524613
0.5 1.41674260532 1.23575737888 0.159742197179 0.0097393150946
0.5 1.88660503178 1.02027684449 0.0524973531811 0.00203286654296
0.5 1.90284861299 1.01110389344 0.0507593839245 0.0019375304357
0.5 1.4455842434 1.22636759216 0.147881094554 0.00874678132128
0.5 1.88533739104 1.02098997662 0.0526360677827 0.00204052908767
0.5 1.08538430506 1.29591607397 0.423109196582 0.0382920823553
0.5 1.64356603923 1.14655753872 0.0900256936554 0.00436508684634
0.5 1.36844774177 1.25007883502 0.182301466514 0.0117049094468
0.5 1.96913572787 0.973108757404 0.0443672378428 0.00159865539483
0.5 1.91904869967 1.00189585283 0.0490967542543 0.001847618086
0.5 1.53571578356 1.1931968555 0.117149572589 0.00631755409222
0.5 1.67733083948 1.1305776176 0.0831691891382 0.00390398917638
0.5 1.5278679563 1.19630618371 0.119492919002 0.00649507153139
0.5 1.12208228334 1.29381542596 0.377448277788 0.0324705006338
0.5 1.11399610728 1.2943795816 0.387042756682 0.0336616887697
0.5 1.40946367589 1.23802931723 0.162916443011 0.0100098269851
0.5 1.69631091069 1.12133452672 0.0795982708542 0.00366954965434
0.5 1.9205473661 1.00104120115 0.0489464060467 0.0018395439017
0.5 1.21020201199 1.28400420599 0.288231768801 0.0221664585588
0.5 1.14860345249 1.29156577809 0.347737177761 0.0288859583481
0.5 1.01291959134 1.29655889249 0.530273158961 0.0536003697182
0.5 1.0285646182 1.29681836643 0.505141540086 0.0497855360077
0.5 1.48617734755 1.21212810481 0.132951431604 0.00753990978562
0.5 1.09267128984 1.2955928972 0.413603329038 0.0370478869584
0.5 1.77709047825 1.08011646242 0.0663662749876 0.00283711710589
0.5 1.48696638159 1.21183989189 0.132679966923 0.00751842145391
0.5 1.98992766309 0.961045678706 0.0425710970624 0.00150683749128
0.5 1.89930274016 1.0131116734 0.0511326279944 0.00195790359067
0.5 1.2864623433 1.27020670098 0.2300460407 0.016177880466
0.5 1.7098407325 1.11463746631 0.0771679309542 0.00351229333875
0.5 1.09111462437 1.29566582844 0.415615325887 0.037309749878
0.5 1.88042519878 1.02374925203 0.0531779163886 0.00207053838105
0.5 1.63117021715 1.15226871085 0.0927171760146 0.00454983796711
0.5 1.28732432726 1.27002323296 0.22947164002 0.0161216562951
0.5 1.69922333851 1.11990016859 0.0790672236791 0.00363502491852
0.5 1.7101063502 1.1145051041 0.0771211344876 0.00350928471051
0.5 1.82619181628 1.05376805796 0.0596465628032 0.00243804776464
0.5 1.96224412231 0.977094348521 0.0449832977216 0.00163051100635
0.5 1.9280235187 0.996771051314 0.0482048082517 0.0017998407868
0.5 1.03684216314 1.29686634621 0.49229548072 0.0478913503084
0.5 1.12394212342 1.29367764955 0.375277692387 0.0322031264102
0.5 1.96425818875 0.975930305229 0.0448021606709 0.0016211259873
0.5 1.41535205441 1.23619445153 0.160342745387 0.00979040570036
0.5 1.6181776937 1.15816174764 0.0956457298789 0.00475326541652
0.5 1.62036124308 1.15717822318 0.095145650366 0.00471835634875
0.5 1.59021489045 1.17051059484 0.102345869869 0.00522762685305
0.5 1.18641339793 1.28730868782 0.309737734812 0.0245252038047
0.5 1.11894655402 1.29404097378 0.38113844591 0.0329267657371
0.5 1.87290542741 1.0279616347 0.0540208417517 0.00211742997755
0.5 1.73809288489 1.10037566468 0.0723828331318 0.0032082774209
0.5 1.89935890074 1.01307989813 0.0511266905048 0.00195757856674
0.5 1.95439769004 0.981623458694 0.0456977170652 0.00166757475569
0.5 1.40302715348 1.24000511031 0.165787659608 0.0102562037199
0.5 1.42227458089 1.23400405297 0.157379938034 0.00953935353527
0.5 1.31136924365 1.26466140181 0.214112833007 0.0146397326954
0.5 1.57156428586 1.17848498199 0.10713760176 0.00557430796929
0.5 1.77047068558 1.08359961741 0.0673425238118 0.00289648953937
0.5 1.26075033153 1.27539871753 0.247984050632 0.0179625760681
0.5 1.79964977828 1.06811929331 0.0631681993044 0.00264510728569
0.5 1.63741576783 1.14940187004 0.0913488478164 0.00445562258228
0.5 1.25638889939 1.27622526911 0.251187120549 0.0182870641789
0.5 1.6412163258 1.1476466106 0.0905283916437 0.00439944124027
0.5 1.34502635708 1.25637483219 0.194618361529 0.0128192041058
0.5 1.13696646355 1.29262814666 0.360449032067 0.0304003164119
0.5 1.92462797898 0.998711812497 0.0485398520882 0.00181773588765
0.5 1.16465156307 1.28990912207 0.331008270918 0.0269356700095
0.5 1.7362181702 1.10133336613 0.0726888047491 0.00322748485494
0.5 1.01628299655 1.29663317623 0.524775785155 0.0527534369062
0.5 1.969146963 0.973102254321 0.0443662420985 0.00159860405218
0.5 1.88875855884 1.0190644281 0.0522627379343 0.00201992500643
0.5 1.12480026359 1.29361303949 0.374280729218 0.0320806506767
0.5 1.08698890375 1.29584896689 0.420996819946 0.0380140650113
0.5 1.62001005213 1.15733674699 0.095225862391 0.00472395097056
0.5 1.31706415392 1.26332297727 0.210655870281 0.0143119111116
0.5 1.74907908449 1.09473329274 0.0706217563049 0.00309835075811
0.5 1.1315501209 1.29308248774 0.366537273371 0.0311356552379
0.5 1.14574820591 1.29183726617 0.350810015399 0.0292494685534
0.5 1.72551939959 1.10676788567 0.0744657137779 0.00333974620071
0.5 1.24305715069 1.2786539024 0.261281860929 0.0193211346662
0.5 1.73763509429 1.10060989722 0.0724573909401 0.00321295554584
0.5 1.20641116373 1.28456299581 0.291541978505 0.0225244294743
0.5 1.07396898708 1.29632767962 0.438453051451 0.0403370664381
0.5 1.67026273937 1.13397256861 0.0845495333168 0.00399568166753
0.5 1.43035417292 1.23140253841 0.154005626384 0.00925566144002
0.5 1.6001282339 1.16618581623 0.0999062194372 0.00505345972929
0.5 1.10113996432 1.29515880566 0.402833432005 0.0356590027581
0.5 1.5679373985 1.18001062452 0.108101377658 0.00564474881778
0.5 1.37733276563 1.24757832801 0.177875634814 0.0113114852367
0.5 1.74804752722 1.0952652799 0.0707848380489 0.00310848748036
0.5 1.43093955744 1.23121216565 0.153764589282 0.00923548792465
0.5 1.14334817914 1.29206006497 0.3534163046 0.029559040111
0.5 1.77813430702 1.07956577206 0.0662139279503 0.00282783744417
0.5 1.98353639229 0.9647595824 0.0431134288519 0.00153440190601
0.5 1.52643602463 1.19686912369 0.119926653954 0.00652807730408
0.5 1.29258116622 1.26889103521 0.226005238899 0.0157836053136
0.5 1.09731399766 1.2953629596 0.407662398139 0.0362790204318
0.5 1.41633865065 1.23588441277 0.159916374475 0.00975410300692
0.5 1.68239463969 1.12812949001 0.0821973851281 0.00383975812012
0.5 1.06714940315 1.29651861295 0.447887155805 0.0416175522226
0.5 1.13431800706 1.29285347396 0.363412179123 0.0307573208464
0.5 1.99871606008 0.955931396867 0.0418391365572 0.00146986457634
0.5 1.58885195401 1.17110054556 0.102687003082 0.00525208130745
0.5 1.74548732976 1.09658378606 0.071191607294 0.0031338112018
0.5 1.2034079434 1.28499702995 0.294195535978 0.0228126967826
0.5 1.23880545417 1.27939727227 0.264600062406 0.0196648112585
0.5 1.24023264115 1.27914942654 0.263480851479 0.0195486770855
0.5 1.96177027709 0.977368105145 0.0450260457043 0.00163272811275
0.5 1.83315674953 1.04996267505 0.0587631214786 0.00238686783635
0.5 1.98986821476 0.961080245271 0.0425761023378 0.00150709122945
0.5 1.31826878778 1.26303653817 0.209933269959 0.0142436462705
0.5 1.90294912405 1.01104694246 0.0507488542937 0.00193695709639
0.5 1.67581194045 1.13130942236 0.0834634522787 0.0039234872972
0.5 1.8923213855 1.01705597639 0.0518774401544 0.00199872230764
0.5 1.37726423019 1.2475978499 0.177909274913 0.0113144615818
0.5 1.74338842255 1.09766262628 0.0715272501422 0.0031547291239
0.5 1.52052438712 1.19917870551 0.121737840515 0.00666646491354
0.5 1.02451431445 1.2967723457 0.511540701402 0.0507430570263
0.5 1.90459187886 1.01011580917 0.0505771414182 0.00192763102533
0.5 1.45856820275 1.22194153643 0.14289281425 0.0083382003038
0.5 1.03096503945 1.29683858863 0.501384279274 0.0492276964765
0.5 1.41271013645 1.23702092488 0.161491361278 0.00988813508148
0.5 1.54389486264 1.18991317424 0.114767342412 0.00613841939287
0.5 1.2208064044 1.28237646857 0.279197570668 0.0211989733086
0.5 1.89283986204 1.01676345684 0.0518216646483 0.00199565822638
0.5 1.47872310462 1.21483088717 0.135549874507 0.00774642712268
0.5 1.06287167532 1.2966174003 0.453908371727 0.0424441588769
0.5 1.21061414914 1.28394272266 0.28787446425 0.0221279319201
0.5 1.74911824369 1.09471308573 0.0706155746976 0.0030979667068
0.5 1.24285346271 1.27868985981 0.261439714202 0.0193374424345
0.5 1.10427896309 1.29498191002 0.398916325647 0.0351592501962
0.5 1.17148700516 1.2891359973 0.324156295347 0.0261505441999
0.5 1.68926263004 1.12478779751 0.0809016818612 0.00375461321094
0.5 1.55979928775 1.18340378848 0.110303041737 0.00580650188732
0.5 1.87861998461 1.02476186847 0.0533787426468 0.00208169442912
0.5 1.36050752103 1.25226126852 0.186369434943 0.0120698086935
0.5 1.0662313514 1.29654117397 0.449172661664 0.0417934028965
0.5 1.93631307302 0.992023362416 0.0473987997038 0.00175700157179
0.5 1.27867633454 1.271836256 0.235311820605 0.0166960826768
0.5 1.39993464275 1.2409432601 0.167188731517 0.0103770867552
0.5 1.94414600421 0.98752583288 0.0466525403974 0.00171761217141
0.5 1.32441010138 1.26155809217 0.20629456251 0.013901392394
0.5 1.49059193273 1.21050934412 0.131441293636 0.00742058265611
0.5 1.81742690238 1.05853409162 0.0607819053628 0.00250430974894
0.5 1.87465348604 1.02698369924 0.0538234141393 0.00210645154601
0.5 1.01188208851 1.29653379768 0.53197926948 0.0538647433699
0.5 1.6015744194 1.16554998983 0.0995563378589 0.00502861742312
0.5 1.85990026558 1.03521059502 0.0555183142365 0.00220152440899
0.5 1.86326544472 1.03333936583 0.0551259391291 0.00217940226525
0.5 1.49887826469 1.20743428642 0.128663003673 0.0072024097874
0.5 1.1323504284 1.29301695463 0.365630618833 0.0310257280532
0.5 1.35583401896 1.25352298421 0.1888148267 0.0122906300609
0.5 1.89089450793 1.01786078196 0.052031323113 0.00200718284693
0.5 1.30019309361 1.26721210475 0.221095170778 0.015308212518
0.5 1.92207087661 1.00017191007 0.048794144043 0.00183137759103
0.5 1.50243995002 1.206097893 0.127490954141 0.00711090546523
0.5 1.21657726562 1.28303734339 0.282760905083 0.0215789377773
0.5 1.0438641103 1.29685879046 0.481640963971 0.0463480493035
0.5 1.76780759363 1.08499593787 0.0677403200405 0.0029207756452
0.5 1.66897465005 1.13458849039 0.0848041317565 0.00401265752381
0.5 1.53321063777 1.1941938147 0.117891402098 0.00637361657698
0.5 1.42146046986 1.23426350331 0.157724903583 0.00956848481895
0.5 1.96667807946 0.974530891652 0.0445857232336 0.00160993236588
0.5 1.39786496845 1.24156709443 0.16813441837 0.0104588720304
0.5 1.55454900514 1.1855705773 0.111752830329 0.00591373397093
0.5 1.48016243724 1.21431204622 0.135043336973 0.00770604976806
0.5 1.74288305542 1.09792203491 0.0716083577477 0.00315979470612
0.5 1.83487179304 1.04902329857 0.058548101054 0.00237445559879
0.5 1.32159803866 1.26223884239 0.207951527831 0.0140569290548
0.5 1.53578885889 1.1931677295 0.117128021232 0.00631592726649
0.5 1.60373422154 1.16459801765 0.0990366177098 0.00499177790589
0.5 1.21727210134 1.28292986213 0.282171902877 0.0215159819083
0.5 1.90343399271 1.01077217676 0.050698097076 0.00193420596786
0.5 1.034842275 1.29686038835 0.495370675425 0.0483414563926
0.5 1.54916289938 1.18777506243 0.113264413468 0.00602610741931
0.5 1.62584371964 1.15469632473 0.0939042020509 0.00463199968603
0.5 1.03699278589 1.29686664934 0.492064603731 0.047857642503
0.5 1.54001029084 1.19147818821 0.115891238977 0.00622275998707
0.5 1.71794632384 1.11058339573 0.0757560539997 0.0034218192406
0.5 1.48706410317 1.21180415243 0.132646393352 0.00751576502231
0.5 1.04261331725 1.29686338115 0.483522526658 0.0466188106523
0.5 1.14125291733 1.29225044826 0.355708703341 0.0298323434078
0.5 1.85279927931 1.03914860482 0.0563578172311 0.00224906498463
0.5 1.33673004984 1.25850138172 0.199219440289 0.0132426709158
0.5 1.95887831006 0.979038316102 0.0452880424621 0.00164623551751
0.5 1.51076666745 1.20293970741 0.124801527945 0.0069021158597
0.5 1.5477950496 1.18833195276 0.113652252591 0.00605505777964
0.5 1.32052841888 1.26249611219 0.208585872451 0.0141165951861
0.5 1.75743152799 1.09040879366 0.0693182971176 0.00301766296679
0.5 1.48911782174 1.21105134299 0.131943210099 0.00746018564828
0.5 1.57894029343 1.17535679422 0.105210444842 0.00543407078279
0.5 1.38236673121 1.24613452113 0.17542560662 0.0110952998524
0.5 1.88187975106 1.02293267465 0.0530167500065 0.0020615995604
0.5 1.31416512503 1.26400757848 0.212407330991 0.0144777310812
0.5 1.50712676154 1.20432608371 0.125968528647 0.00699250022133
0.5 1.63081713197 1.15243007579 0.0927952864943 0.00455523213824
0.5 1.21638126432 1.28306758865 0.282927307914 0.0215967344451
0.5 1.06029629164 1.29666899022 0.457571893882 0.0429506775397
0.5 1.19489119534 1.28618622725 0.301870756951 0.0236532948836
0.5 1.39464408582 1.24253133401 0.169619037301 0.0105876211294
0.5 1.52111187513 1.19895022962 0.121556345893 0.00665256841417
0.5 1.83552219214 1.04866674358 0.0584668062714 0.00236976793464
0.5 1.69702112294 1.12098517943 0.0794683658675 0.00366109590269
0.5 1.34704798426 1.25584837586 0.193517281503 0.0127183739005
0.5 1.40976204133 1.23793697178 0.162784838259 0.00999857161362
0.5 1.01069490858 1.296503921 0.533937334747 0.0541692870822
0.5 1.53180362935 1.19475189499 0.1183105824 0.00640533320863
0.5 1.6397012781 1.14834734002 0.090854361046 0.00442170998739
0.5 1.33425450591 1.25912535322 0.200617547411 0.0133721108415
0.5 1.30818629403 1.26539806367 0.216074210587 0.0148265914706
0.5 1.38499182644 1.24537386509 0.174164143571 0.0109844547963
0.5 1.56274456336 1.18218059138 0.10949992823 0.00574732394139
0.5 1.44357395946 1.22704193115 0.148672284423 0.00881208039025
0.5 1.95882030223 0.979071803216 0.0452933170249 0.00164650976051
0.5 1.18781803253 1.28712699 0.308418350307 0.0243782535647
0.5 1.42089907701 1.23444212662 0.157963319251 0.00958863257389
0.5 1.80058410513 1.06761831584 0.0630398902036 0.0026374844846
0.5 1.07961051937 1.29613874594 0.430800550575 0.0393114189276
0.5 1.77722482237 1.08004559411 0.0663466430678 0.00283592661393
0.5 1.15175587675 1.29125784536 0.344378800345 0.0284905453261
0.5 1.47188532764 1.21727558879 0.137988208319 0.00794161437188
0.5 1.93083630981 0.995161605919 0.0479294116882 0.0017851708438
0.5 1.91813147792 1.00241869239 0.0491891099589 0.00185257986969
0.5 1.11508887521 1.29430667797 0.385731092017 0.0334979502114
0.5 1.61764304682 1.15840225028 0.0957686696118 0.00476185824832
0.5 1.02400688405 1.29676553825 0.512347681486 0.0508644637411
0.5 1.17498757084 1.28872463105 0.320708271625 0.025758649108
0.5 1.27446279512 1.27269743268 0.238220724148 0.016984356216
0.5 1.97307155149 0.970829567819 0.0440201083625 0.00158078535988
0.5 1.63982041454 1.1482922943 0.0908286758162 0.00441995039206
0.5 1.43947878961 1.22840649395 0.150300040318 0.00894683959577
0.5 1.20672294569 1.28451749603 0.291268086077 0.0224947408919
0.5 1.35008709082 1.25505091862 0.191874955133 0.0125684971695
0.5 1.94960333334 0.984386022407 0.0461411919926 0.00169076290454
0.5 1.55186129182 1.18667296523 0.112503952017 0.00596950575996
0.5 1.14474622675 1.29193086654 0.351895731101 0.029378241558
0.5 1.78655161708 1.07510857253 0.0650010390395 0.00275468204853
0.5 1.17755049921 1.28841641258 0.318210057411 0.0254759526939
0.5 1.27193410488 1.27320722667 0.239986752771 0.0171600852463
0.5 1.60749262627 1.16293516082 0.0981401516092 0.00492840885623
0.5 1.87329653666 1.02774288225 0.0539765916066 0.00211495942617
0.5 1.57331997439 1.17774347424 0.106674865674 0.005540574631
0.5 1.89242490406 1.01699757739 0.0518662981115 0.00199811010352
0.5 1.53683696601 1.1927495666 0.116819447304 0.00629264683803
0.5 1.43211531003 1.2308290426 0.153281835223 0.00919513087664
0.5 1.08164383034 1.29606368482 0.428075511056 0.0389489399602
0.5 1.07843089175 1.29618066428 0.432389290252 0.0395234345312
0.5 1.24019107443 1.27915666912 0.263513370632 0.0195520484193
0.5 1.39718238096 1.24177201602 0.168447729415 0.010486006854
0.5 1.47377857695 1.21660201072 0.137307745481 0.00788699850783
0.5 1.71397760254 1.1125722512 0.0764433469223 0.00346578566971
0.5 1.42121379819 1.23434201797 0.157829607714 0.00957733159811
0.5 1.74799283303 1.09529348109 0.0707934978292 0.00310902600581
0.5 1.38829018265 1.24441061802 0.172594652478 0.0108469658029
0.5 1.49101388818 1.21035385596 0.131298053562 0.00740929097199
0.5 1.12267834957 1.29377158205 0.376751156978 0.0323844134593
0.5 1.52598318294 1.19704686681 0.12006421314 0.00653855516751
0.5 1.15700487397 1.29072607633 0.338866073237 0.0278455784375
0.5 1.56336556496 1.1819219928 0.109331509388 0.00573493479961
0.5 1.22009847607 1.28248808082 0.27979043932 0.0212620426591
0.5 1.29130284633 1.26916843709 0.226842425028 0.0158650774529
0.5 1.894560079 1.01579246331 0.0516371438338 0.00198553076436
0.5 1.64811109864 1.14444209108 0.0890630880691 0.00429950681295
0.5 1.92096478502 1.00080307557 0.0489046305955 0.00183730228181
0.5 1.79871049908 1.06862270029 0.0632974833683 0.00265279605468
0.5 1.37236276421 1.24898457699 0.180335120056 0.0115297032254
0.5 1.14338576845 1.29205661475 0.353375327044 0.0295541627733
0.5 1.05783480745 1.29671278113 0.461100664826 0.0434412278718
0.5 1.48521713508 1.21247846619 0.133282707213 0.00756615172646
0.5 1.64872205506 1.14415687167 0.0889346625478 0.00429077812057
0.5 1.89820721722 1.0137313655 0.0512486219545 0.00196424090875
0.5 1.06450450839 1.29658163614 0.451600621506 0.0421264719604
0.5 1.23789325276 1.27955479262 0.265318308851 0.0197394512941
0.5 1.97342306093 0.970625909746 0.0439892706895 0.00157920064083
0.5 1.08744839554 1.2958293326 0.420394042884 0.037934867802
0.5 1.85317827252 1.03893880813 0.0563126197446 0.00224649792151
0.5 1.23969914689 1.27924227271 0.263898577412 0.0195919973126
0.5 1.57475026251 1.17713803877 0.1062997028 0.00551326387068
0.5 1.94643848523 0.986207466175 0.0464368885275 0.00170627395034
0.5 1.48783126132 1.21152323516 0.132383186569 0.00749494819432
0.5 1.38347799417 1.24581316498 0.174890257802 0.0110482208774
0.5 1.25556863956 1.27637896448 0.251794915978 0.0183488348466
0.5 1.73199782579 1.10348318568 0.0733833979094 0.003271211312
0.5 1.86887655259 1.03021219452 0.0544793296932 0.00214307261884
0.5 1.53634144228 1.19294745205 0.116965210641 0.0063036410458
0.5 1.98111558464 0.966164916411 0.0433210884101 0.00154499433305
0.5 1.92407683787 0.999026623301 0.0485945593727 0.0018206890057
0.5 1.96174861668 0.977380622072 0.0450280010067 0.00163282954431
0.5 1.18860916608 1.28702388306 0.307678069703 0.0242959273582
0.5 1.46991947336 1.21797230495 0.138699132202 0.0079987620059
0.5 1.56502222417 1.18123089164 0.108883779513 0.00570206307202
0.5 1.60091677815 1.16583927909 0.0997152560022 0.0050398967979
0.5 1.45498186362 1.22317629019 0.144249854672 0.00844880674169
0.5 1.28367380182 1.27079606023 0.231916246549 0.0163613053104
0.5 1.5722266786 1.17820543003 0.106962732438 0.00556154029153
0.5 1.45745276861 1.22232656694 0.143313209582 0.0083724023697
0.5 1.82839474772 1.05256614524 0.0593653700761 0.00242172509747
0.5 1.13235655524 1.29301645078 0.36562368914 0.0310248881709
0.5 1.47245094827 1.21707461928 0.137784484776 0.00792525864195
0.5 1.92160506651 1.00043774413 0.0488406360362 0.0018338699728
0.5 1.67641224971 1.1310203526 0.0833469979594 0.0039157677541
0.5 1.72109827545 1.10899861938 0.0752156774577 0.00338741395166
0.5 1.06486117643 1.29657345234 0.451098068832 0.0420574392565
0.5 1.60963191429 1.16198472192 0.0976343667586 0.00489281935932
0.5 1.73887817279 1.09997402847 0.0722551589427 0.00320027088869
0.5 1.201144304 1.28531917818 0.296213733284 0.0230327491298
0.5 1.96363581482 0.976290086073 0.0448580374992 0.00162401940629
0.5 1.70998620422 1.11456497925 0.0771422971274 0.00351064522549
0.5 1.67169807771 1.13328521779 0.0842669430899 0.00397686252621
0.5 1.24642425338 1.27805447349 0.258688422076 0.0190538136434
0.5 1.23126328249 1.28067893782 0.270606773802 0.0202917424351
0.5 1.10705002879 1.29481856909 0.395491489544 0.0347246489724
0.5 1.22379741538 1.28190066654 0.276708640781 0.0209348442124
0.5 1.13260057206 1.29299635747 0.36534788433 0.0309915255423
0.5 1.84854899666 1.04149845341 0.056867740349 0.00227808756045
0.5 1.4723182947 1.21712177253 0.137832230535 0.00792909103706
0.5 1.20627680962 1.28458257742 0.291660096342 0.0225372367166
0.5 1.0728423095 1.296361933 0.439997752639 0.0405455258256
0.5 1.65091863138 1.14312978398 0.0884748200582 0.00425956377794
0.5 1.10394524168 1.29500112717 0.399330823146 0.0352119884582
0.5 1.22751924161 1.28129757197 0.27364721789 0.020611394285
0.5 1.25744194815 1.2760271367 0.250409351714 0.0182081102573
0.5 1.43948948319 1.22840294671 0.150295761626 0.00894648464056
0.5 1.75382828519 1.09227792522 0.0698769224907 0.00305217094781
0.5 1.49970831635 1.20712361919 0.128388681257 0.00718096455828
0.5 1.47627373861 1.21571040646 0.136417220881 0.00781569982743
0.5 1.20572182481 1.2846633277 0.292148767812 0.022590228236
0.5 1.05037127085 1.29681274059 0.471964782318 0.0449676860471
0.5 1.32706872713 1.260908658 0.204742701681 0.0137561411555
0.5 1.13451974129 1.29283652238 0.363185545727 0.030729946641
0.5 1.04841127473 1.29683046393 0.474859066867 0.0453785096526
0.5 1.03621270118 1.29686485873 0.493261441156 0.0480325069196
0.5 1.00811704233 1.29643463372 0.538211644882 0.0548367596171
0.5 1.7059765237 1.11655901851 0.0778525910942 0.00355640069177
0.5 1.85756426063 1.03650761897 0.0557927311967 0.00221703462987
0.5 1.82085081044 1.05667536655 0.0603352361762 0.00247815420812
0.5 1.29336382202 1.26872057422 0.225494470525 0.0157339347754
0.5 1.86290588919 1.03353945246 0.0551676978179 0.00218175362801
0.5 1.29809875665 1.26767871499 0.222433292917 0.0154373967923
0.5 1.80194245018 1.06688941927 0.0628539694184 0.00262639590307
0.5 1.4302900215 1.23142338572 0.15403207 0.00925787533494
0.5 1.10077473583 1.29517882634 0.403291810519 0.0357176695701
0.5 1.8204494204 1.05689347287 0.0603873887193 0.00248119890379
0.5 1.99902951988 0.955748832706 0.0418133196413 0.00146856536814
0.5 1.34431001594 1.25656053036 0.195010581589 0.0128551512007
0.5 1.92082613705 1.00088217423 0.0489185016798 0.00183804649811
0.5 1.90563104443 1.00952648259 0.0504689632055 0.0019217510208
0.5 1.59358095326 1.16904881744 0.101509336122 0.00516773598479
0.5 1.66920607423 1.13447789488 0.084758319592 0.00400960145165
0.5 1.34847618452 1.25547451045 0.192743393221 0.0126476877185
0.5 1.36614039709 1.25071816149 0.183472445486 0.0118096209395
0.5 1.11686602718 1.29418588791 0.383608035509 0.0332333838214
0.5 1.68552037993 1.12661182207 0.0816045279861 0.0038007345409
0.5 1.16422448656 1.28995609472 0.331441725422 0.0269855933166
0.5 1.59982855607 1.1663174174 0.099978911332 0.00505862518935
0.5 1.78014645752 1.07850273832 0.0659214764576 0.00281021387601
0.5 1.0731371316 1.29635302894 0.439593007599 0.0404908620316
0.5 1.34711487725 1.25583090095 0.193480951586 0.0127150530901
0.5 1.85982243104 1.03525383473 0.0555274306674 0.00220203918124
0.5 1.13806581441 1.29253281279 0.359226745142 0.0302534559572
0.5 1.37122563549 1.24930363376 0.180903605286 0.0115802910599
0.5 1.65717397963 1.14019047936 0.0871814163367 0.00417210663899
0.5 1.98563539406 0.963540438291 0.0429343753163 0.00152528548169
0.5 1.11240283097 1.29448400611 0.38896368592 0.0339021982255
0.5 1.79097477896 1.07275543496 0.0643747948149 0.00271716849326
0.5 1.90408481388 1.01040328501 0.0506300665602 0.00193050961341
0.5 1.36566674901 1.25084888849 0.183713941532 0.0118312483457
0.5 1.6405290241 1.1479647153 0.0906760883365 0.00440954873755
0.5 1.30539570752 1.26603725139 0.217811680036 0.0149927425725
0.5 1.88557121389 1.02085846589 0.0526104469417 0.00203911318936
0.5 1.0002386669 1.29618521451 0.551462518126 0.0569346144635
0.5 1.19578788709 1.28606392108 0.30105210475 0.0235631542045
0.5 1.6227552304 1.15609657833 0.0946010803194 0.00468042171796
0.5 1.83081311752 1.05124500011 0.0590585640243 0.00240395030518
0.5 1.11128234207 1.29455611431 0.390320640285 0.0340725551842
0.5 1.48428261173 1.21281882343 0.13360609043 0.00759179536769
0.5 1.41784127225 1.23541104726 0.159269637337 0.00969922709388
0.5 1.81555481129 1.05954870009 0.0610278262463 0.00251872058562
0.5 1.63919630278 1.14858051681 0.0909633309303 0.00442917721665
0.5 1.61857213209 1.15798449695 0.0955551553497 0.00474693745813
0.5 1.80442363211 1.06555628441 0.0625161157552 0.00260637590855
0.5 1.39926772459 1.24114462586 0.167492758371 0.0104033604578
0.5 1.58324846644 1.17351418581 0.104104329437 0.00535410417699
0.5 1.5837398518 1.17330327927 0.103979079597 0.00534506615602
0.5 1.7357741489 1.10155994451 0.0727614980362 0.00323205346781
0.5 1.99040237328 0.960769641576 0.0425311548964 0.00150481309822
0.5 1.62102643384 1.15687795818 0.0949939492812 0.00470778047302
0.5 1.62892064244 1.15329589651 0.0932162266381 0.0045843315345
0.5 1.98513694844 0.963830003008 0.0429768109314 0.00152744465714
0.5 1.00824477817 1.29643820934 0.537999134354 0.0548034689436
0.5 1.44568878848 1.22633244241 0.147840089169 0.00874340064582
0.5 1.94129559807 0.989163770304 0.0469223939618 0.00173183137344
0.5 1.54826083916 1.1881424116 0.113519988871 0.0060451663666
0.5 1.7140871981 1.11251735946 0.0764242640093 0.00346456283856
0.5 1.30930707393 1.26513960323 0.215381098997 0.0147604527882
0.5 1.47940736399 1.21458439555 0.135308777103 0.00772720152351
0.5 1.11270299042 1.29446450312 0.388601027191 0.0338567473265
0.5 1.81634947977 1.05911816409 0.0609233098405 0.00251259182425
0.5 1.80817874509 1.06353448618 0.0620090703266 0.00257640753854
0.5 1.12718220682 1.29343034065 0.37152825041 0.0317435617455
0.5 1.34623547825 1.25606035028 0.193958471498 0.0127587889022
0.5 1.49452244759 1.20905659195 0.130114384459 0.00731616013283
0.5 1.00643350556 1.29638614055 0.54101946596 0.055277654456
0.5 1.82431116142 1.05479285076 0.0598879402012 0.00245208383693
0.5 1.45413688447 1.22346585972 0.144571873232 0.00847509703622
0.5 1.56562089727 1.18098072677 0.108722535226 0.00569023532037
0.5 1.71878091981 1.11016421667 0.0756125192117 0.00341265536644
0.5 1.41660456397 1.23580082935 0.159801691975 0.00974436383035
0.5 1.34921941503 1.2552793159 0.192342133514 0.012611080593
0.5 1.76461536129 1.08666612709 0.068220933921 0.00295019663043
0.5 1.75881234124 1.08969093633 0.0691056945223 0.00300455833536
0.5 1.3190916058 1.26284020351 0.209441592947 0.0141972339619
0.5 1.03523154425 1.29686182987 0.494770682987 0.048253471239
0.5 1.76352963089 1.08723314455 0.0683854050505 0.00296028084252
0.5 1.44299104511 1.22723691468 0.148902666801 0.00883111938093
0.5 1.81572011451 1.05945915966 0.0610060987499 0.00251744429418
0.5 1.07551465613 1.29627880343 0.436342783271 0.0400530607642
0.5 1.82150851477 1.05631786769 0.0602499014073 0.00247317456713
0.5 1.45426604874 1.22342162928 0.144522592452 0.00847106862471
0.5 1.9587175108 0.979131142019 0.0453026655691 0.00164699585617
0.5 1.5067290451 1.20447701998 0.126096851087 0.00700245818588
0.5 1.15805579452 1.29061701147 0.337774075951 0.0277185449653
0.5 1.82742693258 1.05309439288 0.0594886870311 0.00242888068978
0.5 1.85996440851 1.03517495671 0.0555108028404 0.002201100293
0.5 1.94271671433 0.988347329858 0.0467876229774 0.00172472523457
0.5 1.92559414926 0.998159791833 0.0484441833151 0.0018126231664
0.5 1.89957591445 1.0129571064 0.0511037551133 0.00195632759008
0.5 1.32551551105 1.26128875578 0.205647642207 0.0138407861361
0.5 1.2858298112 1.27034094496 0.230468617709 0.0162192806271
0.5 1.89147648185 1.01753263646 0.0519684911989 0.00200372711441
0.5 1.91706406811 1.00302692244 0.0492968281992 0.00185837348215
0.5 1.59005546392 1.17057966135 0.102385700955 0.0052304834999
0.5 1.53398369869 1.19388659882 0.117661878425 0.0063562555668
0.5 1.95148723896 0.983300806251 0.0459662967407 0.00168160715505
0.5 1.86848043914 1.03043316827 0.0545246665656 0.00214561283311
0.5 1.68796029141 1.12542349913 0.0811454258559 0.00377059038228
0.5 1.2215060652 1.28226574493 0.278613045094 0.0211368496672
0.5 1.64745446171 1.14474842677 0.0892013714862 0.00430891092542
0.5 1.56240026775 1.18232385948 0.109593404136 0.00575420591303
0.5 1.00308434166 1.29628178493 0.546643607051 0.0561666433002
0.5 1.79842472794 1.06877576689 0.0633368826108 0.00265514042329
0.5 1.32981584481 1.26023161459 0.203153762122 0.013607833798
0.5 1.91119956647 1.006364319 0.0498937991626 0.0018905797901
0.5 1.42442182294 1.23331744637 0.156474468131 0.0094630087741
0.5 1.61449102052 1.1598163958 0.0964974428272 0.00481288271844
0.5 1.71153526792 1.11379246587 0.0768701442526 0.00349315034201
0.5 1.18846338398 1.28704292268 0.307814330658 0.0243110738204
0.5 1.86295290522 1.03351329089 0.0551622351559 0.00218144599458
0.5 1.2074861829 1.2844057667 0.290598822303 0.0224222513995
0.5 1.82691718231 1.0533724849 0.0595537832546 0.00243265929149
0.5 1.64314401365 1.14675337866 0.0901157272369 0.0043712343551
0.5 1.48612870749 1.21214586324 0.132968188297 0.00754123673805
0.5 1.74790285557 1.09533987412 0.0708077468986 0.00310991216855
0.5 1.69302140532 1.12294956576 0.0802032590384 0.00370899952093
0.5 1.4306486085 1.23130681664 0.153884335778 0.00924550820256
0.5 1.09952157374 1.29524686792 0.404868740961 0.0359197970453
0.5 1.53398527867 1.19388597053 0.117661409884 0.00635622013993
0.5 1.32184460486 1.26217940686 0.207805628734 0.0140432177475
0.5 1.23569427061 1.27993164784 0.267059038465 0.0199207113216
0.5 1.66753045326 1.13527802549 0.0850907144488 0.00403178956752
0.5 1.65411866634 1.1416286673 0.0878101557608 0.00421457090265
0.5 1.65659738802 1.14046229892 0.0872995507466 0.00418008252737
0.5 1.29553268139 1.26824561527 0.224086086327 0.0155973059633
0.5 1.49788413014 1.20780574105 0.128992499344 0.00722819093898
0.5 1.58545278457 1.17256698328 0.103543917606 0.00531369553629
0.5 1.49547113171 1.20870433816 0.129796577639 0.00729120931766
0.5 1.42923926144 1.23176441856 0.154465986837 0.00929422467264
0.5 1.10262410636 1.29507624534 0.400976393434 0.0354217231858
0.5 1.09684577117 1.29538679426 0.408257499579 0.0363557327956
0.5 1.62454159815 1.15528733047 0.0941972336461 0.00465234398503
0.5 1.54129394274 1.19096212024 0.115518335022 0.00619474337034
0.5 1.85522018329 1.03780762638 0.0560697909335 0.00223272533914
0.5 1.33056992194 1.26004473746 0.202720214004 0.0135674545174
0.5 1.99647154037 0.957238345661 0.0420245781919 0.00147920650621
0.5 1.41703999364 1.23566372257 0.15961411636 0.00972844304717
0.5 1.09926207993 1.29526073614 0.405196083075 0.035961813325
0.5 1.9220431045 1.00018776062 0.0487969144259 0.00183152607988
0.5 1.5401259848 1.19143171979 0.115857572464 0.00622022892575
0.5 1.00757340273 1.29641927039 0.539116915543 0.0549786979537
0.5 1.67549355874 1.13146265887 0.0835252970179 0.00392758856485
0.5 1.17900937113 1.28823871548 0.316797733276 0.0253166109036
0.5 1.82847822543 1.05252056924 0.0593547541141 0.00242110903408
0.5 1.7351219536 1.10189256251 0.0728684361431 0.0032387775346
0.5 1.57022822782 1.17904793191 0.107491399483 0.00560014030151
0.5 1.70464417126 1.11722012311 0.0780903772876 0.00357175628533
0.5 1.99712791845 0.956856201229 0.0419702428364 0.00147646749705
0.5 1.09223366859 1.29561361571 0.414167934814 0.0371212541579
0.5 1.30048545959 1.26714667106 0.220909153959 0.0152902847883
0.5 1.81337499388 1.06072857033 0.0613157546254 0.0025355881289
0.5 1.82537765293 1.05421184949 0.0597509110737 0.00244411266349
0.5 1.09630977768 1.2954141148 0.408939842711 0.0364437730664
0.5 1.93919825592 0.990368028222 0.0471222077301 0.0017423685616
0.5 1.90437491471 1.01023882212 0.0505997787464 0.00192886029695
0.5 1.13174148729 1.29306686835 0.366320348186 0.0311093303604
0.5 1.71735135828 1.11088202129 0.0758585994643 0.00342836928052
0.5 1.90666422399 1.00894031057 0.0503616287103 0.00191592789711
0.5 1.71553101355 1.11179472258 0.0761734150783 0.00344849954359
0.5 1.8727685715 1.02803816011 0.0540363362613 0.00211829524751
0.5 1.07025246965 1.29643689134 0.443569396669 0.0410291936576
0.5 1.71216360406 1.11347881542 0.0767600613643 0.00348608265867
0.5 1.12024716315 1.29394846404 0.379603207564 0.0327364228065
0.5 1.11164418212 1.29453294842 0.389881885581 0.0340174532241
0.5 1.99120286761 0.960304105493 0.0424639067206 0.0015014065245
0.5 1.58065671387 1.17462410021 0.104768029748 0.00540203226767
0.5 1.9186102712 1.00214578991 0.049140896162 0.00184998788337
0.5 1.22198045833 1.2821904361 0.278217518344 0.0210948456783
0.5 1.5823653838 1.1738928099 0.104329887182 0.00537039057017
0.5 1.52245212196 1.19842813786 0.121143538958 0.00662091871793
0.5 1.55004477368 1.18741536445 0.113015198868 0.00600754163995
0.5 1.72936187825 1.10482196534 0.0738214033811 0.00329894427766
0.5 1.84207030989 1.04506998593 0.0576562074126 0.00232316250577
0.5 1.13222084233 1.29302760353 0.365777263644 0.0310434980038
0.5 1.08090546985 1.29609142294 0.429063121725 0.0390801539081
0.5 1.61843935351 1.15804400909 0.0955856333456 0.0047490665353
0.5 1.47652950932 1.21561876226 0.136326333078 0.00780843309772
0.5 1.97449698957 0.970003592398 0.0438952219652 0.00157438874175
0.5 1.63915414565 1.14859998171 0.090972435424 0.0044298012634
0.5 1.77675133481 1.08029533353 0.0664158666198 0.0028401249383
0.5 1.84656890886 1.04259146546 0.0571072787733 0.00229175610692
0.5 1.97868232275 0.967576834076 0.0435310712707 0.00155572653837
0.5 1.81526136572 1.05970762876 0.0610664924036 0.00252098808598
0.5 1.62064106605 1.15705207577 0.095081798496 0.00471390411014
0.5 1.67902237259 1.12976129213 0.0828429900708 0.00388240610631
0.5 1.04389932219 1.29685864086 0.481588096734 0.0463404526914
0.5 1.29370172494 1.26864685823 0.225274372772 0.0157125586967
0.5 1.59069516659 1.17030243711 0.1022259932 0.00521903261487
0.5 1.75223522772 1.09310263904 0.0701256770353 0.0030675723681
0.5 1.69123106178 1.12382622643 0.0805349902623 0.00373061207418
0.5 1.0444326821 1.29685623816 0.480787101954 0.0462255567238
0.5 1.43043176999 1.23137731761 0.153973647762 0.00925298434884
0.5 1.92022644265 1.00122425456 0.048978553987 0.00184126946933
0.5 1.49512004831 1.20883477077 0.129914078774 0.0073004315909
0.5 1.24518116189 1.2782768837 0.259642386176 0.0191520114028
0.5 1.69356823468 1.12268156331 0.0801022748549 0.00370240786352
0.5 1.76242955689 1.08780719919 0.0685525754924 0.00297053878662
0.5 1.38234910789 1.2461396098 0.175434112551 0.0110960483181
0.5 1.88987308053 1.01843651393 0.0521418282987 0.00201326465085
0.5 1.78014722263 1.07850233382 0.0659213655603 0.00281020717541
0.5 1.20122248425 1.28530812897 0.296143768281 0.0230251089602
0.5 1.60028718862 1.16611599089 0.0998676887583 0.00505072233701
0.5 1.75986954931 1.08914091015 0.0689434633829 0.0029945691951
0.5 1.58448344332 1.17298387074 0.103789897573 0.00533142234247
0.5 1.72239524061 1.10834517944 0.074994701042 0.0033733495234
0.5 1.58612022523 1.172279601 0.103374965542 0.00530152957704
0.5 1.54416527448 1.1898038649 0.114689510263 0.00613259734001
0.5 1.59955600152 1.16643706317 0.100045080674 0.00506332841128
0.5 1.15954253191 1.29046068472 0.336235865146 0.0275398573372
0.5 1.96393977083 0.976114382489 0.0448307374628 0.00162260556872
0.5 1.50200882635 1.20626012017 0.127632126657 0.00712191032426
0.5 1.64741728242 1.14476576362 0.089209209136 0.00430944410097
0.5 1.18758114739 1.28715775895 0.308640399015 0.0244029657372
0.5 1.22149997831 1.28226670998 0.278618124259 0.0211373892342
0.5 1.40124087295 1.24054788509 0.166595196808 0.0103258467765
0.5 1.718202056 1.11045498773 0.0757120299764 0.00341900828905
0.5 1.66950409278 1.13433543327 0.0846993696526 0.00400566991419
0.5 1.15945941462 1.29046947645 0.336321633009 0.0275498123874
0.5 1.87013303625 1.02951076337 0.0543358290975 0.00213503759698
0.5 1.47915081075 1.21467684102 0.135399111616 0.00773440346524
0.5 1.04299583159 1.29686212661 0.48294636473 0.0465358179431
0.5 1.19270282773 1.28648184215 0.303879608438 0.0238749330597
0.5 1.81410120942 1.06033567353 0.0612196594563 0.00252994274444
0.5 1.03275041259 1.29685030754 0.498606688498 0.0488173738317
0.5 1.99159532619 0.960075857589 0.0424309852473 0.00149973964156
0.5 1.4663323562 1.21923652121 0.140007877436 0.00810421415279
0.5 1.1381871221 1.29252222897 0.359092167435 0.0302372999956
0.5 1.11561649909 1.2942711042 0.385099469967 0.0334190709895
0.5 1.43366751895 1.23032159343 0.152647332065 0.00914212933298
0.5 1.53999207968 1.19148550191 0.115896539284 0.00622315850421
0.5 1.77269385382 1.08243174596 0.0670127566078 0.0028763929431
0.5 1.1354603171 1.2927570201 0.362130950394 0.0306027895706
0.5 1.11111004444 1.29456710497 0.39052965835 0.0340988731038
0.5 1.13446492886 1.29284113173 0.363247108299 0.0307373817747
0.5 1.22077916143 1.28238077152 0.279220359087 0.0212013964415
0.5 1.39194889753 1.24333237913 0.170873517562 0.010696752564
0.5 1.15607003549 1.29082252274 0.339840730734 0.0279591177878
0.5 1.44737778177 1.22576347167 0.147179537399 0.00868899072779
0.5 1.74572088861 1.09646361983 0.0711543789665 0.00313149116348
0.5 1.22872426752 1.2810995796 0.272664375808 0.0205078922003
0.5 1.38890426549 1.24423036086 0.172304208954 0.010821586001
0.5 1.78807449658 1.07429937739 0.0647845755657 0.00274173976823
0.5 1.41457312191 1.23643866969 0.160680346629 0.00981906762822
0.5 1.42056878325 1.23454710922 0.158103794899 0.00960050918412
0.5 1.91134301566 1.00628277255 0.0498790904198 0.0018897843654
0.5 1.93045907714 0.995377553138 0.0479662411184 0.00178713023643
0.5 1.00331704552 1.29628935997 0.546251197969 0.0561043589464
0.5 1.09232224217 1.29560943594 0.414053595404 0.0371063824542
0.5 1.80564851851 1.0648973418 0.0623501582653 0.00259655680669
0.5 1.46919832088 1.21822719876 0.138961048217 0.00801980654492
0.5 1.56159684057 1.18265788514 0.109812006482 0.00577030200632
0.5 1.84620202028 1.04279383987 0.0571518001165 0.00229429909498
0.5 1.9623577524 0.977028679025 0.0449730540768 0.00162997985207
0.5 1.03362427478 1.29685499754 0.497252451646 0.0486179392315
0.5 1.3466841838 1.25594335207 0.193714268706 0.0127364516414
0.5 1.29227344839 1.26895794164 0.226206431034 0.0158031790946
0.5 1.92906256999 0.996176701395 0.0481027836731 0.00179440551778
0.5 1.16982865419 1.28932721346 0.32580407984 0.0263385603057
0.5 1.00817447055 1.29643624311 0.53811609396 0.0548217897941
0.5 1.42093341562 1.23443120756 0.157948723561 0.00958739880322
0.5 1.09082085809 1.29567935237 0.415996155137 0.0373594045874
0.5 1.93286369568 0.994000560485 0.0477321127046 0.00177468276398
0.5 1.71834282198 1.11038429345 0.0756878107807 0.00341746215564
0.5 1.77327869657 1.08212423697 0.0669263119761 0.00287113280157
0.5 1.02328200888 1.29675541027 0.513502343697 0.0510384629776
0.5 1.28196846892 1.27115322558 0.233068624051 0.0164746468091
0.5 1.83715062835 1.04777349977 0.0582638785727 0.00235807788252
0.5 1.55302068722 1.18619799863 0.112179191702 0.00594537387915
0.5 1.67010912443 1.1340460677 0.0845798465118 0.00399770182523
0.5 1.98876191461 0.961723436445 0.0426693813826 0.00151182218272
0.5 1.90552235994 1.00958813059 0.0504802706047 0.00192236521871
