10.0 1.30349928336 -0.574112236626 -0.208803098777 -0.0529746653484
10.0 1.29793869354 -0.576115367427 -0.210394068071 -0.0541890344479
10.0 1.98472279535 -0.38628872367 -0.0688532794034 0.0436286027431
10.0 1.85922911328 -0.414154225896 -0.0882458747877 0.0317439124402
10.0 1.3458222134 -0.559207815129 -0.196996636785 -0.0440419386575
10.0 1.21637344402 -0.60670144722 -0.234943649637 -0.0731266145396
10.0 1.27613531465 -0.584068390763 -0.216735486111 -0.0590362048685
10.0 1.2640987988 -0.588523377443 -0.220307860742 -0.0617739039478
10.0 1.08057080986 -0.663353884814 -0.281426855839 -0.110076463214
10.0 1.15786709087 -0.630158604279 -0.254039990894 -0.0881449381208
10.0 1.29899663974 -0.575733378523 -0.210090558629 -0.0539573792095
10.0 1.22220364308 -0.604434456804 -0.233112207255 -0.0716986702502
10.0 1.10275828855 -0.653549905956 -0.273295441748 -0.103523149744
10.0 1.71913771733 -0.448270145508 -0.112709518884 0.0159123973126
10.0 1.71919863743 -0.448254520022 -0.1126980794 0.0159198761574
10.0 1.75560304732 -0.439062481024 -0.106030272714 0.020324495846
10.0 1.86793858576 -0.412141315584 -0.0868296964902 0.0326366081484
10.0 1.8522991864 -0.415764974666 -0.0893805632307 0.0310261586272
10.0 1.28077758066 -0.582362442796 -0.215371166407 -0.0579925824713
10.0 1.15420322627 -0.631674869262 -0.255279734814 -0.0891290003558
10.0 1.37471682335 -0.549344094909 -0.189241551797 -0.0382462617255
10.0 1.68801592229 -0.456335393556 -0.118590975394 0.0119724107507
10.0 1.72479796626 -0.446823860124 -0.111658267897 0.0166120329321
10.0 1.83835291275 -0.419030715515 -0.0916865679546 0.0295620095265
10.0 1.84817139559 -0.416728042072 -0.0900599502585 0.030595479395
10.0 1.23039272422 -0.601271420105 -0.230562494749 -0.0697111322061
10.0 1.04537190728 -0.679386812623 -0.294793359875 -0.120950896887
10.0 1.76221782588 -0.437418896035 -0.104841820565 0.0211010076795
10.0 1.68655318996 -0.456719167374 -0.118871795587 0.0117835174868
10.0 1.73453419641 -0.444351001961 -0.109862689736 0.017802966129
10.0 1.78127267435 -0.432727782693 -0.101457782788 0.0232977671821
10.0 1.92639297865 -0.398951671079 -0.0775965244349 0.0383573215812
10.0 1.03871764148 -0.682488709266 -0.297389789503 -0.1230706891
10.0 1.94196617651 -0.395525200156 -0.0752155250976 0.0398042698642
10.0 1.39428167246 -0.542801915527 -0.184133735896 -0.0344428011316
10.0 1.32422954515 -0.566737244725 -0.202956019966 -0.0485289400745
10.0 1.51910576026 -0.503557433943 -0.153883378038 -0.0124555772013
10.0 1.58138746506 -0.485417637314 -0.140175148232 -0.00280495914614
10.0 1.45140691096 -0.524339877394 -0.169792528212 -0.0239226511778
10.0 1.13740904702 -0.638690983528 -0.261040683851 -0.0937026657571
10.0 1.35512378498 -0.55600679697 -0.194471795774 -0.0421521735737
10.0 1.21425092348 -0.607529756689 -0.235613624175 -0.0736490062863
10.0 1.79918460566 -0.428372986184 -0.098332351329 0.0253121439258
10.0 1.16190327738 -0.628494958613 -0.252680581496 -0.0870668829969
10.0 1.86234860658 -0.413431941926 -0.0877373624501 0.0320649206983
10.0 1.55178464 -0.493933792297 -0.146578128018 -0.00729593232484
10.0 1.95365146085 -0.39297616281 -0.0734511084861 0.0408703329743
10.0 1.57575050718 -0.487024246505 -0.141379172153 -0.00364754704194
10.0 1.00004913778 -0.700962024495 -0.312926041245 -0.135843935974
10.0 1.75852056442 -0.438336645736 -0.105505032589 0.0206678733702
10.0 1.68960533432 -0.455918914489 -0.118286129429 0.0121773688898
10.0 1.78972909831 -0.43066532977 -0.0999755174881 0.0242547514912
10.0 1.75080641668 -0.440259150016 -0.106896420625 0.0197572082694
10.0 1.2435000213 -0.596262330171 -0.22653085314 -0.0665765046731
10.0 1.55168707292 -0.493962180327 -0.146599530509 -0.00731088065977
10.0 1.40687650613 -0.538652664689 -0.180900867041 -0.0320479277997
10.0 1.09910689483 -0.655148684452 -0.2746168067 -0.104587889121
10.0 1.63614414227 -0.470189851166 -0.128814743571 0.00505303989652
10.0 1.27769815846 -0.583493269431 -0.216275391172 -0.0586840745238
10.0 1.97443413769 -0.388488601486 -0.0703607856337 0.04272722543
10.0 1.91540214151 -0.401391180057 -0.0792970859556 0.0373174343364
10.0 1.6615517072 -0.463340079556 -0.123739619793 0.00849990609109
10.0 1.1825251712 -0.620103268006 -0.245837607621 -0.0816519818497
10.0 1.42493021263 -0.532786486127 -0.176335536786 -0.0286913263588
10.0 1.92203621631 -0.399916539632 -0.07826860441 0.0379471105214
10.0 1.01173707519 -0.695288858718 -0.308151279803 -0.131898377268
10.0 1.8277113752 -0.421544313079 -0.0934669859799 0.0284276330178
10.0 1.43731893234 -0.528812486805 -0.173250681513 -0.0264385993755
10.0 1.68418283109 -0.457341859219 -0.119327825554 0.0114763576333
10.0 1.53428750634 -0.499056696078 -0.150458911326 -0.0100298007222
10.0 1.05131021255 -0.676636490145 -0.292496688797 -0.119075330301
10.0 1.76702236383 -0.436230355613 -0.103983152401 0.0216603580936
10.0 1.48568099706 -0.513667354272 -0.161601888543 -0.0179863077014
10.0 1.90786127119 -0.403075399918 -0.0804733935345 0.0365946610904
10.0 1.90471544214 -0.4037805253 -0.080966379016 0.0362907767335
10.0 1.29719691477 -0.576383426985 -0.210607092496 -0.0543516743068
10.0 1.731887849 -0.445021270503 -0.110349284398 0.0174808593399
10.0 1.35925427414 -0.554593224031 -0.1933592194 -0.0413205257798
10.0 1.86346303681 -0.41317409975 -0.0875559553387 0.0321791914934
10.0 1.35867556511 -0.554791087635 -0.193514734862 -0.0414367943295
10.0 1.08023902449 -0.663502069762 -0.281550379493 -0.110176182731
10.0 1.08596017253 -0.660952937714 -0.279429454602 -0.108465374598
10.0 1.58584915322 -0.484151000634 -0.139227397929 -0.00214245449194
10.0 1.84101562074 -0.418404492668 -0.0912439679768 0.0298434523777
10.0 1.4923173003 -0.511636876718 -0.160049491377 -0.0168671445957
10.0 1.77367121738 -0.434591812671 -0.102800562226 0.0224283944746
10.0 1.63644673745 -0.470107432418 -0.128753571789 0.00509479904664
10.0 1.89931394 -0.404994867743 -0.0818159414415 0.0357658053745
10.0 1.42519170853 -0.532702205053 -0.176270116206 -0.0286433753639
10.0 1.01646526213 -0.693016791851 -0.306240213583 -0.130322149463
10.0 1.20391637509 -0.611585587212 -0.23890236636 -0.0762145493812
10.0 1.0172499487 -0.692641496087 -0.3059239743 -0.130061781269
10.0 1.93103658313 -0.397926353158 -0.0768830054088 0.0387919819258
10.0 1.2083014326 -0.609860289503 -0.237501545871 -0.0751213933917
10.0 1.44925280454 -0.525020625175 -0.170318032934 -0.0243043361836
10.0 1.24306238844 -0.596428474754 -0.226664579513 -0.0666801400573
10.0 1.12038908884 -0.645918857014 -0.266999686138 -0.0984593295374
10.0 1.70784241571 -0.451175211267 -0.114823503377 0.0145005751269
10.0 1.15141846944 -0.632830597539 -0.256226544264 -0.0898802040296
10.0 1.54281103228 -0.496552717943 -0.148559420313 -0.00869020221435
10.0 1.62467604065 -0.473323815697 -0.131146732084 0.00345727096133
10.0 1.98284637462 -0.386688885005 -0.0691271134453 0.043465161215
10.0 1.28648812932 -0.580273581665 -0.213703488718 -0.0567176314431
10.0 1.82631642914 -0.421875254503 -0.0937017382826 0.0282777096923
10.0 1.68927056152 -0.456006735521 -0.118350278499 0.0121342235595
10.0 1.09360356957 -0.657569562292 -0.276620840968 -0.106202478877
10.0 1.54760090712 -0.495152502575 -0.147499532176 -0.00794395744722
10.0 1.80487652001 -0.427000187854 -0.0973504064269 0.0259425888768
10.0 1.20569793609 -0.610883496307 -0.238332307521 -0.0757696666409
10.0 1.50125050369 -0.50892202905 -0.157975796844 -0.0153769276051
10.0 1.91402260077 -0.401698712855 -0.0795117441994 0.0371857745987
10.0 1.12580431372 -0.643605347393 -0.265091423613 -0.0969316056227
10.0 1.16586205379 -0.626869851338 -0.251354128667 -0.0860148968641
10.0 1.46561366718 -0.519879435706 -0.166360262443 -0.0214309088012
10.0 1.39040689523 -0.544088235333 -0.185137068377 -0.0351883738544
10.0 1.73437530122 -0.444391209207 -0.109891891489 0.0177835739092
10.0 1.46360217047 -0.520507843555 -0.166842831467 -0.0217810434004
10.0 1.26116848128 -0.58961498888 -0.221184905709 -0.06244779217
10.0 1.71065897809 -0.450448454666 -0.114294308348 0.014854611147
10.0 1.75932144404 -0.43813768801 -0.105361231067 0.0207620988548
10.0 1.15261104791 -0.632335171665 -0.255820732347 -0.0895582652131
10.0 1.08383608062 -0.661897963316 -0.280214972387 -0.109098810454
10.0 1.23716563312 -0.598674572493 -0.228471863648 -0.0680840441615
10.0 1.03634837439 -0.68359810687 -0.298320100052 -0.123829978959
10.0 1.57895977909 -0.486108660609 -0.140693025329 -0.00316705617997
10.0 1.50276834053 -0.50846285642 -0.157625298005 -0.0151256771706
10.0 1.20279897056 -0.612025993209 -0.239260517081 -0.0764941250126
10.0 1.61949975751 -0.47474744065 -0.132207180851 0.00272828372203
10.0 1.60855435952 -0.477777628382 -0.134466482009 0.00116882845698
10.0 1.52868017247 -0.500712892585 -0.151717565089 -0.0109198289548
10.0 1.97763527167 -0.387802576965 -0.0698903030272 0.0430089547428
10.0 1.28472451744 -0.58091755347 -0.214217271441 -0.0571103858377
10.0 1.11088413286 -0.650014111951 -0.270377158213 -0.101172971298
10.0 1.82469161079 -0.422260991086 -0.0939755282004 0.0281028913344
10.0 1.59755611232 -0.480849834749 -0.136759712984 -0.000422385936812
10.0 1.04242711348 -0.680756720994 -0.295939276742 -0.121886286113
10.0 1.99099418071 -0.384954797482 -0.0679415541292 0.0441726214946
10.0 1.90196238494 -0.404398530883 -0.0813988390409 0.036023766449
10.0 1.34582375329 -0.559207283238 -0.196996216611 -0.0440416109616
10.0 1.03490274736 -0.684276265414 -0.298889293135 -0.124295051887
10.0 1.68278071874 -0.457710572872 -0.119598155236 0.0112944065073
10.0 1.05958500867 -0.672834530458 -0.289327269438 -0.116488229388
10.0 1.42139661465 -0.533927377643 -0.177222715018 -0.0293412831344
10.0 1.77756836927 -0.433634931597 -0.102111137414 0.0228751866536
10.0 1.06926414912 -0.668433744273 -0.285659446882 -0.113503129207
10.0 1.78887549087 -0.430873055176 -0.100124640134 0.0241586176802
10.0 1.01792109603 -0.692320253861 -0.305653933662 -0.129839512684
10.0 1.13701116878 -0.638858776305 -0.261178597957 -0.0938124361092
10.0 1.6892179753 -0.456020511465 -0.118360357081 0.0121274458586
10.0 1.0793178386 -0.663913873371 -0.281893212103 -0.110453269826
10.0 1.16717233504 -0.626333188506 -0.250916587949 -0.0856678490173
10.0 1.73486408963 -0.444267537417 -0.109802234544 0.0178429708155
10.0 1.01401793089 -0.694191159134 -0.307228097162 -0.131136409486
10.0 1.67594966997 -0.459512812216 -0.120921065008 0.010403145073
10.0 1.62555865539 -0.473081780904 -0.130966294354 0.00358086852551
10.0 1.64021798259 -0.469083027885 -0.127992595215 0.00561376043579
10.0 1.68373610596 -0.457459405951 -0.119413929983 0.0114184050291
10.0 1.800477826 -0.428060639675 -0.098108793593 0.0254558670362
10.0 1.75385128883 -0.439499017869 -0.106346078043 0.0201177561061
10.0 1.4620997586 -0.520978018643 -0.167204025745 -0.0220430423956
10.0 1.71382600981 -0.449633202765 -0.113700764985 0.015251055568
10.0 1.72259119689 -0.447386940878 -0.112067343961 0.0163399168317
10.0 1.11674203507 -0.647485034665 -0.268291405422 -0.0994959993641
10.0 1.68538231898 -0.457026543491 -0.119096943809 0.0116319096222
10.0 1.9941754082 -0.384280219481 -0.0674812314519 0.0444468723424
10.0 1.87091185871 -0.411457196843 -0.0863486272747 0.0329391879332
10.0 1.06611946132 -0.669858098704 -0.28684699071 -0.114467888627
10.0 1.37110081598 -0.550565682116 -0.190197567644 -0.0389599419341
10.0 1.34464230585 -0.559615643769 -0.19731877496 -0.0442832789357
10.0 1.0300644388 -0.686553080839 -0.300802232755 -0.125858605556
10.0 1.37677434645 -0.548650409771 -0.18869918692 -0.0378418494613
10.0 1.09029420649 -0.659031622897 -0.277833275329 -0.10717919808
10.0 1.54592798485 -0.495641040766 -0.147869005119 -0.00820404142525
10.0 1.76138350875 -0.43762581731 -0.104991200653 0.0210035262407
10.0 1.74077065486 -0.442776782256 -0.108720877662 0.0185572546368
10.0 1.87232848894 -0.411131683678 -0.0861198684726 0.0330828264655
10.0 1.20637668727 -0.610616393613 -0.238115447998 -0.0756002572014
10.0 1.41798968667 -0.535030786419 -0.178081093775 -0.029971005956
10.0 1.15437599397 -0.631603228281 -0.255221523487 -0.0890824794443
10.0 1.14726550368 -0.634560059072 -0.257644222759 -0.0910053934316
10.0 1.4779984179 -0.516032967756 -0.163411449504 -0.0192944600677
10.0 1.41982373699 -0.534436448402 -0.177618606555 -0.0296316621615
10.0 1.56574850432 -0.48989228708 -0.143532671033 -0.00515699973178
10.0 1.65951825566 -0.463883716954 -0.124141068217 0.0082283510814
10.0 1.44892673928 -0.525123677297 -0.17039748298 -0.0243621924914
10.0 1.69835510326 -0.453634901948 -0.11661710105 0.01329858802
10.0 1.10610105562 -0.65209152672 -0.272091115884 -0.102553101861
10.0 1.09068676704 -0.658858021266 -0.27768915717 -0.107063140494
10.0 1.90055783578 -0.404714736778 -0.0816199533989 0.0358871928951
10.0 1.48928595335 -0.512562744406 -0.160757336827 -0.0173769922042
10.0 1.28759536168 -0.57986949487 -0.213381475892 -0.0564715349175
10.0 1.641151113 -0.468830018235 -0.12780459391 0.00574181090835
10.0 1.58307158656 -0.48493912177 -0.139816966323 -0.00255449288466
10.0 1.3236833272 -0.56692957707 -0.203108500267 -0.0486443467114
10.0 1.50693347696 -0.507205892604 -0.156665840234 -0.0144389928551
10.0 1.22724088361 -0.602485716305 -0.231540844184 -0.0704736589599
10.0 1.9174719509 -0.400930388919 -0.078975601956 0.0375144715466
10.0 1.67511854305 -0.459732419236 -0.121082660644 0.0102942050169
10.0 1.66907888563 -0.461334322164 -0.122260922002 0.00949916871471
10.0 1.40886301277 -0.538002565258 -0.180394452573 -0.0316741419215
10.0 1.66117499214 -0.463440697896 -0.12381391854 0.00844964327516
10.0 1.02552232917 -0.688700979445 -0.302608600802 -0.127338013259
10.0 1.0929459154 -0.657859499112 -0.276861272391 -0.106396217249
10.0 1.26754523078 -0.58724290232 -0.219279893065 -0.0609850912078
10.0 1.72763776353 -0.446100658608 -0.111133022 0.0169609893286
10.0 1.63667124099 -0.470046385884 -0.128708208317 0.00512577080697
10.0 1.23727260074 -0.598633750301 -0.228439097779 -0.0680586119587
10.0 1.86717102684 -0.412318160881 -0.0869540108295 0.0325583471194
10.0 1.04751337967 -0.678392862993 -0.293962804532 -0.120272740634
10.0 1.9973650445 -0.383605255666 -0.0670209847398 0.0447207474482
10.0 1.76282989098 -0.437267361811 -0.104732302382 0.0211724344092
10.0 1.93904776302 -0.396164738414 -0.0756591636097 0.0395355349261
10.0 1.89837357261 -0.405206732055 -0.081964209268 0.0356741483629
10.0 1.95343149828 -0.39302396229 -0.0734841436025 0.0408504185664
10.0 1.60981773458 -0.477426391374 -0.134204465897 0.00135009510145
10.0 1.5482260563 -0.494970218699 -0.147361470135 -0.00784681868437
10.0 1.29804671596 -0.576076339346 -0.210363022397 -0.0541653982142
10.0 1.52695837651 -0.501223000217 -0.152105751613 -0.0111944626934
10.0 1.3242820615 -0.566718763876 -0.202941365345 -0.0485178166706
10.0 1.80371162735 -0.427280582967 -0.0975509182485 0.0258139759795
10.0 1.87103221809 -0.411429530638 -0.0863291902292 0.0329514644115
10.0 1.92227669285 -0.399863181498 -0.0782314188385 0.0379698214727
10.0 1.53345261974 -0.499303004105 -0.150645789934 -0.0101620547665
10.0 1.79480865026 -0.429432049432 -0.0990910817116 0.0248243034195
10.0 1.86221638283 -0.413462476275 -0.0877589317505 0.0320513436985
10.0 1.78289887877 -0.432330291806 -0.101171804762 0.0234826129651
10.0 1.77834759955 -0.433443857552 -0.101973407229 0.0229642499323
10.0 1.38283674837 -0.546614842339 -0.187108361841 -0.0366559927414
10.0 1.60874230698 -0.47772540383 -0.134427549034 0.00119582963156
10.0 1.24334955788 -0.596319502442 -0.226576866319 -0.0666120624341
10.0 1.62772185346 -0.472488907913 -0.130524945723 0.00388360076404
10.0 1.01635934823 -0.693067495192 -0.306282892457 -0.130357320767
10.0 1.31697914027 -0.569299634919 -0.204986756923 -0.0500687348118
10.0 1.1843124013 -0.619384584608 -0.245252032624 -0.0811906352519
10.0 1.81726587383 -0.424029576047 -0.0952325890833 0.0272994109595
10.0 1.22474188176 -0.603451242763 -0.232319219953 -0.0710801880783
10.0 1.21528635488 -0.607125294427 -0.235286573952 -0.0733938745763
10.0 1.29385898308 -0.577592245834 -0.211567852458 -0.0550856404977
10.0 1.43339789904 -0.53006613119 -0.174222848202 -0.0271472164191
10.0 1.65524474889 -0.465028840121 -0.124987529786 0.00765517889728
10.0 1.83428523418 -0.41998945358 -0.0923649789454 0.0291301648505
10.0 1.15804900765 -0.630083567383 -0.253978668161 -0.0880964456251
10.0 1.17619557197 -0.622659024384 -0.247921189827 -0.0832963171174
10.0 1.49040519117 -0.512220664186 -0.160495984946 -0.0171885851272
10.0 1.25941139497 -0.590270894651 -0.221712118027 -0.0628533889887
10.0 1.68733450553 -0.45651431908 -0.118721675875 0.0118844117894
10.0 1.13706396302 -0.638836534574 -0.261160414605 -0.0937980726243
10.0 1.73083714882 -0.445287772722 -0.110542710884 0.0173526298482
10.0 1.51951083076 -0.503436608282 -0.153791281428 -0.0123901152443
10.0 1.71617810891 -0.449028958018 -0.113261171557 0.0155445647183
10.0 1.63806419862 -0.469667829763 -0.128426913344 0.00531769928
10.0 1.235422452 -0.599341444117 -0.229008459813 -0.0685013735563
10.0 1.34352180307 -0.560003207686 -0.197625366927 -0.0445131090062
10.0 1.55802156665 -0.492123381419 -0.145212220467 -0.00633599515654
10.0 1.19019640528 -0.617028100278 -0.243331493839 -0.0796809914391
10.0 1.46456099379 -0.520208211026 -0.166612569348 -0.0216140352861
10.0 1.67978827796 -0.458498868622 -0.120176596073 0.0109049468936
10.0 1.02615145601 -0.688402789303 -0.30235792355 -0.127132180404
10.0 1.75492277616 -0.439231937418 -0.106152887711 0.0202442775571
10.0 1.59323680654 -0.482064077253 -0.137666890013 -0.00105397216529
10.0 1.10671055035 -0.651826323962 -0.271872177427 -0.102376757222
10.0 1.30840970402 -0.572351606466 -0.207406445038 -0.0519098434266
10.0 1.39717968933 -0.541842946508 -0.183386472331 -0.0338880130517
10.0 1.55750327717 -0.49227346926 -0.145325387045 -0.00641550904194
10.0 1.24223297764 -0.59674370503 -0.226918064312 -0.0668769189041
10.0 1.77727756407 -0.43370633106 -0.102162404126 0.0228419245966
10.0 1.69041684194 -0.455706445377 -0.118130610629 0.0122818595148
10.0 1.79101069589 -0.430353799902 -0.0997518270595 0.0243986681201
10.0 1.94822151891 -0.394158362819 -0.0742685302685 0.0403769512467
10.0 1.2926745209 -0.578021652012 -0.211909788711 -0.0553469420898
10.0 1.38246869465 -0.546738198935 -0.18720480018 -0.0367277669254
10.0 1.86284932927 -0.413315879951 -0.0876558520407 0.0321162526995
10.0 1.74466635861 -0.441797229438 -0.108010727063 0.0190251270859
10.0 1.54892103756 -0.494767362857 -0.14720831498 -0.00773909896427
10.0 1.10498287251 -0.652578901969 -0.272493313565 -0.102877191712
10.0 1.90956328359 -0.402694582251 -0.0802072341981 0.0367584284787
10.0 1.64635605711 -0.467421793929 -0.126759610232 0.00645267957575
10.0 1.21126345745 -0.608698312165 -0.236560084286 -0.0743868636818
10.0 1.32001459887 -0.568224450396 -0.204134818055 -0.0494221164498
10.0 1.30036686173 -0.575239429909 -0.209698042103 -0.0536576638966
10.0 1.80106521786 -0.427918849832 -0.0980074593437 0.0255209185307
10.0 1.1199982208 -0.646086369217 -0.267137840496 -0.0985701825083
10.0 1.44145696354 -0.527493521678 -0.17222947635 -0.025694729061
10.0 1.2945984016 -0.577324228808 -0.211354723763 -0.0549227312281
10.0 1.30334774937 -0.574166523022 -0.208846265983 -0.0530077266697
10.0 1.44054460325 -0.527783920692 -0.172454244597 -0.0258584164617
10.0 1.75508605353 -0.439191257114 -0.106123441719 0.0202635453364
10.0 1.78634346763 -0.431489725143 -0.100567544133 0.0238729298184
10.0 1.68344480431 -0.457535853652 -0.119470093174 0.0113805990158
10.0 1.76046401585 -0.437854030604 -0.105156049502 0.0208959899242
10.0 1.4018870684 -0.540290698648 -0.182176783327 -0.0329914253378
10.0 1.91147782589 -0.40226670211 -0.0799082942103 0.0369423043132
10.0 1.03302035421 -0.685160812315 -0.299631982583 -0.124901799401
10.0 1.24300820577 -0.596449063982 -0.226681230827 -0.0666929514096
10.0 1.30054711627 -0.575174186139 -0.209646435627 -0.0536182324221
10.0 1.77351673222 -0.434629760629 -0.102827987386 0.0224105437992
10.0 1.58610463699 -0.48407859557 -0.139173186176 -0.00210468390186
10.0 1.23084720922 -0.601096411871 -0.230421669348 -0.0696015723831
10.0 1.85925208299 -0.414148920457 -0.0882421298081 0.031746302045
10.0 1.06223120623 -0.671626272748 -0.288320505359 -0.1156676271
10.0 1.60441798549 -0.478929850755 -0.135326238524 0.000573314044052
10.0 1.72954720038 -0.445615226293 -0.110780393822 0.0171950000817
10.0 1.84504270963 -0.417460123151 -0.0905766208438 0.0302676084469
10.0 1.35964370206 -0.554460250005 -0.193254470619 -0.0412423605999
10.0 1.60009536372 -0.480137909648 -0.136228206355 -5.28082720477e-05
10.0 1.70546405869 -0.451790024575 -0.115271576628 0.0142005961693
10.0 1.48517784069 -0.513821847235 -0.161719967123 -0.0180716012316
10.0 1.35616195532 -0.555651344717 -0.194191779285 -0.0419427280296
10.0 1.20722336455 -0.61028384685 -0.23784514553 -0.0753896712269
10.0 1.27955195823 -0.582812205122 -0.215730612622 -0.0582674251585
10.0 1.37271796519 -0.55001889626 -0.189769520317 -0.0386404110615
10.0 1.77874949039 -0.433345367135 -0.101902549927 0.0230101207248
10.0 1.68960929817 -0.455917876351 -0.118285370011 0.0121778797477
10.0 1.81108095525 -0.425509538204 -0.0962864148812 0.026624729394
10.0 1.0334272981 -0.684969262874 -0.299471245923 -0.12477056061
10.0 1.50694484205 -0.507202469189 -0.15666323502 -0.0144371242728
10.0 1.10404559149 -0.652987657823 -0.272831105789 -0.10314911224
10.0 1.2463154179 -0.595195190908 -0.225672714441 -0.0659109682883
10.0 1.15709422853 -0.630477897855 -0.254301189178 -0.0883522389083
10.0 1.42247336162 -0.533579441091 -0.176952081664 -0.0291429551733
10.0 1.05575286371 -0.674590797974 -0.290790757015 -0.117682279841
10.0 1.17007466169 -0.625147366361 -0.249949763203 -0.0849016199117
10.0 1.81218585141 -0.425244728905 -0.0960977755247 0.026745665998
10.0 1.90585862565 -0.40352407448 -0.0807871014471 0.0364013597424
10.0 1.72553219544 -0.446636717007 -0.111522269594 0.0167023475065
10.0 1.82463257979 -0.42227501391 -0.0939855622085 0.0280965909171
10.0 1.52633332839 -0.501408223 -0.152246647855 -0.01129438673
10.0 1.03520292146 -0.684135215652 -0.298771013467 -0.124198403499
10.0 1.9120392288 -0.402141356987 -0.0798207616046 0.0369962012399
10.0 1.50120063131 -0.508937126862 -0.157987346759 -0.0153852282626
10.0 1.07198597907 -0.667204766938 -0.284635698337 -0.112672339222
10.0 1.82673110756 -0.421776858872 -0.0936319662319 0.0283223004052
10.0 1.15491802413 -0.63137861478 -0.255037408412 -0.0889366763041
10.0 1.0705859283 -0.667836734893 -0.285162150424 -0.113099365797
10.0 1.5138992754 -0.505113385144 -0.155069667955 -0.013299456738
10.0 1.46462971074 -0.520186737258 -0.166596065796 -0.0216020737627
10.0 1.898266564 -0.405230727851 -0.0819811296418 0.035663705359
10.0 1.76453294351 -0.436845806871 -0.104427562074 0.0213710381082
10.0 1.87711776102 -0.410033812473 -0.085348685338 0.0335664220685
10.0 1.42534708833 -0.532652267828 -0.176231187694 -0.0286147918639
10.0 1.16795928152 -0.626011083151 -0.250654050066 -0.0854598173418
10.0 1.57027434295 -0.488591792239 -0.142555313676 -0.00447167719559
10.0 1.32488810486 -0.566505343508 -0.202772294525 -0.0483900140527
10.0 1.75735236043 -0.438627157365 -0.105715166124 0.0205305406283
10.0 1.69410811698 -0.454741581904 -0.117425349317 0.0127557548203
10.0 1.65558045735 -0.464938806331 -0.124920897089 0.00770033950381
10.0 1.9091962368 -0.402776628 -0.0802645314659 0.0367232025847
10.0 1.3570783844 -0.555337525984 -0.193944616723 -0.0417580854275
10.0 1.2837018296 -0.581291300559 -0.214515701999 -0.057338554197
10.0 1.81788737448 -0.423881252836 -0.095127183419 0.0273669486263
10.0 1.06318211657 -0.671193037257 -0.28795931833 -0.115373310825
10.0 1.45489389389 -0.523240583509 -0.168945079343 -0.0233068545166
10.0 1.67704615808 -0.45922281161 -0.120708128891 0.0105467273966
10.0 1.62341784633 -0.473669409519 -0.131403887066 0.0032805348201
10.0 1.15149618842 -0.632798310155 -0.256200084502 -0.0898591579035
10.0 1.2495456246 -0.593974456431 -0.22469060859 -0.0651510422828
10.0 1.19004035084 -0.617090177114 -0.243382238364 -0.0797208213866
10.0 1.70041893614 -0.453098336337 -0.116225417056 0.013561314927
10.0 1.61352551782 -0.47639825993 -0.133437559905 0.00188019461026
10.0 1.54525167021 -0.495838776426 -0.148018778528 -0.00830937802461
10.0 1.78657452916 -0.431433424714 -0.100527070272 0.0238990183045
10.0 1.34076708183 -0.560957688805 -0.198379692131 -0.0450793305783
10.0 1.20785273275 -0.610036735656 -0.237644589583 -0.0752329183562
10.0 1.40454285744 -0.539417872262 -0.181496828771 -0.0324882597153
10.0 1.60245397727 -0.479478238664 -0.135735482689 0.000289275158286
10.0 1.89027157626 -0.407037730061 -0.0832469934173 0.0348780460879
10.0 1.74013806407 -0.442936116907 -0.108836457869 0.018481100366
10.0 1.42441067028 -0.532954206582 -0.176465820463 -0.0287866455924
10.0 1.42568633682 -0.532542774945 -0.176146233423 -0.0285526559184
10.0 1.45064150554 -0.524581610445 -0.169979042672 -0.0240580407216
10.0 1.67817030405 -0.458925749631 -0.120489904536 0.010693780294
10.0 1.90550085721 -0.403604293242 -0.080843110737 0.0363668043734
10.0 1.56027043649 -0.491472651527 -0.144721887811 -0.00599168680657
10.0 1.12265334173 -0.644949834932 -0.266200331318 -0.0978191399434
10.0 1.69112571503 -0.455520849381 -0.117995087197 0.012372889046
10.0 1.6868992401 -0.456628315406 -0.118805292784 0.011828275593
10.0 1.3272475083 -0.565675949894 -0.202115141763 -0.0478929142589
10.0 1.00351223644 -0.6992729533 -0.311503139867 -0.134667978378
10.0 1.34131996283 -0.560765889785 -0.198227908816 -0.0449656332537
10.0 1.04939100107 -0.677523518069 -0.29323693708 -0.119679670799
10.0 1.9380652975 -0.396380316803 -0.0758087877356 0.039444769948
10.0 1.63982622314 -0.469189312745 -0.128071475702 0.00555999547712
10.0 1.44256986986 -0.527139674373 -0.171955393402 -0.0254953623776
10.0 1.27398144867 -0.584862173144 -0.217371016816 -0.0595227771794
10.0 1.56196238369 -0.490983855629 -0.144353801277 -0.00573330272749
10.0 1.38508433159 -0.545862766764 -0.186521446921 -0.0362186841403
10.0 1.49317907411 -0.511374075704 -0.159848729072 -0.0167225352572
10.0 1.89390247184 -0.406215995856 -0.0826710684749 0.0352359154195
10.0 1.36916115214 -0.551222084984 -0.190712345915 -0.0393440397021
10.0 1.14254309651 -0.636534635233 -0.259266482564 -0.0922928156622
10.0 1.75744863946 -0.438603211601 -0.10569783506 0.0205418645725
10.0 1.32481721286 -0.566530280081 -0.202792064199 -0.0484048190144
10.0 1.41674260532 -0.535435309456 -0.178396090116 -0.0302023884346
10.0 1.88660503178 -0.407870238354 -0.0838303900321 0.0345149440208
10.0 1.90284861299 -0.404199640244 -0.0812595226485 0.0361098475492
10.0 1.4455842434 -0.526182492128 -0.171215378128 -0.0249567624813
10.0 1.88533739104 -0.408158508423 -0.0840325528031 0.0343889191972
10.0 1.08538430506 -0.661208726335 -0.279642106376 -0.108636814413
10.0 1.64356603923 -0.468175940295 -0.127319293394 0.00607223172835
10.0 1.36844774177 -0.551464171084 -0.190901847195 -0.0394854873837
10.0 1.96913572787 -0.38962709592 -0.0711428143979 0.0422583803288
10.0 1.91904869967 -0.400580026406 -0.0787310788596 0.0376642106823
10.0 1.53571578356 -0.498636367639 -0.150139366194 -0.0098043869359
10.0 1.67733083948 -0.459147529272 -0.1206528843 0.0105839689967
10.0 1.5278679563 -0.500953367219 -0.151900512281 -0.0110492994365
10.0 1.12208228334 -0.645193832029 -0.266401738631 -0.097980127813
10.0 1.11399610728 -0.648668253577 -0.269267327771 -0.100280325444
10.0 1.40946367589 -0.537806152698 -0.180241691736 -0.0315613224672
10.0 1.69631091069 -0.454166961906 -0.117005588925 0.0130376313626
10.0 1.9205473661 -0.400247014561 -0.0784989360273 0.0378063877348
10.0 1.21020201199 -0.609114469715 -0.236897010363 -0.0746497913092
10.0 1.14860345249 -0.634002274517 -0.257186987624 -0.0906421183276
10.0 1.01291959134 -0.694719484497 -0.307672333901 -0.131503084662
10.0 1.0285646182 -0.687261017026 -0.301397639825 -0.126345779763
10.0 1.48617734755 -0.513515141867 -0.161485378999 -0.0179022599397
10.0 1.09267128984 -0.657980931765 -0.276961714488 -0.106477192551
10.0 1.77709047825 -0.433752153932 -0.102195393284 0.022820504661
10.0 1.48696638159 -0.513273260125 -0.161300187598 -0.0177688180208
10.0 1.98992766309 -0.385181130048 -0.0680962785296 0.044080433305
10.0 1.89930274016 -0.404997240905 -0.0818176345277 0.0357647897624
10.0 1.2864623433 -0.580283002167 -0.213710926699 -0.0567233220738
10.0 1.7098407325 -0.450659394782 -0.114447718886 0.0147519521544
10.0 1.09111462437 -0.658668932534 -0.277532163286 -0.106936645943
10.0 1.88042519878 -0.409277886315 -0.0848179342386 0.0338985188897
10.0 1.63117021715 -0.471545647699 -0.12982308758 0.00436421509125
10.0 1.28732432726 -0.579968383993 -0.213460259926 -0.0565316734907
10.0 1.69922333851 -0.453409106926 -0.116452233294 0.0134092275337
10.0 1.7101063502 -0.450590882128 -0.114398038876 0.0147853289165
10.0 1.82619181628 -0.421904797025 -0.0937225849159 0.0282643283943
10.0 1.96224412231 -0.391113610936 -0.0721659763046 0.0416439863576
10.0 1.9280235187 -0.398591237595 -0.0773457206606 0.0385103446661
10.0 1.03684216314 -0.68336640917 -0.298126051324 -0.123671609942
10.0 1.12394212342 -0.644398992412 -0.265746240752 -0.0974553904161
10.0 1.96425818875 -0.390678565633 -0.0718662314065 0.0418239752614
10.0 1.41535205441 -0.535887086824 -0.178747585924 -0.030460816157
10.0 1.6181776937 -0.47511215046 -0.132478880912 0.00254112622673
10.0 1.62036124308 -0.474510181107 -0.132030366552 0.00284993663426
10.0 1.59021489045 -0.482916233847 -0.138303786547 -0.00149800600706
10.0 1.18641339793 -0.618541380296 -0.244564995421 -0.0806497952639
10.0 1.11894655402 -0.646537604537 -0.267509998689 -0.0988685512544
10.0 1.87290542741 -0.410999180703 -0.0860268320517 0.0331412811014
10.0 1.73809288489 -0.443451809425 -0.109210413365 0.0182341087208
10.0 1.89935890074 -0.404984707599 -0.081808851563 0.0357702885063
10.0 1.95439769004 -0.392813932269 -0.0733391459797 0.0409378501273
10.0 1.40302715348 -0.539915917837 -0.18188466787 -0.0327752295223
10.0 1.42227458089 -0.533643597186 -0.177001934938 -0.0291794696248
10.0 1.31136924365 -0.571294437713 -0.206568380743 -0.0512714520869
10.0 1.57156428586 -0.488221723466 -0.142277644992 -0.00427706928594
10.0 1.77047068558 -0.435379623851 -0.103368880689 0.0220596155218
10.0 1.26075033153 -0.589771003033 -0.221310211151 -0.062544303078
10.0 1.79964977828 -0.42826065333 -0.0982519136035 0.025363938039
10.0 1.63741576783 -0.469844035227 -0.128557796997 0.0052284991695
10.0 1.25638889939 -0.591401600621 -0.222621449969 -0.0635535264512
10.0 1.6412163258 -0.468812321323 -0.127791527167 0.00575070520671
10.0 1.34502635708 -0.559482769926 -0.197213886009 -0.0442047796195
10.0 1.13696646355 -0.638877518558 -0.261194122617 -0.0938247685446
10.0 1.92462797898 -0.399342190765 -0.0778684398511 0.0381913743722
10.0 1.16465156307 -0.627365901948 -0.251759088611 -0.0863358086979
10.0 1.7362181702 -0.443925175565 -0.109553741462 0.018007269287
10.0 1.01628299655 -0.693104286765 -0.306313803741 -0.130382748173
10.0 1.969146963 -0.389624678428 -0.0711411522316 0.0422594155643
10.0 1.88875855884 -0.407381170131 -0.0834875325707 0.0347284598625
10.0 1.12480026359 -0.644033187158 -0.265444358546 -0.0972137091623
10.0 1.08698890375 -0.660496284368 -0.279049856367 -0.108159349731
10.0 1.62001005213 -0.474606990758 -0.132102324574 0.00280031583852
10.0 1.31706415392 -0.569269442363 -0.204962869838 -0.0500505482982
10.0 1.74907908449 -0.440691073495 -0.107209349004 0.0195518698532
10.0 1.1315501209 -0.641164873772 -0.263079189342 -0.0953253164167
10.0 1.14574820591 -0.635193576059 -0.25816470028 -0.0914183362524
10.0 1.72551939959 -0.446639992183 -0.111524638137 0.016700811003
10.0 1.24305715069 -0.596430463735 -0.226666200386 -0.0666814462461
10.0 1.73763509429 -0.443567427352 -0.109294282269 0.0181788737636
10.0 1.20641116373 -0.610603038084 -0.238104440617 -0.0755917734433
10.0 1.07396898708 -0.666312496456 -0.283891634646 -0.112069493078
10.0 1.67026273937 -0.461019981785 -0.122029383358 0.00965552575249
10.0 1.43035417292 -0.531041792748 -0.174979970284 -0.0277002257306
10.0 1.6001282339 -0.480128705571 -0.136221341866 -4.80557270019e-05
10.0 1.10113996432 -0.654257822249 -0.273880411772 -0.103994515364
10.0 1.5679373985 -0.489262573145 -0.143059433862 -0.00482513009066
10.0 1.37733276563 -0.548462662201 -0.188552213367 -0.037732266348
10.0 1.74804752722 -0.440949309822 -0.107396370364 0.0194290893426
10.0 1.43093955744 -0.530854102911 -0.17483415203 -0.027593652477
10.0 1.14334817914 -0.636197195514 -0.258989453823 -0.0920728189522
10.0 1.77813430702 -0.433496072154 -0.10201125042 0.022939880663
10.0 1.98353639229 -0.386541525671 -0.0690263117563 0.0435253002521
10.0 1.52643602463 -0.501377852788 -0.152223574312 -0.0112779584911
10.0 1.29258116622 -0.578055630574 -0.211936810096 -0.0553675255675
10.0 1.09731399766 -0.655935836081 -0.275267848898 -0.105112640009
10.0 1.41633865065 -0.535566548099 -0.178498087296 -0.0302775151185
10.0 1.68239463969 -0.457812302113 -0.119672674763 0.0112442095536
10.0 1.06714940315 -0.669391121248 -0.286457529095 -0.114151347171
10.0 1.13431800706 -0.639994345151 -0.262114427706 -0.0945569267576
10.0 1.99871606008 -0.383319892997 -0.0668264534943 0.0448364225005
10.0 1.58885195401 -0.483301119695 -0.138591782331 -0.00169875329069
10.0 1.74548732976 -0.441591104922 -0.107861374035 0.0191232666585
10.0 1.2034079434 -0.611786064976 -0.239065124159 -0.0763417273305
10.0 1.23880545417 -0.598048370972 -0.227968112491 -0.0676925994683
10.0 1.24023264115 -0.597504810587 -0.227530388372 -0.0673523154844
10.0 1.96177027709 -0.391216070522 -0.0722365855036 0.0416015434342
10.0 1.83315674953 -0.420255596736 -0.0925536218076 0.0290099014129
10.0 1.98986821476 -0.385193700065 -0.0681048911388 0.0440752910576
10.0 1.31826878778 -0.568842321978 -0.204624558742 -0.0497935722457
10.0 1.90294912405 -0.404177160916 -0.0812437875532 0.0361194995656
10.0 1.67581194045 -0.459548947178 -0.12094782886 0.0103850997549
10.0 1.8923213855 -0.406573568531 -0.0829215808124 0.0350804155779
10.0 1.37726423019 -0.548485795532 -0.188570257111 -0.0377457099833
10.0 1.74338842255 -0.442118241731 -0.10824338389 0.0188718712693
10.0 1.52052438712 -0.503134472096 -0.153561161813 -0.0122266367815
10.0 1.02451431445 -0.689178980555 -0.303010988732 -0.127667984026
10.0 1.90459187886 -0.403808270022 -0.0809857463436 0.0362787811415
10.0 1.45856820275 -0.522085184883 -0.168055389538 -0.0226610264584
10.0 1.03096503945 -0.686128086141 -0.300445048947 -0.125566693339
10.0 1.41271013645 -0.536747109466 -0.179416612078 -0.0309534627383
10.0 1.54389486264 -0.496235435963 -0.148319110126 -0.00852107428118
10.0 1.2208064044 -0.60497655789 -0.233549959719 -0.0720397462986
10.0 1.89283986204 -0.406456289825 -0.082839276595 0.035131476057
10.0 1.47872310462 -0.515809030978 -0.163240238929 -0.0191704407984
10.0 1.06287167532 -0.671334384922 -0.288077250441 -0.115469338066
10.0 1.21061414914 -0.608952861405 -0.236766076549 -0.074547624712
10.0 1.74911824369 -0.440681291568 -0.107202251558 0.0195565250209
10.0 1.24285346271 -0.596507907979 -0.226728471878 -0.0667296719704
10.0 1.10427896309 -0.652885651479 -0.272746986341 -0.103081405614
10.0 1.17148700516 -0.624571624479 -0.249480156375 -0.0845299086368
10.0 1.68926263004 -0.456008813377 -0.118351798597 0.012133201303
10.0 1.55979928775 -0.491608927208 -0.144824487004 -0.0060637676798
10.0 1.87861998461 -0.40969024429 -0.0851073958649 0.0337174583901
10.0 1.36050752103 -0.554165465563 -0.193022622646 -0.0410691013599
10.0 1.0662313514 -0.669807337981 -0.286804451172 -0.114433515342
10.0 1.93631307302 -0.396765161544 -0.0760760045787 0.0392825490736
10.0 1.27867633454 -0.583133800323 -0.215987761104 -0.0584640184286
10.0 1.39993464275 -0.540933831526 -0.182677784892 -0.0333625102215
10.0 1.94414600421 -0.395048317759 -0.0748848876018 0.040004447429
10.0 1.32441010138 -0.566673514149 -0.202905637246 -0.0484907577936
10.0 1.49059193273 -0.512163531532 -0.160452038129 -0.0171571113063
10.0 1.81742690238 -0.423991126266 -0.0952052138047 0.0273169865498
10.0 1.87465348604 -0.410598355708 -0.0857450314247 0.0333180310345
10.0 1.01188208851 -0.695219140456 -0.308092552908 -0.131849879146
10.0 1.6015744194 -0.479724130786 -0.135919130077 0.00016180485191
10.0 1.85990026558 -0.413998725536 -0.088136302777 0.0318130643565
10.0 1.86326544472 -0.413219832444 -0.0875880731414 0.0321589679614
10.0 1.49887826469 -0.509640867208 -0.158524706713 -0.0157709484374
10.0 1.1323504284 -0.640826222299 -0.26279983612 -0.0951026751037
10.0 1.35583401896 -0.555763511681 -0.194280207877 -0.042008867818
10.0 1.89089450793 -0.406896788353 -0.0831480692476 0.0349395473228
10.0 1.30019309361 -0.575301831964 -0.209747811407 -0.0536956409086
10.0 1.92207087661 -0.399908851712 -0.0782632470953 0.0379503506869
10.0 1.50243995002 -0.508562151377 -0.157701099898 -0.0151799348717
10.0 1.21657726562 -0.606621910974 -0.234879295449 -0.0730763626918
10.0 1.0438641103 -0.680087657635 -0.295379517088 -0.121429335412
10.0 1.76780759363 -0.436036447304 -0.103843006501 0.0217515321764
10.0 1.66897465005 -0.461361890662 -0.122281322211 0.00948550109754
10.0 1.53321063777 -0.499374532473 -0.150699986328 -0.0102003803875
10.0 1.42146046986 -0.533906693799 -0.177206559242 -0.0293294987916
10.0 1.96667807946 -0.39015656731 -0.0715068320821 0.0420401169108
10.0 1.39786496845 -0.541616601963 -0.183210025979 -0.0337570863174
10.0 1.55454900514 -0.493130147913 -0.145971547226 -0.00686949413527
10.0 1.48016243724 -0.515365048281 -0.162900316464 -0.0189245084877
10.0 1.74288305542 -0.442245273704 -0.108335464348 0.0188112915826
10.0 1.83487179304 -0.419850871707 -0.09226691988 0.0291925773787
10.0 1.32159803866 -0.567665261879 -0.203691460172 -0.0490858173584
10.0 1.53578885889 -0.49861476626 -0.150123188588 -0.00979283357621
10.0 1.60373422154 -0.479120742962 -0.135468639661 0.000474498812808
10.0 1.21727210134 -0.606351069534 -0.234660479988 -0.072905532602
10.0 1.90343399271 -0.404067841172 -0.0811675624849 0.0361665369831
10.0 1.034842275 -0.684304744304 -0.298913127875 -0.124314489897
10.0 1.54916289938 -0.494696959722 -0.147154976102 -0.00770150141674
10.0 1.62584371964 -0.473003556917 -0.130907847496 0.00362081922155
10.0 1.03699278589 -0.683296133274 -0.298066760809 -0.12362317822
10.0 1.54001029084 -0.497373740841 -0.149181687708 -0.00912871664579
10.0 1.71794632384 -0.44857538346 -0.112931340327 0.0157644062666
10.0 1.48706410317 -0.513243287404 -0.161277222768 -0.017752241529
10.0 1.04261331725 -0.680670236482 -0.295866643177 -0.12182721734
10.0 1.14125291733 -0.637075386505 -0.259711212226 -0.0926461110449
10.0 1.85279927931 -0.415648436686 -0.0892984554281 0.0310782369491
10.0 1.33673004984 -0.562360547146 -0.199489667705 -0.0459136580784
10.0 1.95887831006 -0.391842065 -0.072668168141 0.0413419403121
10.0 1.51076666745 -0.506052981343 -0.155785964938 -0.0138102510927
10.0 1.5477950496 -0.495096013153 -0.147456583759 -0.0079138117157
10.0 1.32052841888 -0.568043168276 -0.203990793222 -0.049312966941
10.0 1.75743152799 -0.438607467309 -0.105700824335 0.0205398521065
10.0 1.48911782174 -0.512614148075 -0.160796645681 -0.017405414669
10.0 1.57894029343 -0.486114212308 -0.140697186733 -0.00316997643933
10.0 1.38236673121 -0.546772285778 -0.187231396664 -0.036747515898
10.0 1.88187975106 -0.408946000345 -0.0845850208014 0.0340440087106
10.0 1.31416512503 -0.570299056046 -0.205778856299 -0.0506708154451
10.0 1.50712676154 -0.507147751121 -0.156621281738 -0.0144072345088
10.0 1.63081713197 -0.471642112861 -0.129894734368 0.00431496573863
10.0 1.21638126432 -0.606698445245 -0.234941172152 -0.0731245574002
10.0 1.06029629164 -0.672509382662 -0.289056073369 -0.116267374988
10.0 1.19489119534 -0.615157862445 -0.241808190152 -0.0784865546468
10.0 1.39464408582 -0.542681977951 -0.184040447731 -0.0343733428642
10.0 1.52111187513 -0.50295992614 -0.153427928466 -0.0121319944725
10.0 1.83552219214 -0.419697488185 -0.0921583256274 0.0292617038765
10.0 1.69702112294 -0.453982053484 -0.116870554127 0.0131283804029
10.0 1.34704798426 -0.558784743967 -0.196662398952 -0.0437913710125
10.0 1.40976204133 -0.537708712999 -0.180165777048 -0.0315053711762
10.0 1.01069490858 -0.695791652049 -0.308574120786 -0.132247375187
10.0 1.53180362935 -0.499789856258 -0.151015715496 -0.0104232953971
10.0 1.6397012781 -0.469223102508 -0.128096585367 0.00554283658989
10.0 1.33425450591 -0.563223576612 -0.2001726516 -0.0464276025529
10.0 1.30818629403 -0.572431500193 -0.207469824908 -0.0519580869261
10.0 1.38499182644 -0.545893976962 -0.186545606061 -0.0362366511732
10.0 1.56274456336 -0.490758037552 -0.144183798178 -0.00561403064031
10.0 1.44357395946 -0.526820562397 -0.17170872086 -0.0253157724362
10.0 1.95882030223 -0.391854617036 -0.072676773636 0.0413365945699
10.0 1.18781803253 -0.617978704604 -0.244106483533 -0.0802893261698
10.0 1.42089907701 -0.534088432989 -0.17734775739 -0.0294330127979
10.0 1.80058410513 -0.428034969813 -0.0980904186248 0.0254675728541
10.0 1.07961051937 -0.6637828895 -0.281784272282 -0.11036518085
10.0 1.77722482237 -0.433719274198 -0.102171806141 0.0228358906431
10.0 1.15175587675 -0.632690406601 -0.256111699316 -0.0897890117834
10.0 1.47188532764 -0.517926533907 -0.164862150023 -0.0203448551576
10.0 1.93083630981 -0.397970546998 -0.0769137599356 0.0387732906392
10.0 1.91813147792 -0.400783958229 -0.0788732648839 0.0375772600641
10.0 1.11508887521 -0.648196995675 -0.268878636949 -0.0999675375327
10.0 1.61764304682 -0.475259824834 -0.132588856598 0.00246533962541
10.0 1.02400688405 -0.689419687552 -0.30321380234 -0.127834179445
10.0 1.17498757084 -0.62314860611 -0.248320480554 -0.0836118746539
10.0 1.27446279512 -0.584684738227 -0.217228903164 -0.0594139204085
10.0 1.97307155149 -0.388781017353 -0.0705615208624 0.042607056224
10.0 1.63982041454 -0.469190806772 -0.128072645316 0.00555919786152
10.0 1.43947878961 -0.528123516929 -0.17271710581 -0.0260498331039
10.0 1.20672294569 -0.610480414215 -0.23800491852 -0.0755141804627
10.0 1.35008709082 -0.557737081932 -0.195835716096 -0.0431723203019
10.0 1.94960333334 -0.39385716659 -0.0740601741687 0.040502819631
10.0 1.55186129182 -0.493911491309 -0.14656120649 -0.00728399453368
10.0 1.14474622675 -0.635612478014 -0.258508585507 -0.091691234264
10.0 1.78655161708 -0.431439017608 -0.100531080255 0.0238964314604
10.0 1.17755049921 -0.622110364051 -0.247474041149 -0.0829430191217
10.0 1.27193410488 -0.585618172747 -0.21797674066 -0.0599863693137
10.0 1.60749262627 -0.478073024642 -0.134686928697 0.00101628443068
10.0 1.87329653666 -0.410909373641 -0.085963724133 0.0331808409013
10.0 1.57331997439 -0.487718874254 -0.141900454113 -0.00401254785954
10.0 1.89242490406 -0.406550195492 -0.0829051924963 0.0350906066336
10.0 1.53683696601 -0.49830638128 -0.149889016596 -0.00962749671476
10.0 1.43211531003 -0.53047676722 -0.174541554808 -0.027380058326
10.0 1.08164383034 -0.662874828459 -0.281028107484 -0.109754677674
10.0 1.07843089175 -0.66431087972 -0.28222376266 -0.11072030472
10.0 1.24019107443 -0.597520651424 -0.227543209769 -0.0673622552433
10.0 1.39718238096 -0.541842006872 -0.183385778977 -0.0338874797087
10.0 1.47377857695 -0.517339150566 -0.164411808532 -0.0200185558195
10.0 1.71397760254 -0.449594225981 -0.113672410219 0.0152699211344
10.0 1.42121379819 -0.533986596125 -0.177268709722 -0.0293751127487
10.0 1.74799283303 -0.440962886011 -0.107406284103 0.0194225677562
10.0 1.38829018265 -0.544793196566 -0.185686700474 -0.0355972039856
10.0 1.49101388818 -0.512034649448 -0.160353583269 -0.0170862593889
10.0 1.12267834957 -0.644938838042 -0.266191448884 -0.0978119224485
10.0 1.52598318294 -0.501512040218 -0.152325601336 -0.0113503719059
10.0 1.15700487397 -0.630514999878 -0.254331328028 -0.0883763731044
10.0 1.56336556496 -0.490579017211 -0.144048963574 -0.00551934488523
10.0 1.22009847607 -0.605251462088 -0.233771933824 -0.0722126709912
10.0 1.29130284633 -0.578519930379 -0.212306357311 -0.055650006531
10.0 1.894560079 -0.406067360647 -0.0825669212335 0.0353005929198
10.0 1.64811109864 -0.466948240616 -0.126408434106 0.00669122537186
10.0 1.92096478502 -0.400154360997 -0.0784343315922 0.0378458037434
10.0 1.79871049908 -0.428487591041 -0.0984143649941 0.0252594232229
10.0 1.37236276421 -0.550139004612 -0.189863505736 -0.0387105630927
10.0 1.14338576845 -0.636181459434 -0.258976457566 -0.092062499273
10.0 1.05783480745 -0.673635624875 -0.289994881551 -0.117032751789
10.0 1.48521713508 -0.513809786934 -0.161710742271 -0.0180649188583
10.0 1.64872205506 -0.466783457332 -0.12628641686 0.0067741388707
10.0 1.89820721722 -0.405244217233 -0.0819904819963 0.0356577939389
10.0 1.06450450839 -0.67059144345 -0.287458068797 -0.114965146875
10.0 1.23789325276 -0.598396485595 -0.228248064298 -0.0679103356393
10.0 1.97342306093 -0.388705549906 -0.0705097530376 0.0426381574336
10.0 1.08744839554 -0.660292587425 -0.278880361726 -0.108022732455
10.0 1.85317827252 -0.415560165021 -0.0892362379437 0.0311176083235
10.0 1.23969914689 -0.597707775114 -0.227694001227 -0.0674792921857
10.0 1.57475026251 -0.487310061024 -0.141593446545 -0.00379765968232
10.0 1.94643848523 -0.394547415655 -0.0745379354919 0.040214126388
10.0 1.48783126132 -0.513008268399 -0.161097605443 -0.0176225969966
10.0 1.38347799417 -0.546400441212 -0.186940900408 -0.0365310568462
10.0 1.25556863956 -0.591709147117 -0.2228686507 -0.0637440246892
10.0 1.73199782579 -0.444993388042 -0.110329061492 0.0174942287072
10.0 1.86887655259 -0.411925418324 -0.0866778118438 0.0327321351777
10.0 1.53634144228 -0.49845213056 -0.149999657585 -0.00970573547183
10.0 1.98111558464 -0.387058239742 -0.0693802368538 0.0433139092191
10.0 1.92407683787 -0.399464324014 -0.0779534881856 0.0381394788079
10.0 1.96174861668 -0.391220757379 -0.0722398128701 0.0415996864664
10.0 1.18860916608 -0.617662450259 -0.243848129572 -0.080086812877
10.0 1.46991947336 -0.518537513935 -0.165330579701 -0.0206843596047
10.0 1.56502222417 -0.490101385293 -0.143689952275 -0.00526730978105
10.0 1.60091677815 -0.479908011426 -0.13605652287 6.63884981325e-05
10.0 1.45498186362 -0.523212735089 -0.168923740651 -0.0232914722387
10.0 1.28367380182 -0.581301654867 -0.214523886777 -0.0573448001715
10.0 1.5722266786 -0.488031910991 -0.142135211315 -0.00417710469683
10.0 1.45745276861 -0.522435434921 -0.168325107215 -0.0228568986319
10.0 1.82839474772 -0.421382309807 -0.0933520496783 0.0285009648671
10.0 1.13235655524 -0.640823472243 -0.262797702988 -0.095100893886
10.0 1.47245094827 -0.517750876213 -0.164727429827 -0.0202473115985
10.0 1.92160506651 -0.400012288844 -0.0783352816774 0.0379064437084
10.0 1.67641224971 -0.459390409621 -0.120831204415 0.010463768034
10.0 1.72109827545 -0.447768408847 -0.112344659515 0.0161554338773
10.0 1.06486117643 -0.670429490491 -0.287322876092 -0.114855170077
10.0 1.60963191429 -0.477478204225 -0.134242981951 0.00132346441225
10.0 1.73887817279 -0.443253677446 -0.109066711254 0.0183290658755
10.0 1.201144304 -0.612679613764 -0.239791590774 -0.0769093340057
10.0 1.96363581482 -0.390812943677 -0.0719588003909 0.0417684377519
10.0 1.70998620422 -0.450621861396 -0.114420599261 0.0147702365898
10.0 1.67169807771 -0.460639075872 -0.121749063911 0.00984480550843
10.0 1.24642425338 -0.595154285122 -0.225639525581 -0.065885270946
10.0 1.23126328249 -0.60093662408 -0.230292965629 -0.0695013181759
10.0 1.10705002879 -0.651678610121 -0.271750512907 -0.102278541847
10.0 1.22379741538 -0.603816990589 -0.232614237413 -0.0713101020981
10.0 1.13260057206 -0.640720291046 -0.262712744599 -0.0950334476047
10.0 1.84854899666 -0.416639889963 -0.0899976941479 0.0306349489255
10.0 1.4723182947 -0.51779214976 -0.164759088528 -0.0202701612094
10.0 1.20627680962 -0.610655774706 -0.238147370334 -0.0756252496095
10.0 1.0728423095 -0.66681921431 -0.284314332321 -0.112411661811
10.0 1.65091863138 -0.466191535935 -0.125848171941 0.00707170212463
10.0 1.10394524168 -0.65303141841 -0.272867155283 -0.10317819916
10.0 1.22751924161 -0.602378145952 -0.231454175537 -0.0704062404318
10.0 1.25744194815 -0.591007297216 -0.222304249953 -0.0633092303821
10.0 1.43948948319 -0.528120109315 -0.172714466875 -0.0260478998015
10.0 1.75382828519 -0.439504754097 -0.106350230087 0.0201150371634
10.0 1.49970831635 -0.50938917007 -0.158332516779 -0.0156330060517
10.0 1.47627373861 -0.516566259477 -0.163819910843 -0.0195900392607
10.0 1.20572182481 -0.61087417794 -0.238324674286 -0.0757636308059
10.0 1.05037127085 -0.677069992097 -0.292858572172 -0.119370794503
10.0 1.32706872713 -0.565738572349 -0.202164940962 -0.0479305649971
10.0 1.13451974129 -0.639909385326 -0.262044309591 -0.0945009616287
10.0 1.04841127473 -0.677976930332 -0.293615303725 -0.119988919611
10.0 1.03621270118 -0.683661800071 -0.298373467791 -0.123873613138
10.0 1.00811704233 -0.697037212218 -0.309622174781 -0.133112922395
10.0 1.7059765237 -0.451657450084 -0.115174869588 0.0142652742037
10.0 1.85756426063 -0.414540538679 -0.0885177818134 0.0315720950851
10.0 1.82085081044 -0.423174719344 -0.0946245670159 0.0276883075654
10.0 1.29336382202 -0.577771627814 -0.21171080889 -0.0551949202032
10.0 1.86290588919 -0.413302878574 -0.0876466058133 0.0321221199144
10.0 1.29809875665 -0.576057534737 -0.210348085067 -0.0541540006573
10.0 1.80194245018 -0.427707269465 -0.0978559600084 0.02561818531
10.0 1.4302900215 -0.531062349063 -0.174995994068 -0.0277119020615
10.0 1.10077473583 -0.654417742497 -0.274012361991 -0.104101072102
10.0 1.8204494204 -0.423270340807 -0.0946926056173 0.0276449217561
10.0 1.99902951988 -0.383253670428 -0.0667813537274 0.044863233182
10.0 1.34431001594 -0.559730594769 -0.197409558579 -0.0443514653197
10.0 1.92082613705 -0.400185133543 -0.0784557839955 0.0378327805803
10.0 1.90563104443 -0.403575101219 -0.0808226895792 0.0363795080866
10.0 1.59358095326 -0.481967159957 -0.13759445555 -0.001003515466
10.0 1.66920607423 -0.461300524544 -0.122236032625 0.00951609182806
10.0 1.34847618452 -0.558292001916 -0.196273537078 -0.0435000293921
10.0 1.36614039709 -0.552247104463 -0.191516292546 -0.0399440345124
10.0 1.11686602718 -0.647431550402 -0.268247408815 -0.0994606905796
10.0 1.68552037993 -0.45699027501 -0.119070311243 0.0116498409541
10.0 1.16422448656 -0.627540962578 -0.251902113043 -0.086449249681
10.0 1.59982855607 -0.480212646246 -0.136283886476 -9.15571766932e-05
10.0 1.78014645752 -0.433003289 -0.101656169727 0.0231695810688
10.0 1.0731371316 -0.666686656161 -0.284203591787 -0.112322156196
10.0 1.34711487725 -0.558761538266 -0.196644171928 -0.0437777286928
10.0 1.85982243104 -0.414016860266 -0.0881490127107 0.0318050444318
10.0 1.13806581441 -0.638414580351 -0.260813105417 -0.0935218840319
10.0 1.37122563549 -0.550523295262 -0.19016473552 -0.0389352586835
10.0 1.65717397963 -0.464511382848 -0.124604906998 0.0079143027968
10.0 1.98563539406 -0.386094228417 -0.0687203790313 0.0437080922362
10.0 1.11240283097 -0.649356745402 -0.269835034498 -0.100736713294
10.0 1.79097477896 -0.430362527367 -0.0997581318794 0.0243945383913
10.0 1.90408481388 -0.40392190216 -0.0810653556742 0.0362298057937
10.0 1.36566674901 -0.5524081675 -0.191642534612 -0.0400383276423
10.0 1.6405290241 -0.468998625067 -0.127929869941 0.005656432335
10.0 1.30539570752 -0.57343129189 -0.208262813318 -0.0525627292216
10.0 1.88557121389 -0.408105349957 -0.0839952485851 0.0344122354672
10.0 1.0002386669 -0.700869410449 -0.312847985038 -0.135779256672
10.0 1.19578788709 -0.61480149709 -0.241518078223 -0.0782594574674
10.0 1.6227552304 -0.473851568995 -0.131539533623 0.00318747926933
10.0 1.83081311752 -0.420809764473 -0.0929460651176 0.0287598304026
10.0 1.11128234207 -0.649841433922 -0.270234941626 -0.101058476446
10.0 1.48428261173 -0.514096718985 -0.161930058117 -0.0182233341362
10.0 1.41784127225 -0.535078963908 -0.178118481283 -0.0299986141173
10.0 1.81555481129 -0.424438452174 -0.0955234313174 0.0271133228376
10.0 1.63919630278 -0.469360259197 -0.128198387413 0.00547341096927
10.0 1.61857213209 -0.475003400586 -0.132397861262 0.00259696443001
10.0 1.80442363211 -0.427109090797 -0.0974284126948 0.0258925720231
10.0 1.39926772459 -0.541153454537 -0.182849095906 -0.0334895565046
10.0 1.58324846644 -0.484888898371 -0.139779357414 -0.00252821184901
10.0 1.5837398518 -0.48474937867 -0.139674757502 -0.00245522679703
10.0 1.7357741489 -0.444037402478 -0.109635207533 0.0179534197444
10.0 1.99040237328 -0.385080406133 -0.068027330575 0.0441214817604
10.0 1.62102643384 -0.474326918611 -0.131893784483 0.00294369921979
10.0 1.62892064244 -0.47216078102 -0.130280537055 0.00405105031651
10.0 1.98513694844 -0.386200405146 -0.0687929810747 0.0436646734866
10.0 1.00824477817 -0.696975707016 -0.309570094481 -0.133070108391
10.0 1.44568878848 -0.526149343218 -0.171189757883 -0.0249381855856
10.0 1.94129559807 -0.395672069936 -0.0753173596247 0.0397425426352
10.0 1.54826083916 -0.494959897288 -0.147353855123 -0.00784146271915
10.0 1.7140871981 -0.449566050153 -0.113651932631 0.0152836648004
10.0 1.30930707393 -0.572030776375 -0.207152173744 -0.0517158920659
10.0 1.47940736399 -0.515597938068 -0.163078659477 -0.0190535078957
10.0 1.11270299042 -0.64922689566 -0.269728102219 -0.100650566347
10.0 1.81634947977 -0.424248572048 -0.0953883348498 0.027199929453
10.0 1.80817874509 -0.426205966689 -0.0967835055759 0.0263062612801
10.0 1.12718220682 -0.643018692865 -0.264607782202 -0.096544921151
10.0 1.34623547825 -0.5590651982 -0.196883898886 -0.0439574821305
10.0 1.49452244759 -0.510964816949 -0.159535972927 -0.0164976977199
10.0 1.00643350556 -0.697853453553 -0.310308782298 -0.133680344042
10.0 1.82431116142 -0.422351376219 -0.0940397129882 0.0280619444379
10.0 1.45413688447 -0.523478779389 -0.16912877852 -0.0234402910988
10.0 1.56562089727 -0.489928946552 -0.143560309378 -0.00517648570469
10.0 1.71878091981 -0.448361499759 -0.112775861556 0.0158681265727
10.0 1.41660456397 -0.535480200534 -0.178430855722 -0.030228088302
10.0 1.34921941503 -0.558035906663 -0.196071448938 -0.0433487158246
10.0 1.76461536129 -0.436825413843 -0.104412860102 0.0213805913805
10.0 1.75881234124 -0.438264143326 -0.105452584823 0.0207022941965
10.0 1.3190916058 -0.568551148011 -0.204393601915 -0.0496183411706
10.0 1.03523154425 -0.684121773321 -0.298759737646 -0.124189193172
10.0 1.76352963089 -0.437094157805 -0.104606982661 0.0212539959342
10.0 1.44299104511 -0.527005774469 -0.171851914797 -0.0254199712598
10.0 1.81572011451 -0.424398956374 -0.0954952206415 0.0271313274388
10.0 1.07551465613 -0.665617713127 -0.283312866222 -0.111600924274
10.0 1.82150851477 -0.423018042867 -0.094513238729 0.0277594402097
10.0 1.45426604874 -0.523438120404 -0.169097425923 -0.0234175416557
10.0 1.9587175108 -0.391876867365 -0.0726922264286 0.0413273864642
10.0 1.5067290451 -0.507267479521 -0.156712720744 -0.0144725633603
10.0 1.15805579452 -0.63008068276 -0.25397641977 -0.0880945698399
10.0 1.82742693258 -0.421611753262 -0.0935148494223 0.0283970772574
10.0 1.85996440851 -0.413983834187 -0.0881259040514 0.0318196786395
10.0 1.94271671433 -0.395360922134 -0.0751015788443 0.0398732840465
10.0 1.92559414926 -0.399128355676 -0.0777195595534 0.0382822661342
10.0 1.89957591445 -0.404935787446 -0.081774617187 0.0357914127258
10.0 1.32551551105 -0.56628464603 -0.202597393718 -0.0482576352528
10.0 1.2858298112 -0.580513918052 -0.213895118753 -0.0568642430113
10.0 1.89147648185 -0.406764990795 -0.0830555775388 0.0349971097455
10.0 1.91706406811 -0.401021161671 -0.0790389094204 0.0374757734849
10.0 1.59005546392 -0.482961231874 -0.138337408904 -0.00152144965189
10.0 1.53398369869 -0.499146363284 -0.150527001855 -0.010077928465
10.0 1.95148723896 -0.393446783477 -0.0737763914553 0.0406741310777
10.0 1.86848043914 -0.412016630051 -0.0867419055695 0.0326918064153
10.0 1.68796029141 -0.456349981344 -0.118601652928 0.0119652839555
10.0 1.2215060652 -0.604704918238 -0.233330542194 -0.0718687395403
10.0 1.64745446171 -0.467125399868 -0.126539787792 0.0066020397256
10.0 1.56240026775 -0.490857452602 -0.144258580307 -0.00566652813818
10.0 1.00308434166 -0.699481083211 -0.311678783338 -0.134813036952
10.0 1.79842472794 -0.428556678649 -0.0984638472603 0.0252276697923
10.0 1.32981584481 -0.564775191843 -0.20140160775 -0.0473539880775
10.0 1.91119956647 -0.402328853517 -0.0799517170705 0.0369155571744
10.0 1.42442182294 -0.532950595098 -0.176463043016 -0.028784589174
10.0 1.61449102052 -0.476130831751 -0.133238236689 0.00201769373869
10.0 1.71153526792 -0.450222744174 -0.114129865451 0.0149645305026
10.0 1.18846338398 -0.617720733495 -0.243895634952 -0.0801240617138
10.0 1.86295290522 -0.413292059117 -0.0876389904076 0.032126948711
10.0 1.2074861829 -0.610180763828 -0.23776140241 -0.0753241472665
10.0 1.82691718231 -0.421732776897 -0.0936006426958 0.0283422902733
10.0 1.64314401365 -0.468290114447 -0.127403905665 0.006014554362
10.0 1.48612870749 -0.513530205741 -0.161496788359 -0.0179104888188
10.0 1.74790285557 -0.440985471333 -0.107422609774 0.0194118382896
10.0 1.69302140532 -0.455025410148 -0.117632669404 0.0126163958514
10.0 1.4306486085 -0.530947249995 -0.174906598219 -0.0276466498038
10.0 1.09952157374 -0.654966869578 -0.274466235395 -0.104466682384
10.0 1.53398527867 -0.499145897909 -0.150526635702 -0.0100776735139
10.0 1.32184460486 -0.567578217395 -0.203622377737 -0.0490335061278
10.0 1.23569427061 -0.599237308783 -0.228924412559 -0.0684361567868
10.0 1.66753045326 -0.461745962112 -0.12256407033 0.00929449908683
10.0 1.65411866634 -0.465331060593 -0.1252111837 0.0075035889401
10.0 1.65659738802 -0.464665984203 -0.124719218844 0.00783695091302
10.0 1.29553268139 -0.576985848018 -0.2110857333 -0.0547171945959
10.0 1.49788413014 -0.509942748512 -0.158755214567 -0.0159362762885
10.0 1.58545278457 -0.484263276644 -0.139311226574 -0.00220126347211
10.0 1.49547113171 -0.510676068363 -0.159315309145 -0.0163389052036
10.0 1.42923926144 -0.531399674485 -0.175258052786 -0.0279031373632
10.0 1.10262410636 -0.653608528257 -0.273343826109 -0.103562232432
10.0 1.09684577117 -0.656142025435 -0.275438237473 -0.105249833748
10.0 1.62454159815 -0.473360829914 -0.131174165897 0.00343835863935
10.0 1.54129394274 -0.496997204731 -0.148896312226 -0.00892758827679
10.0 1.85522018329 -0.415085096817 -0.0889015181888 0.0313294763943
10.0 1.33056992194 -0.564511088495 -0.201192423288 -0.0471962090913
10.0 1.99647154037 -0.383794219395 -0.0671497741015 0.0446441372353
10.0 1.41703999364 -0.535338913993 -0.178320812144 -0.0301472708587
10.0 1.09926207993 -0.655080974815 -0.274560472245 -0.10454250555
10.0 1.9220431045 -0.399915011889 -0.0782675397153 0.0379477567994
10.0 1.5401259848 -0.497339789336 -0.149155931803 -0.00911057963012
10.0 1.00757340273 -0.697300765948 -0.309843588973 -0.133296084162
10.0 1.67549355874 -0.459633175714 -0.121009736886 0.0103433737375
10.0 1.17900937113 -0.621520667099 -0.246993189966 -0.0825632649069
10.0 1.82847822543 -0.421362503881 -0.093337975779 0.0285098536326
10.0 1.7351219536 -0.444202312915 -0.109754851718 0.0178743673232
10.0 1.57022822782 -0.488604921275 -0.142565258188 -0.00447865503674
10.0 1.70464417126 -0.452002311379 -0.115426266699 0.0140968955093
10.0 1.99712791845 -0.383655447072 -0.067055153536 0.0447004243088
10.0 1.09223366859 -0.658174138928 -0.277122023583 -0.106606267834
10.0 1.30048545959 -0.575196844962 -0.209664069238 -0.0536317164786
10.0 1.81337499388 -0.424960043172 -0.0958948315016 0.0268756034402
10.0 1.82537765293 -0.422098065615 -0.093859752672 0.0281767821565
10.0 1.09630977768 -0.656377544714 -0.275633326122 -0.105407044802
10.0 1.93919825592 -0.396131729288 -0.0756362013564 0.0395493775772
10.0 1.90437491471 -0.403856807299 -0.0810197844386 0.0362577710131
10.0 1.13174148729 -0.641083921 -0.263012329096 -0.0952721808121
10.0 1.71735135828 -0.448727899718 -0.113042212379 0.0156906053426
10.0 1.90666422399 -0.403343500261 -0.0806608474524 0.0364791234308
10.0 1.71553101355 -0.449195084291 -0.113381969843 0.0154638427061
10.0 1.8727685715 -0.411030569817 -0.0860489389144 0.033127430665
10.0 1.07025246965 -0.667987290779 -0.285287433476 -0.113201187949
10.0 1.71216360406 -0.450060932701 -0.114012012002 0.0150432590265
10.0 1.12024716315 -0.645979484382 -0.26704984246 -0.0984996668964
10.0 1.11164418212 -0.649684981718 -0.270105808565 -0.100954477927
10.0 1.99120286761 -0.384910445348 -0.0679113717719 0.0441906456738
10.0 1.58065671387 -0.485625533725 -0.140330846014 -0.00291382097763
10.0 1.9186102712 -0.400677459556 -0.0787990205256 0.0376227423346
10.0 1.22198045833 -0.604520917616 -0.233182066511 -0.0717531788302
10.0 1.5823653838 -0.485139685386 -0.139967039311 -0.0026594768381
10.0 1.52245212196 -0.502561031629 -0.153124237223 -0.0119163617935
10.0 1.55004477368 -0.494440001056 -0.146960651167 -0.00756501903997
10.0 1.72936187825 -0.445662308224 -0.110814610584 0.0171722995352
10.0 1.84207030989 -0.418156955785 -0.0910689185049 0.0299548256405
10.0 1.13222084233 -0.640881003386 -0.262845085522 -0.0951388334539
10.0 1.08090546985 -0.663204598259 -0.281302493199 -0.109975988295
10.0 1.61843935351 -0.475039940433 -0.132425130011 0.00257817043398
10.0 1.47652950932 -0.516487083772 -0.16375931159 -0.0195461606864
10.0 1.97449698957 -0.388475109894 -0.0703516339913 0.0427327675497
10.0 1.63915414565 -0.469371647321 -0.128206961741 0.0054676772724
10.0 1.77675133481 -0.433835348394 -0.10225530919 0.0227817432311
10.0 1.84656890886 -0.417102854187 -0.0903243899831 0.0304276352678
10.0 1.97868232275 -0.387578463622 -0.069736684338 0.0431008459618
10.0 1.81526136572 -0.42450860234 -0.0955734969397 0.0270813495575
10.0 1.62064106605 -0.47443298157 -0.131972914976 0.00288952249456
10.0 1.67902237259 -0.458700820117 -0.120324797493 0.0108050135734
10.0 1.04389932219 -0.68007111069 -0.295365836606 -0.121418217699
10.0 1.29370172494 -0.577649236314 -0.211613273362 -0.0551202483831
10.0 1.59069516659 -0.482780794521 -0.13820244131 -0.00142730334337
10.0 1.75223522772 -0.439902238328 -0.106637984964 0.0199265516716
10.0 1.69123106178 -0.455493379682 -0.117974913926 0.0123864434879
10.0 1.0444326821 -0.679823394351 -0.295158357753 -0.121248798411
10.0 1.43043176999 -0.53101691363 -0.174960674133 -0.0276861037021
10.0 1.92022644265 -0.400318266656 -0.0785486158251 0.03777596962
10.0 1.49512004831 -0.510782915897 -0.159396915746 -0.0163975913672
10.0 1.24518116189 -0.595624740864 -0.226017987296 -0.0661786359076
10.0 1.69356823468 -0.454882619188 -0.117528347843 0.012686534235
10.0 1.76242955689 -0.43736654336 -0.104803960235 0.0211257295343
10.0 1.38234910789 -0.546778182239 -0.187236167935 -0.0367510781489
10.0 1.88987308053 -0.407128384142 -0.0833103019574 0.0348387288939
10.0 1.78014722263 -0.433003101656 -0.101656034872 0.023169668202
10.0 1.20122248425 -0.612648653554 -0.239766364775 -0.076889605093
10.0 1.60028718862 -0.48008419891 -0.136188037682 -2.49805590504e-05
10.0 1.75986954931 -0.438001589919 -0.105262751782 0.0208262717711
10.0 1.58448344332 -0.484538114159 -0.139516931028 -0.00234496433493
10.0 1.72239524061 -0.447437014506 -0.11210370444 0.0163157168712
10.0 1.58612022523 -0.48407418719 -0.139169911617 -0.00210237644175
10.0 1.54416527448 -0.496156327209 -0.148259230941 -0.00847869972434
10.0 1.59955600152 -0.480288954503 -0.136340960802 -0.000131216768335
10.0 1.15954253191 -0.629467148054 -0.253474817962 -0.0876967125967
10.0 1.96393977083 -0.390747298223 -0.0719135854931 0.0417956824416
10.0 1.50200882635 -0.508692552087 -0.157800619975 -0.0152513078921
10.0 1.64741728242 -0.46713543255 -0.126547205334 0.0065969901738
10.0 1.18758114739 -0.618073886507 -0.24418372596 -0.0803500410391
10.0 1.22149997831 -0.604707245712 -0.233332412002 -0.0718702139201
10.0 1.40124087295 -0.540503390339 -0.182342496798 -0.033114147392
10.0 1.718202056 -0.448509853449 -0.112883719217 0.015796183483
10.0 1.66950409278 -0.461221445089 -0.122177726749 0.0095554236045
10.0 1.15945941462 -0.629501426515 -0.25350293336 -0.0877190215809
10.0 1.87013303625 -0.411636225011 -0.0864744245789 0.0328599274401
10.0 1.47915081075 -0.515677048969 -0.163139207182 -0.0190973104733
10.0 1.04299583159 -0.680491860422 -0.295717709313 -0.121705545827
10.0 1.19270282773 -0.616028656918 -0.242517297257 -0.079042150778
10.0 1.81410120942 -0.424786212163 -0.0957711152055 0.0269548805321
10.0 1.03275041259 -0.685287691578 -0.29973869747 -0.124989079735
10.0 1.99159532619 -0.384827167962 -0.0678544325585 0.0442245293656
10.0 1.4663323562 -0.519655153665 -0.166188016264 -0.0213060208745
10.0 1.1381871221 -0.638363614666 -0.260771064826 -0.0934882879658
10.0 1.11561649909 -0.64796971906 -0.268691095165 -0.0998169421187
10.0 1.43366751895 -0.529979832848 -0.174155669613 -0.0270983816051
10.0 1.53999207968 -0.497379140387 -0.149185718816 -0.00913158780355
10.0 1.77269385382 -0.434832238932 -0.102973970951 0.0223158543943
10.0 1.1354603171 -0.639512288812 -0.261717302335 -0.094240728435
10.0 1.11111004444 -0.649916106461 -0.270296474545 -0.101107978027
10.0 1.13446492886 -0.639932400901 -0.262063269011 -0.0945160654265
10.0 1.22077916143 -0.604987045838 -0.233558549556 -0.0720463049624
10.0 1.39194889753 -0.543575754662 -0.184737360716 -0.0348910581123
10.0 1.15607003549 -0.630901662566 -0.254647448251 -0.0886271829125
10.0 1.44737778177 -0.525614199034 -0.170776043831 -0.0246375473601
10.0 1.74572088861 -0.441532565777 -0.107818880746 0.0191512604574
10.0 1.22872426752 -0.6019137782 -0.231079818806 -0.0701143994354
10.0 1.38890426549 -0.544588617345 -0.185527169717 -0.0354783880062
10.0 1.78807449658 -0.431068044968 -0.100264611488 0.0240682670654
10.0 1.41457312191 -0.536140398728 -0.178944485299 -0.0306058733976
10.0 1.42056878325 -0.534195164097 -0.177431043515 -0.0294940237248
10.0 1.91134301566 -0.402296820894 -0.0799293238444 0.0369293795131
10.0 1.93045907714 -0.398053829855 -0.0769715745166 0.038737983481
10.0 1.00331704552 -0.699368050089 -0.311583434928 -0.134734088632
10.0 1.09232224217 -0.658135100688 -0.277089595995 -0.106580190163
10.0 1.80564851851 -0.426814117915 -0.0972178516248 0.0260277540606
10.0 1.46919832088 -0.518761867729 -0.165502684104 -0.020809114055
10.0 1.56159684057 -0.491089420606 -0.144433270105 -0.00578905685564
10.0 1.84620202028 -0.417188728884 -0.0903849848693 0.030389184292
10.0 1.9623577524 -0.391089057608 -0.072149097092 0.0416541887922
10.0 1.03362427478 -0.684876626058 -0.299393517289 -0.12470701865
10.0 1.3466841838 -0.558910221291 -0.196761551122 -0.0438657037991
10.0 1.29227344839 -0.578167274426 -0.212025731914 -0.0554355735824
10.0 1.92906256999 -0.398362001339 -0.077186008093 0.0386075838243
10.0 1.16982865419 -0.625247572983 -0.2500316206 -0.0849664506659
10.0 1.00817447055 -0.697009500723 -0.309598801683 -0.133093705389
10.0 1.42093341562 -0.534077357489 -0.177339162262 -0.0294266806539
10.0 1.09082085809 -0.658798563241 -0.277640107197 -0.107023447845
10.0 1.93286369568 -0.397523757953 -0.0766031083233 0.0389622749966
10.0 1.71834282198 -0.448473845527 -0.112857474365 0.0158136928637
10.0 1.77327869657 -0.434688326792 -0.102870204726 0.0223832330481
10.0 1.02328200888 -0.68976416545 -0.303503597118 -0.128071750526
10.0 1.28196846892 -0.581925903854 -0.215022412077 -0.057725824222
10.0 1.83715062835 -0.419313755746 -0.0918867937664 0.0294345916936
10.0 1.55302068722 -0.493574380588 -0.146306567378 -0.00710500526775
10.0 1.67010912443 -0.461060661598 -0.122059411229 0.00963532411634
10.0 1.98876191461 -0.385428941356 -0.068265612305 0.0439795290246
10.0 1.90552235994 -0.403599471578 -0.0808397381671 0.0363688376497
