5.0 1.30349928336 -0.438204558829 0.0156288519679 0.159176641377
5.0 1.29793869354 -0.441006025105 0.0138949455343 0.158415614609
5.0 1.98472279535 -0.192139522962 0.142953735158 0.187517835273
5.0 1.85922911328 -0.226390330499 0.128877255875 0.188901322422
5.0 1.3458222134 -0.417431763458 0.0283138081905 0.164546497938
5.0 1.21637344402 -0.484291626591 -0.0133951618182 0.145585961461
5.0 1.27613531465 -0.452162655993 0.00694562051595 0.155296083259
5.0 1.2640987988 -0.458445442374 0.00300567918036 0.153477489025
5.0 1.08057080986 -0.566686291573 -0.0681404198778 0.116404440245
5.0 1.15786709087 -0.518073681834 -0.0354467575812 0.134376275295
5.0 1.29899663974 -0.440471718764 0.0142261008685 0.158561479838
5.0 1.22220364308 -0.481052068642 -0.0113200691931 0.146607887943
5.0 1.10275828855 -0.55221706111 -0.0583026118449 0.12194898315
5.0 1.71913771733 -0.269474350414 0.109169471424 0.18792772639
5.0 1.71919863743 -0.269454419128 0.109179101791 0.187928830622
5.0 1.75560304732 -0.257737191541 0.114763573879 0.188471220387
5.0 1.86793858576 -0.22388641445 0.129952402546 0.188870167333
5.0 1.8522991864 -0.228396982503 0.128010329004 0.188918904538
5.0 1.28077758066 -0.449763484338 0.00844537728966 0.155978932466
5.0 1.15420322627 -0.520268540531 -0.0369027607371 0.133610187727
5.0 1.37471682335 -0.403787358116 0.0364611749069 0.167828501885
5.0 1.68801592229 -0.279804090143 0.104123752158 0.187270728466
5.0 1.72479796626 -0.267627121536 0.110060169939 0.188027335062
5.0 1.83835291275 -0.232473577234 0.126233955338 0.18893490836
5.0 1.84817139559 -0.229598211163 0.127489004987 0.188926307929
5.0 1.23039272422 -0.476540454274 -0.00844058745107 0.148016200255
5.0 1.04537190728 -0.590499007169 -0.084594513088 0.106921400361
5.0 1.76221782588 -0.255648707827 0.115741963847 0.18854583061
5.0 1.68655318996 -0.280297059272 0.103880393944 0.187235085291
5.0 1.73453419641 -0.264471823103 0.111572962327 0.188185391027
5.0 1.78127267435 -0.24970054427 0.118499223539 0.188722374333
5.0 1.92639297865 -0.20758244598 0.136775721329 0.188406289151
5.0 1.03871764148 -0.595124214093 -0.0878209626164 0.105021715264
5.0 1.94196617651 -0.203381564424 0.138484321296 0.188209344126
5.0 1.39428167246 -0.394793918336 0.0417560335072 0.169887823969
5.0 1.32422954515 -0.427911226443 0.0219553269949 0.161896413849
5.0 1.51910576026 -0.341731906168 0.0719330304428 0.180039243415
5.0 1.58138746506 -0.317664982128 0.0848416094268 0.183459981185
5.0 1.45140691096 -0.369636972514 0.0563015800974 0.17515552135
5.0 1.13740904702 -0.530459881096 -0.0436896675841 0.129989035081
5.0 1.35512378498 -0.41299232217 0.0309808888975 0.165635059554
5.0 1.21425092348 -0.485476705824 -0.0141559284616 0.145209914092
5.0 1.79918460566 -0.244199927881 0.12100947954 0.188838462612
5.0 1.16190327738 -0.515667152956 -0.0338526810027 0.135210914631
5.0 1.86234860658 -0.225491144582 0.129264151641 0.188891316183
5.0 1.55178464 -0.328918550262 0.0788750674822 0.181948873595
5.0 1.95365146085 -0.200267535914 0.139737676689 0.188041874652
5.0 1.57575050718 -0.319782065006 0.0837279843772 0.183187651982
5.0 1.00004913778 -0.622882308483 -0.107316293707 0.0932625492244
5.0 1.75852056442 -0.256814560781 0.115196499011 0.188505003595
5.0 1.68960533432 -0.279269245979 0.104387539434 0.187308916233
5.0 1.78972909831 -0.24709276947 0.1196940746 0.188783134395
5.0 1.75080641668 -0.259259339 0.114047132088 0.188412588836
5.0 1.2435000213 -0.469413968636 -0.0039142637651 0.150204429633
5.0 1.55168707292 -0.328956193973 0.0788548708719 0.181943557584
5.0 1.40687650613 -0.389108390713 0.0450759835722 0.171144683798
5.0 1.09910689483 -0.554569498084 -0.0598941473111 0.121057615346
5.0 1.63614414227 -0.297717982598 0.0951457081868 0.185731216925
5.0 1.27769815846 -0.451353525917 0.00745174383228 0.155526971207
5.0 1.97443413769 -0.194806650911 0.141907362447 0.187703837988
5.0 1.91540214151 -0.210582471592 0.13554295264 0.188526786098
5.0 1.6615517072 -0.288829837958 0.0996335994301 0.186557696404
5.0 1.1825251712 -0.503551472781 -0.0258765397319 0.139325037817
5.0 1.42493021263 -0.381098177593 0.0497207146058 0.172851890532
5.0 1.92203621631 -0.208768163115 0.1362896542 0.188455877159
5.0 1.01173707519 -0.614327080979 -0.101283053723 0.09694456866
5.0 1.8277113752 -0.235618743627 0.124849413556 0.188929584231
5.0 1.43731893234 -0.375694004523 0.0528333417421 0.173959150895
5.0 1.68418283109 -0.281097315616 0.103484820199 0.187176542818
5.0 1.53428750634 -0.335727835197 0.0752058139908 0.180958980621
5.0 1.05131021255 -0.586406006039 -0.0817458280374 0.108586615807
5.0 1.76702236383 -0.254139340487 0.116445756378 0.188595616743
5.0 1.48568099706 -0.35527105635 0.0644281133326 0.177797681784
5.0 1.90786127119 -0.212658250676 0.134684113288 0.188600844459
5.0 1.90471544214 -0.213528234838 0.13432255194 0.188629538684
5.0 1.29719691477 -0.441381033012 0.0136624072072 0.158313098332
5.0 1.731887849 -0.265326718552 0.111164202072 0.188144110788
5.0 1.35925427414 -0.411035279105 0.0321514033911 0.166108437859
5.0 1.86346303681 -0.225170623944 0.129401905272 0.188887430247
5.0 1.35867556511 -0.411308924536 0.0319879918163 0.166042452857
5.0 1.08023902449 -0.566905683997 -0.068290633537 0.11631896852
5.0 1.08596017253 -0.563133144946 -0.065713448171 0.117779884522
5.0 1.58584915322 -0.315997666467 0.0857156263905 0.183670297277
5.0 1.84101562074 -0.231691253671 0.126576430159 0.188933734368
5.0 1.4923173003 -0.352547231983 0.0659511049241 0.178267745903
5.0 1.77367121738 -0.252061423375 0.117410139892 0.188658600524
5.0 1.63644673745 -0.297610701637 0.0952002090488 0.185741898305
5.0 1.89931394 -0.215028087012 0.133697360327 0.188675841031
5.0 1.42519170853 -0.380983318728 0.0497870318818 0.172875804367
5.0 1.01646526213 -0.610907503632 -0.0988784146772 0.0984032778786
5.0 1.20391637509 -0.491290369491 -0.0179013587406 0.14334812561
5.0 1.0172499487 -0.610342403251 -0.0984813608874 0.0986435320796
5.0 1.93103658313 -0.206323730736 0.137289822553 0.188350670455
5.0 1.2083014326 -0.48881482243 -0.0163035943029 0.144144531884
5.0 1.44925280454 -0.37055710836 0.0557761529991 0.174976883238
5.0 1.24306238844 -0.469649925801 -0.00406387116827 0.150132676877
5.0 1.12038908884 -0.541019625318 -0.0507605054951 0.126134996578
5.0 1.70784241571 -0.273189180342 0.107367307669 0.18771095053
5.0 1.15141846944 -0.521943458437 -0.0380153572932 0.133022005431
5.0 1.54281103228 -0.332396063316 0.0770068386379 0.181450348828
5.0 1.62467604065 -0.301804242509 0.0930611517188 0.185311331915
5.0 1.98284637462 -0.192624145437 0.142764252588 0.187552653433
5.0 1.28648812932 -0.446830258636 0.0102752857005 0.156804860762
5.0 1.82631642914 -0.236033364745 0.124666045547 0.188927827687
5.0 1.68927056152 -0.279381831871 0.104332031211 0.187300936093
5.0 1.09360356957 -0.558136358821 -0.062313108242 0.119698713029
5.0 1.54760090712 -0.330536012266 0.0780076433649 0.181718842391
5.0 1.80487652001 -0.242470314655 0.121790958423 0.188865704649
5.0 1.20569793609 -0.490282994651 -0.017250772938 0.143672816801
5.0 1.50125050369 -0.348908764112 0.0679754616384 0.178880285267
5.0 1.91402260077 -0.210961226015 0.135386554573 0.188540786949
5.0 1.12580431372 -0.537633688809 -0.0484891974005 0.127381329701
5.0 1.16586205379 -0.51331832944 -0.0322997840808 0.136019951934
5.0 1.46561366718 -0.363620269184 0.0597232091847 0.176295758271
5.0 1.39040689523 -0.396559346822 0.0407210529918 0.169490337033
5.0 1.73437530122 -0.264523093037 0.111548469792 0.188182930911
5.0 1.46360217047 -0.364466665889 0.0592433603315 0.176138200656
5.0 1.26116848128 -0.459988871469 0.00203514066636 0.153024335619
5.0 1.71065897809 -0.272259328701 0.107819759274 0.187767269911
5.0 1.75932144404 -0.256561704817 0.115314962188 0.188514054724
5.0 1.15261104791 -0.521225448641 -0.0375382700894 0.133274219479
5.0 1.08383608062 -0.56453076562 -0.0666670974646 0.117239932867
5.0 1.23716563312 -0.47284359815 -0.00608928119459 0.149157093297
5.0 1.03634837439 -0.596781290173 -0.0889786329022 0.104336487233
5.0 1.57895977909 -0.318575303331 0.0843632989482 0.183343578507
5.0 1.50276834053 -0.348293727223 0.0683164611681 0.17898220016
5.0 1.20279897056 -0.491923236964 -0.0183104644365 0.143143692405
5.0 1.61949975751 -0.303664267808 0.0921079182996 0.185112078724
5.0 1.60855435952 -0.307629520805 0.0900663992654 0.184671219519
5.0 1.52868017247 -0.337934988401 0.0740068020471 0.180625922127
5.0 1.97763527167 -0.193974264339 0.142234869556 0.187647251276
5.0 1.28472451744 -0.447734070883 0.00971190671957 0.156551492454
5.0 1.11088413286 -0.547023177407 -0.0547976372185 0.123902265958
5.0 1.82469161079 -0.236516812165 0.124451895272 0.188925317129
5.0 1.59755611232 -0.311658915467 0.0879789080206 0.18420080211
5.0 1.04242711348 -0.592540835115 -0.0860177509591 0.106085246059
5.0 1.99099418071 -0.190525125436 0.143582545065 0.187398653641
5.0 1.90196238494 -0.214291753674 0.134004633266 0.188653583054
5.0 1.34582375329 -0.417431024869 0.0283142533194 0.164546680665
5.0 1.03490274736 -0.597794861717 -0.0896872451699 0.103916098836
5.0 1.68278071874 -0.281571454601 0.103250168192 0.187141300062
5.0 1.05958500867 -0.580755159436 -0.0778248714558 0.11086070173
5.0 1.42139661465 -0.382653275144 0.0488219656644 0.172526407032
5.0 1.77756836927 -0.250849095016 0.117970284333 0.188692360245
5.0 1.06926414912 -0.574219931317 -0.0733119932539 0.113455871938
5.0 1.78887549087 -0.247355003067 0.119574258414 0.188777480614
5.0 1.01792109603 -0.609859147678 -0.0981421274012 0.0988486490834
5.0 1.13701116878 -0.530704018966 -0.0438527225397 0.129901006108
5.0 1.6892179753 -0.279399520129 0.104323309295 0.187299678834
5.0 1.0793178386 -0.567516065509 -0.0687082318666 0.1160818406
5.0 1.16717233504 -0.51254324338 -0.0317879294192 0.136285700456
5.0 1.73486408963 -0.264365404962 0.111623798702 0.188190429055
5.0 1.01401793089 -0.612674751691 -0.100120610217 0.0976506196666
5.0 1.67594966997 -0.283890904224 0.102099421964 0.186963915469
5.0 1.62555865539 -0.301488104264 0.0932229301798 0.185344703035
5.0 1.64021798259 -0.296277603795 0.0958771965585 0.185873313325
5.0 1.68373610596 -0.281248306576 0.103410107756 0.187165318451
5.0 1.800477826 -0.243806300488 0.121187711384 0.188845054198
5.0 1.75385128883 -0.258292373818 0.114502601629 0.188450307356
5.0 1.4620997586 -0.365100024184 0.0588839456534 0.176019767606
5.0 1.71382600981 -0.271216318497 0.108326097268 0.187828796795
5.0 1.72259119689 -0.268346181079 0.109713855136 0.187989213443
5.0 1.11674203507 -0.543313989244 -0.0523018952362 0.125284931736
5.0 1.68538231898 -0.280692145801 0.103685168248 0.187206264426
5.0 1.9941754082 -0.189709568248 0.143899047085 0.187336495373
5.0 1.87091185871 -0.223035969285 0.130315841923 0.188857277843
5.0 1.06611946132 -0.576334353376 -0.0747694631836 0.112620258933
5.0 1.37110081598 -0.405471258142 0.0354634728061 0.167433595411
5.0 1.34464230585 -0.417998042296 0.0279724074334 0.164406150209
5.0 1.0300644388 -0.601202415841 -0.0920712258574 0.102496594464
5.0 1.37677434645 -0.402832271327 0.0370262711991 0.168051198932
5.0 1.09029420649 -0.56029379666 -0.0637793434076 0.118872470272
5.0 1.54592798485 -0.331184656214 0.0776590704696 0.181625712992
5.0 1.76138350875 -0.25591144871 0.115619158011 0.1885368252
5.0 1.74077065486 -0.262465109221 0.112529220262 0.188277699015
5.0 1.87232848894 -0.222631702744 0.130488365702 0.188850697836
5.0 1.20637668727 -0.489899680644 -0.0170034134661 0.143796086767
5.0 1.41798968667 -0.38415841763 0.0479506515186 0.172208735992
5.0 1.15437599397 -0.520164819426 -0.0368338791262 0.133646488909
5.0 1.14726550368 -0.524452205753 -0.0396841415145 0.132135886698
5.0 1.4779984179 -0.358447342239 0.0626446211696 0.177237442782
5.0 1.41982373699 -0.383347442218 0.0484203030562 0.172380216714
5.0 1.56574850432 -0.323568671823 0.0817264463337 0.182686728554
5.0 1.65951825566 -0.289532993122 0.0992808739397 0.186496739246
5.0 1.44892673928 -0.370696639361 0.055696437632 0.174949709143
5.0 1.69835510326 -0.276339141192 0.105828024548 0.187510027969
5.0 1.10610105562 -0.5500735656 -0.0568546352789 0.122757427727
5.0 1.09068676704 -0.560037314475 -0.0636049906249 0.118970884355
5.0 1.90055783578 -0.214681958475 0.133841881819 0.188665488403
5.0 1.48928595335 -0.353789287181 0.0652574519674 0.178054586506
5.0 1.28759536168 -0.446263800133 0.0106281845931 0.156963307309
5.0 1.641151113 -0.29594866854 0.0960439964928 0.185905342373
5.0 1.58307158656 -0.317034625253 0.0851722561702 0.18353988938
5.0 1.3236833272 -0.428179225641 0.0217914770423 0.161827036606
5.0 1.50693347696 -0.34661082996 0.0692478498281 0.179258502603
5.0 1.22724088361 -0.478271649034 -0.00954406757467 0.147478030761
5.0 1.9174719509 -0.210015211366 0.13577674616 0.188505321283
5.0 1.67511854305 -0.284174143373 0.101958608926 0.186941723711
5.0 1.66907888563 -0.286239222796 0.100929563354 0.186775604012
5.0 1.40886301277 -0.388219062447 0.0455935265776 0.171337921638
5.0 1.66117499214 -0.288959991902 0.0995683380442 0.186546477594
5.0 1.02552232917 -0.604422681191 -0.0943273910464 0.101146392434
5.0 1.0929459154 -0.558564322533 -0.0626038367981 0.119535018106
5.0 1.26754523078 -0.456637128889 0.00414145547547 0.154005544538
5.0 1.72763776353 -0.266703921569 0.110503931756 0.188075164909
5.0 1.63667124099 -0.297531214736 0.0952406290091 0.185749809959
5.0 1.23727260074 -0.472785402944 -0.00605236076705 0.149174936718
5.0 1.86717102684 -0.224106257216 0.129858280248 0.188873287263
5.0 1.04751337967 -0.589019591663 -0.0835638207682 0.107525195158
5.0 1.9973650445 -0.188894024824 0.144214546525 0.187273055469
5.0 1.76282989098 -0.255456081097 0.115831944085 0.188552349874
5.0 1.93904776302 -0.204164307099 0.138167476224 0.188248495041
5.0 1.89837357261 -0.215289804781 0.133588014112 0.188683517
5.0 1.95343149828 -0.200325867219 0.139714307741 0.188045222153
5.0 1.60981773458 -0.3071695451 0.0903038477141 0.184723410596
5.0 1.5482260563 -0.330293898263 0.078137694724 0.18175347281
5.0 1.29804671596 -0.440951440225 0.0139288362405 0.158430561162
5.0 1.52695837651 -0.338615129458 0.0736363661036 0.180522104931
5.0 1.3242820615 -0.427885388992 0.0219711163734 0.161903077774
5.0 1.80371162735 -0.24282367838 0.121631647342 0.188860478642
5.0 1.87103221809 -0.223001663142 0.130330515931 0.188856759394
5.0 1.92227669285 -0.20870279353 0.136316569804 0.18845322234
5.0 1.53345261974 -0.336055691772 0.0750280027784 0.180909893599
5.0 1.79480865026 -0.245535725695 0.120403399773 0.188814401316
5.0 1.86221638283 -0.225529196548 0.129247789954 0.188891762696
5.0 1.78289887877 -0.24919754674 0.118730360558 0.188734887848
5.0 1.77834759955 -0.25060720794 0.11808183266 0.188698837358
5.0 1.38283674837 -0.400030742563 0.0386795527983 0.168698965567
5.0 1.60874230698 -0.307561015364 0.0901017538201 0.184678868434
5.0 1.24334955788 -0.469495064923 -0.00396569130671 0.150179746325
5.0 1.62772185346 -0.30071438236 0.0936183868359 0.185425668122
5.0 1.01635934823 -0.610983844212 -0.0989320411253 0.0983707421152
5.0 1.31697914027 -0.431485016262 0.01976746704 0.160965518435
5.0 1.1843124013 -0.502515224853 -0.0251984387211 0.139670287659
5.0 1.81726587383 -0.238735492883 0.123465380287 0.188909504268
5.0 1.22474188176 -0.479649052594 -0.0104232209146 0.147047757056
5.0 1.21528635488 -0.484898174289 -0.0137843908812 0.145393629644
5.0 1.29385898308 -0.443072321636 0.0126129185129 0.157848625233
5.0 1.43339789904 -0.377396515627 0.0518547041038 0.173614255702
5.0 1.65524474889 -0.291015348622 0.0985360512728 0.18636574199
5.0 1.83428523418 -0.233672320076 0.125707707449 0.188934555191
5.0 1.15804900765 -0.517964960599 -0.0353747085925 0.134414146727
5.0 1.17619557197 -0.507238950427 -0.0282945941955 0.13808816589
5.0 1.49040519117 -0.353330213719 0.0655139610206 0.178133575233
5.0 1.25941139497 -0.460917001753 0.00145104616564 0.152750658136
5.0 1.68733450553 -0.280033632053 0.104010454389 0.187254205479
5.0 1.13706396302 -0.530671617111 -0.0438310804263 0.129912617892
5.0 1.73083714882 -0.26566672691 0.111001408302 0.188127268195
5.0 1.51951083076 -0.341570556231 0.0720213863638 0.180064552461
5.0 1.71617810891 -0.270443919 0.108700455491 0.187873252807
5.0 1.63806419862 -0.29703837972 0.0954911454154 0.185798648359
5.0 1.235422452 -0.473792443398 -0.00669191040196 0.148865592168
5.0 1.34352180307 -0.41853669896 0.0276475843946 0.164272559218
5.0 1.55802156665 -0.326519851289 0.0801570292275 0.182284040897
5.0 1.19019640528 -0.499119129602 -0.022981466778 0.14079498043
5.0 1.46456099379 -0.364062974876 0.0594722613695 0.176213422775
5.0 1.67978827796 -0.28258568276 0.102747591742 0.187064771012
5.0 1.02615145601 -0.603975448492 -0.09401381118 0.101334423736
5.0 1.75492277616 -0.25795267384 0.114662321276 0.188463172532
5.0 1.59323680654 -0.313253699333 0.0871488187626 0.184008630702
5.0 1.10671055035 -0.549683766207 -0.0565915415659 0.122904088926
5.0 1.30840970402 -0.435745335665 0.0171471255933 0.159837279424
5.0 1.39717968933 -0.39347844425 0.0425258465499 0.170181843976
5.0 1.55750327717 -0.326718644128 0.080050995852 0.182256529217
5.0 1.24223297764 -0.470097778069 -0.00434754494051 0.14999646585
5.0 1.77727756407 -0.250939417462 0.117928616479 0.188689919461
5.0 1.69041684194 -0.278996467569 0.104521972703 0.187328226438
5.0 1.79101069589 -0.246699286705 0.119873632128 0.188791190254
5.0 1.94822151891 -0.201710512288 0.139158388818 0.188121755049
5.0 1.2926745209 -0.443674023391 0.0122390971924 0.157682639241
5.0 1.38246869465 -0.400200275938 0.0385797385114 0.168659961386
5.0 1.86284932927 -0.225347191803 0.129326079584 0.188889416698
5.0 1.74466635861 -0.261217274972 0.113121466491 0.188332113378
5.0 1.54892103756 -0.330024915039 0.0782820178118 0.181791875818
5.0 1.10498287251 -0.550789479957 -0.0573379671304 0.122487733929
5.0 1.90956328359 -0.212188442703 0.134878876096 0.188584687647
5.0 1.64635605711 -0.294118513499 0.0969705679201 0.186080462121
5.0 1.21126345745 -0.487149881052 -0.0152314741534 0.144676980725
5.0 1.32001459887 -0.429985360436 0.0206867324794 0.16135774867
5.0 1.30036686173 -0.439780547995 0.0146540913247 0.158749784421
5.0 1.80106521786 -0.243627615288 0.121268533739 0.188847969641
5.0 1.1199982208 -0.541265013784 -0.0509251902791 0.126044236339
5.0 1.44145696354 -0.373905204616 0.05385985855 0.174317450786
5.0 1.2945984016 -0.442697226807 0.0128458272998 0.157951911869
5.0 1.30334774937 -0.438280790364 0.0155818122238 0.159156157182
5.0 1.44054460325 -0.374298976707 0.0536341238066 0.174238951291
5.0 1.75508605353 -0.257900942176 0.114686634423 0.188465116556
5.0 1.78634346763 -0.248134472739 0.119217805786 0.188760089668
5.0 1.68344480431 -0.281346778211 0.103361360762 0.187158030265
5.0 1.76046401585 -0.256201237236 0.115483611411 0.188526745293
5.0 1.4018870684 -0.391351018138 0.0437687610969 0.170653264586
5.0 1.91147782589 -0.211661222994 0.13509730835 0.188566203338
5.0 1.03302035421 -0.599117882874 -0.0906125418466 0.103366179486
5.0 1.24300820577 -0.469679071204 -0.00408243611917 0.150123735981
5.0 1.30054711627 -0.439689714337 0.0147103235917 0.158774490161
5.0 1.77351673222 -0.252109568084 0.117387857715 0.188657214083
5.0 1.58610463699 -0.315902434295 0.0857655043076 0.183682327621
5.0 1.23084720922 -0.476291542241 -0.00828199958007 0.148093504755
5.0 1.85925208299 -0.226383701026 0.128880112588 0.188901170567
5.0 1.06223120623 -0.578960279805 -0.0765831418325 0.111577134485
5.0 1.60441798549 -0.309139799744 0.0892856970945 0.184497518763
5.0 1.72954720038 -0.266084514893 0.110801137592 0.188106492232
5.0 1.84504270963 -0.230511696193 0.127091419749 0.188930332429
5.0 1.35964370206 -0.410851152018 0.0322614821063 0.166152774725
5.0 1.60009536372 -0.310724699052 0.0884640747149 0.184311861456
5.0 1.70546405869 -0.273976205166 0.10698363265 0.187662217494
5.0 1.48517784069 -0.355478321378 0.064311982317 0.177761510355
5.0 1.35616195532 -0.41249957254 0.0312759193008 0.165754648664
5.0 1.20722336455 -0.489422188581 -0.0166952130833 0.143949561562
5.0 1.27955195823 -0.450395699836 0.00805048349534 0.155799587034
5.0 1.37271796519 -0.404717178867 0.0359104207323 0.167610741911
5.0 1.77874949039 -0.250482508405 0.118139305381 0.188702142073
5.0 1.68960929817 -0.279267913128 0.104388196499 0.187309010318
5.0 1.81108095525 -0.240594800587 0.12263407057 0.188890294071
5.0 1.0334272981 -0.598831590661 -0.0904122351713 0.103485314386
5.0 1.50694484205 -0.346606409659 0.0692503824601 0.179259250398
5.0 1.10404559149 -0.551390453607 -0.0577438541931 0.122261190311
5.0 1.2463154179 -0.467898220253 -0.00295475345383 0.150663724097
5.0 1.15709422853 -0.518535848456 -0.035753253823 0.134215374559
5.0 1.42247336162 -0.382178771309 0.0490963733544 0.172626018107
5.0 1.05575286371 -0.58336458681 -0.0796336569163 0.109814135426
5.0 1.17007466169 -0.510830946742 -0.0306586168708 0.136870612894
5.0 1.81218585141 -0.240261938089 0.122783190942 0.188894090536
5.0 1.90585862565 -0.213211814967 0.134454227908 0.188619286753
5.0 1.72553219544 -0.267388176022 0.110175108839 0.188039892582
5.0 1.82463257979 -0.236534396258 0.124444103369 0.188925220241
5.0 1.52633332839 -0.338862399174 0.0735016613371 0.180484231612
5.0 1.03520292146 -0.59758430536 -0.0895400004785 0.104003504353
5.0 1.9120392288 -0.211506635661 0.13516124911 0.188560596943
5.0 1.50120063131 -0.348929020037 0.0679642401491 0.178876926833
5.0 1.07198597907 -0.572396694408 -0.0720570562974 0.114173767649
5.0 1.82673110756 -0.235910056665 0.124720590045 0.188928339822
5.0 1.15491802413 -0.519839557102 -0.036618005466 0.133760303555
5.0 1.0705859283 -0.573333839076 -0.0727016330813 0.11380510367
5.0 1.5138992754 -0.343811597334 0.0707911984702 0.179710035254
5.0 1.46462971074 -0.364034058253 0.0594886554783 0.176218802213
5.0 1.898266564 -0.215319639682 0.133575553866 0.188684383217
5.0 1.76453294351 -0.254920679119 0.116081831737 0.188570286995
5.0 1.87711776102 -0.221268554132 0.131068575123 0.188826541339
5.0 1.42534708833 -0.38091519671 0.0498264246141 0.172890002692
5.0 1.16795928152 -0.512078561622 -0.0314812482828 0.136444763427
5.0 1.57027434295 -0.321850426019 0.0826361711596 0.182916179107
5.0 1.32488810486 -0.427587939759 0.0221528059191 0.161979910162
5.0 1.75735236043 -0.257183710096 0.11502340634 0.188491682058
5.0 1.69410811698 -0.277758370757 0.105131290867 0.187414434328
5.0 1.65558045735 -0.290898683732 0.0985946620486 0.186376171902
5.0 1.9091962368 -0.212289750777 0.134836792473 0.188588184361
5.0 1.3570783844 -0.412064931116 0.0315358241326 0.165859890495
5.0 1.2837018296 -0.448259050697 0.00938449343128 0.156403878298
5.0 1.81788737448 -0.23854920445 0.123548426649 0.188911037864
5.0 1.06318211657 -0.578316955782 -0.0761383944562 0.111833227401
5.0 1.45489389389 -0.368151764464 0.0571484134012 0.17544141894
5.0 1.67704615808 -0.2835175784 0.102284976589 0.186993097977
5.0 1.62341784633 -0.302255462046 0.0928300615971 0.185263402047
5.0 1.15149618842 -0.52189663638 -0.0379842574137 0.133038480889
5.0 1.2495456246 -0.466165766238 -0.00185933811529 0.15118614595
5.0 1.19004035084 -0.499208902863 -0.0230399973828 0.140765389788
5.0 1.70041893614 -0.275651505664 0.106164868519 0.187555240705
5.0 1.61352551782 -0.305823162241 0.0909979780473 0.184874855496
5.0 1.54525167021 -0.331447189498 0.0775178110012 0.181587923684
5.0 1.78657452916 -0.248063310539 0.119250399113 0.188761716731
5.0 1.34076708183 -0.419863373058 0.0268461934685 0.163941928153
5.0 1.20785273275 -0.489067346948 -0.0164664978522 0.144063381556
5.0 1.40454285744 -0.390155769376 0.0444659795464 0.170915893794
5.0 1.60245397727 -0.309858918324 0.0889130738337 0.184413705335
5.0 1.89027157626 -0.217555052807 0.132638309042 0.188745002996
5.0 1.74013806407 -0.262668138896 0.112432615322 0.188268625653
5.0 1.42441067028 -0.381326421653 0.0495889420917 0.17280425123
5.0 1.42568633682 -0.380766221841 0.0499124224184 0.172920974487
5.0 1.45064150554 -0.369963625167 0.0561149995238 0.17509222262
5.0 1.67817030405 -0.283135242874 0.102474893945 0.187022595633
5.0 1.90550085721 -0.213310821121 0.134412979047 0.188622493696
5.0 1.56027043649 -0.325658614491 0.0806158141676 0.182402723327
5.0 1.12265334173 -0.539600830149 -0.0498083353561 0.12665841753
5.0 1.69112571503 -0.278758369475 0.104639262693 0.187344917655
5.0 1.6868992401 -0.280180422673 0.103938019818 0.18724357171
5.0 1.3272475083 -0.426431657657 0.0228582465989 0.162277587945
5.0 1.00351223644 -0.620332562812 -0.105515067203 0.0943646948176
5.0 1.34131996283 -0.419596806891 0.0270073673258 0.164008385404
5.0 1.04939100107 -0.587725274985 -0.0826632797126 0.108051432927
5.0 1.9380652975 -0.204428493979 0.138060467043 0.188261499298
5.0 1.63982622314 -0.296415814166 0.0958070712881 0.185859808885
5.0 1.44256986986 -0.37342557369 0.0541348544184 0.174412827048
5.0 1.27398144867 -0.453280376967 0.00624604500275 0.154975487051
5.0 1.56196238369 -0.325011871918 0.0809599672334 0.182491228955
5.0 1.38508433159 -0.398996938487 0.0392884011978 0.168935934005
5.0 1.49317907411 -0.352194823784 0.0661476785079 0.178327837603
5.0 1.89390247184 -0.216537912292 0.133065503427 0.188718424101
5.0 1.36916115214 -0.406377342805 0.0349257865046 0.16722002115
5.0 1.14254309651 -0.527321051696 -0.041595380318 0.131115037777
5.0 1.75744863946 -0.257153225169 0.115037684573 0.18849277112
5.0 1.32481721286 -0.427622726432 0.0221315530444 0.161970931002
5.0 1.41674260532 -0.384710779749 0.0476305651665 0.172091492058
5.0 1.88660503178 -0.218585833411 0.132204234338 0.188770017121
5.0 1.90284861299 -0.214045774327 0.134107128214 0.188645965417
5.0 1.4455842434 -0.372129242959 0.05487727604 0.174669109953
5.0 1.88533739104 -0.218942942125 0.132053543 0.188778282604
5.0 1.08538430506 -0.563511689012 -0.0659715764689 0.117633798099
5.0 1.64356603923 -0.295098280134 0.0964750438993 0.185987337248
5.0 1.36844774177 -0.40671107294 0.0347275609792 0.167141111428
5.0 1.96913572787 -0.196189537659 0.141361431423 0.187794908002
5.0 1.91904869967 -0.209584048732 0.135954430372 0.188488559681
5.0 1.53571578356 -0.335167580754 0.0755094216783 0.18104263703
5.0 1.67733083948 -0.283420715804 0.102333100346 0.187000515202
5.0 1.5278679563 -0.338255701975 0.0738322381042 0.180577042013
5.0 1.12208228334 -0.539958288767 -0.0500481109551 0.126526679415
5.0 1.11399610728 -0.545048954222 -0.0534686002995 0.124639660763
5.0 1.40946367589 -0.387950371068 0.0457497678729 0.171396147401
5.0 1.69631091069 -0.277021570702 0.105493254131 0.187464481267
5.0 1.9205473661 -0.209174550885 0.13612276843 0.188472269433
5.0 1.21020201199 -0.487745662498 -0.0156150373114 0.144486599718
5.0 1.14860345249 -0.523642507543 -0.0391452433428 0.132422719235
5.0 1.01291959134 -0.613469593667 -0.100679782096 0.0973110812418
5.0 1.0285646182 -0.602263484069 -0.0928142988377 0.10205263292
5.0 1.48617734755 -0.355066693838 0.0645425910112 0.177833286016
5.0 1.09267128984 -0.558743149885 -0.0627253568327 0.119466598646
5.0 1.77709047825 -0.250997537477 0.117901798922 0.188688342438
5.0 1.48696638159 -0.354742039007 0.0647243957403 0.177889732799
5.0 1.98992766309 -0.190799034647 0.143476072275 0.187419241668
5.0 1.89930274016 -0.215031204781 0.133696058273 0.188675933126
5.0 1.2864623433 -0.446843462599 0.0102670597656 0.156801168817
5.0 1.7098407325 -0.272529209093 0.107688524703 0.187751056643
5.0 1.09111462437 -0.55975802308 -0.0634150472441 0.119077866885
5.0 1.88042519878 -0.220330717782 0.131466556645 0.188808236331
5.0 1.63117021715 -0.299484413934 0.0942461468603 0.185552722916
5.0 1.28732432726 -0.446402372133 0.0105418572366 0.156924642791
5.0 1.69922333851 -0.276049698083 0.105969866809 0.187529150756
5.0 1.7101063502 -0.272441571862 0.107731144916 0.187756330129
5.0 1.82619181628 -0.236070424221 0.124649639323 0.188927650073
5.0 1.96224412231 -0.197997629367 0.140643953483 0.187908328275
5.0 1.9280235187 -0.207139833966 0.136956697528 0.188387086339
5.0 1.03684216314 -0.596435373847 -0.0887369644606 0.104479720255
5.0 1.12394212342 -0.538795263242 -0.0492680405516 0.126954831788
5.0 1.96425818875 -0.19746812223 0.140854497309 0.187875908999
5.0 1.41535205441 -0.385327546006 0.0472729344044 0.171959992434
5.0 1.6181776937 -0.304140916729 0.0918632112824 0.185060274498
5.0 1.62036124308 -0.303354082495 0.0922671004571 0.185145645253
5.0 1.59021489045 -0.314373733329 0.086564702933 0.183871689652
5.0 1.18641339793 -0.501299997704 -0.024404267601 0.140074001977
5.0 1.11894655402 -0.541925809953 -0.0513691127233 0.125799740808
5.0 1.87290542741 -0.222467182753 0.130558509519 0.188847960172
5.0 1.73809288489 -0.26332529855 0.112119864432 0.188238815366
5.0 1.89935890074 -0.215015571331 0.133702586984 0.188675471159
5.0 1.95439769004 -0.20006974896 0.139816892693 0.188030626176
5.0 1.40302715348 -0.390837435193 0.0440683861537 0.170766326186
5.0 1.42227458089 -0.382266327584 0.0490457481637 0.172607651429
5.0 1.31136924365 -0.434269514736 0.0180562595686 0.160230365381
5.0 1.57156428586 -0.321362195347 0.0828943488106 0.182980621678
5.0 1.77047068558 -0.253060202419 0.116947296555 0.18862914401
5.0 1.26075033153 -0.460209566001 0.00189628184173 0.15295940015
5.0 1.79964977828 -0.244058239243 0.121073635811 0.188840861009
5.0 1.63741576783 -0.297267672368 0.0953744294366 0.185775967421
5.0 1.25638889939 -0.462518236009 0.000442390379983 0.152276359009
5.0 1.6412163258 -0.295925496957 0.0960556966443 0.185907573539
5.0 1.34502635708 -0.417813654351 0.0280835114171 0.164451885146
5.0 1.13696646355 -0.530731458042 -0.0438710500078 0.129891139206
5.0 1.92462797898 -0.208062299218 0.136579172799 0.188426636041
5.0 1.16465156307 -0.514035311736 -0.0327735954907 0.135773418756
5.0 1.7362181702 -0.263928785551 0.111832112249 0.188210916769
5.0 1.01628299655 -0.611038882124 -0.09897083273 0.0983473721849
5.0 1.969146963 -0.196186600145 0.141362594345 0.187794718425
5.0 1.88875855884 -0.21798015801 0.132459456728 0.188755536597
5.0 1.12480026359 -0.538259620171 -0.0489088797577 0.127151640944
5.0 1.08698890375 -0.562457767086 -0.0652528972823 0.118040254265
5.0 1.62001005213 -0.303480508898 0.092202234768 0.185131982039
5.0 1.31706415392 -0.431442949441 0.0197932759514 0.160976557418
5.0 1.74907908449 -0.25980909277 0.113787700166 0.188390572947
5.0 1.1315501209 -0.53406789644 -0.0461014144034 0.128683369768
5.0 1.14574820591 -0.525372077442 -0.0402967892788 0.131809517863
5.0 1.72551939959 -0.26739233845 0.110173107041 0.188039673305
5.0 1.24305715069 -0.469652750903 -0.00406566222188 0.150131775553
5.0 1.73763509429 -0.263472521302 0.112049711027 0.188232085285
5.0 1.20641116373 -0.489880324024 -0.0169908591376 0.143802342931
5.0 1.07396898708 -0.571072014442 -0.0711467990405 0.114693428131
5.0 1.67026273937 -0.285833490749 0.101132075034 0.186808763119
5.0 1.43035417292 -0.37872303843 0.0510908187758 0.17334310629
5.0 1.6001282339 -0.310712594298 0.0884703934108 0.184313289231
5.0 1.10113996432 -0.553258110087 -0.0590067354489 0.121554949649
5.0 1.5679373985 -0.32273655144 0.0821671867168 0.18279839831
5.0 1.37733276563 -0.402573438955 0.0371792125683 0.168111390371
5.0 1.74804752722 -0.260137760218 0.113632405935 0.188377208876
5.0 1.43093955744 -0.378467661944 0.0512379997955 0.173395525109
5.0 1.14334817914 -0.526830769276 -0.0412685882742 0.131290004229
5.0 1.77813430702 -0.250673406838 0.118051314359 0.188697073559
5.0 1.98353639229 -0.192445821809 0.142834000702 0.187539895989
5.0 1.52643602463 -0.338821705194 0.0735237902834 0.180490461059
5.0 1.29258116622 -0.443721482413 0.0122096059014 0.15766952473
5.0 1.09731399766 -0.555728559988 -0.0606796149826 0.120617029088
5.0 1.41633865065 -0.384889886583 0.0475267486223 0.172053280345
5.0 1.68239463969 -0.281702182345 0.103185454958 0.187131530759
5.0 1.06714940315 -0.575641100735 -0.0742911290691 0.112894740482
5.0 1.13431800706 -0.532359906431 -0.0449592664678 0.129303062246
5.0 1.99871606008 -0.188549428519 0.144347671575 0.187245849651
5.0 1.58885195401 -0.31487999442 0.0863002423582 0.183809459087
5.0 1.74548732976 -0.260954862361 0.113245811877 0.188343253346
5.0 1.2034079434 -0.491578235422 -0.0180874070063 0.143255216688
5.0 1.23880545417 -0.471953209052 -0.00552406026659 0.149429999689
5.0 1.24023264115 -0.471179665183 -0.00503339828123 0.149666492935
5.0 1.96177027709 -0.198122542443 0.140594318411 0.187915925868
5.0 1.83315674953 -0.234005656809 0.125561059628 0.188934449816
5.0 1.98986821476 -0.190814310696 0.143470131755 0.187420385538
5.0 1.31826878778 -0.430847282831 0.0201585550756 0.161132569469
5.0 1.90294912405 -0.214017891813 0.134118756824 0.188645092421
5.0 1.67581194045 -0.283937825307 0.102076095579 0.186960240294
5.0 1.8923213855 -0.216980344354 0.132879837739 0.188730320747
5.0 1.37726423019 -0.40260519456 0.0371605226609 0.168104008735
5.0 1.74338842255 -0.26162613436 0.112927636734 0.188314590222
5.0 1.52052438712 -0.341167074736 0.0722423908515 0.180127541555
5.0 1.02451431445 -0.605140103214 -0.0948304127221 0.100844433283
5.0 1.90459187886 -0.213562461055 0.13430831494 0.188630639804
5.0 1.45856820275 -0.36659280296 0.0580356478142 0.175738347896
5.0 1.03096503945 -0.600566442154 -0.0916260949481 0.102762395317
5.0 1.41271013645 -0.386502170542 0.046591288074 0.171708430859
5.0 1.54389486264 -0.331974407964 0.0772340768246 0.181511525801
5.0 1.2208064044 -0.481826340856 -0.0118154507579 0.146364477295
5.0 1.89283986204 -0.21683510729 0.13294077341 0.188726506069
5.0 1.47872310462 -0.358146678108 0.0628138015257 0.177290971026
5.0 1.06287167532 -0.578526903018 -0.0762836223211 0.111749723752
5.0 1.21061414914 -0.487514356299 -0.0154660197105 0.144560585005
5.0 1.74911824369 -0.259796576555 0.113793589989 0.188391076867
5.0 1.24285346271 -0.469762685455 -0.00413522859537 0.150098376714
5.0 1.10427896309 -0.551240772498 -0.0576427499375 0.122317600757
5.0 1.17148700516 -0.509999805716 -0.0301108610098 0.137153382719
5.0 1.68926263004 -0.279384499701 0.104330715747 0.187300746413
5.0 1.55979928775 -0.325838920045 0.0805198278292 0.182377963703
5.0 1.87861998461 -0.22084226563 0.13124962288 0.188818384264
5.0 1.36050752103 -0.410443194649 0.0325050341701 0.166250932022
5.0 1.0662313514 -0.576259018535 -0.0747174971123 0.112650071508
5.0 1.93631307302 -0.204899806255 0.137869183227 0.188284321683
5.0 1.27867633454 -0.450847849915 0.00776789223975 0.15567110585
5.0 1.39993464275 -0.392232067546 0.0432544004567 0.170458569856
5.0 1.94414600421 -0.202798210609 0.138719981962 0.188179364045
5.0 1.32441010138 -0.427822598731 0.0220095203237 0.161919320622
5.0 1.49059193273 -0.35325367699 0.0655567134897 0.178146713186
5.0 1.81742690238 -0.238687256606 0.123486905914 0.188909911286
5.0 1.87465348604 -0.221969221188 0.130770620145 0.18883924735
5.0 1.01188208851 -0.614221851337 -0.101208911618 0.096989622087
5.0 1.6015744194 -0.310181535996 0.0887458109064 0.184375924422
5.0 1.85990026558 -0.226196655795 0.128960628722 0.1888992109
5.0 1.86326544472 -0.225227446499 0.129377501418 0.188888157847
5.0 1.49887826469 -0.349871846509 0.0674407587948 0.178719958804
5.0 1.1323504284 -0.533573402101 -0.0457706463778 0.128862977899
5.0 1.35583401896 -0.412655140108 0.0311827793878 0.16571691698
5.0 1.89089450793 -0.217380315663 0.132711792453 0.188740579842
5.0 1.30019309361 -0.439868130336 0.0145998670481 0.158725986904
5.0 1.92207087661 -0.208758711644 0.136293534259 0.188455490041
5.0 1.50243995002 -0.348426747099 0.0682427686108 0.178960216284
5.0 1.21657726562 -0.484177929352 -0.0133222369668 0.145621959784
5.0 1.0438641103 -0.591543386134 -0.085322410595 0.10649404155
5.0 1.76780759363 -0.253893389721 0.116560225558 0.188603413795
5.0 1.66897465005 -0.286274968864 0.100911800265 0.186772705767
5.0 1.53321063777 -0.336150767459 0.0749764194249 0.180895717318
5.0 1.42146046986 -0.382625119323 0.0488382512149 0.172532325441
5.0 1.96667807946 -0.196833204178 0.141106519473 0.187836019598
5.0 1.39786496845 -0.393168065426 0.0427073777167 0.170250882958
5.0 1.55454900514 -0.327853507793 0.079444873429 0.182098463685
5.0 1.48016243724 -0.357550171591 0.0631492396195 0.177397031383
5.0 1.74288305542 -0.261787954699 0.112850821481 0.188307567293
5.0 1.83487179304 -0.23349921529 0.125783815325 0.188934901655
5.0 1.32159803866 -0.429204933996 0.02116443234 0.161561028522
5.0 1.53578885889 -0.335138937481 0.0755249354998 0.181046905483
5.0 1.60373422154 -0.309389971241 0.0891561150818 0.184468502262
5.0 1.21727210134 -0.483790738454 -0.0130738674111 0.145744531165
5.0 1.90343399271 -0.213883415201 0.134174760093 0.188640862777
5.0 1.034842275 -0.597837395752 -0.0897169441456 0.103898479592
5.0 1.54916289938 -0.329931349117 0.0783322710937 0.181805208861
5.0 1.62584371964 -0.301385986025 0.0932750379882 0.185355444047
5.0 1.03699278589 -0.596329886252 -0.088663448984 0.104523352546
5.0 1.54001029084 -0.33348776144 0.076417897803 0.1812910017
5.0 1.71794632384 -0.2698643584 0.108980940867 0.187905993382
5.0 1.48706410317 -0.354701849341 0.0647468947475 0.177896714848
5.0 1.04261331725 -0.59241140156 -0.0859275365994 0.106138298445
5.0 1.14125291733 -0.528107876905 -0.0421199071295 0.130833671867
5.0 1.85279927931 -0.228251754522 0.128073240201 0.188917848199
5.0 1.33673004984 -0.421814599336 0.0256650267393 0.163452179096
5.0 1.95887831006 -0.198884643396 0.140290592528 0.187961761049
5.0 1.51076666745 -0.345068148497 0.0700992747251 0.179508594882
5.0 1.5477950496 -0.330460806772 0.0780480325266 0.181729606937
5.0 1.32052841888 -0.429732004517 0.0208419092605 0.16142387601
5.0 1.75743152799 -0.257158690995 0.115035147104 0.18849257716
5.0 1.48911782174 -0.353858226866 0.0652188790235 0.178042687652
5.0 1.57894029343 -0.318582619011 0.0843594525958 0.183342639075
5.0 1.38236673121 -0.400247254803 0.0385520517644 0.168649154483
5.0 1.88187975106 -0.219919118395 0.131640872275 0.188799710892
5.0 1.31416512503 -0.432879607976 0.0189111058353 0.16059820159
5.0 1.50712676154 -0.346532897978 0.0692909108557 0.179271231752
5.0 1.63081713197 -0.299610187273 0.0941820241591 0.185539842897
5.0 1.21638126432 -0.484287242976 -0.0133923643672 0.145587343022
5.0 1.06029629164 -0.580272103461 -0.0774906229018 0.111053901555
5.0 1.19489119534 -0.496425920108 -0.0212291273439 0.141679334929
5.0 1.39464408582 -0.394629207047 0.0418525094284 0.169924704453
5.0 1.52111187513 -0.340933408137 0.0723703207675 0.180164025514
5.0 1.83552219214 -0.233307320629 0.125868134029 0.188934983468
5.0 1.69702112294 -0.276784340029 0.105609711574 0.187480356655
5.0 1.34704798426 -0.416844213862 0.0286676970492 0.164691659977
5.0 1.40976204133 -0.387817215859 0.0458272877734 0.171425010896
5.0 1.01069490858 -0.615084032362 -0.101815743977 0.0966207147098
5.0 1.53180362935 -0.336704035241 0.074676052348 0.180812356444
5.0 1.6397012781 -0.296459920164 0.0957846870109 0.185855494708
5.0 1.33425450591 -0.423015546868 0.0249366874298 0.163148826632
5.0 1.30818629403 -0.435856926341 0.0170783182896 0.159807341375
5.0 1.38499182644 -0.399039549887 0.039263392808 0.168926141298
5.0 1.56274456336 -0.324713307304 0.0811187334046 0.182531836736
5.0 1.44357395946 -0.372993303607 0.0543825413951 0.17449855438
5.0 1.95882030223 -0.198899941539 0.140284484626 0.18796266912
5.0 1.18781803253 -0.500489113214 -0.0238747665129 0.140342577494
5.0 1.42089907701 -0.382872724315 0.0486949822455 0.172480251201
5.0 1.80058410513 -0.243773930748 0.121202341 0.188845585332
5.0 1.07961051937 -0.567322131584 -0.0685754388399 0.116157246761
5.0 1.77722482237 -0.25095580121 0.117921057172 0.188689475417
5.0 1.15175587675 -0.521740200418 -0.0378803039959 0.133093402265
5.0 1.47188532764 -0.360992459264 0.06120976061 0.176778510218
5.0 1.93083630981 -0.206377904069 0.137267770843 0.188353122554
5.0 1.91813147792 -0.209834762173 0.135851179113 0.188498368841
5.0 1.11508887521 -0.544357735612 -0.0530036799574 0.124896917571
5.0 1.61764304682 -0.304333849719 0.0917641059288 0.185039199707
5.0 1.02400688405 -0.605501694013 -0.0950838649192 0.100692089604
5.0 1.17498757084 -0.507945753435 -0.0287591508164 0.137849495198
5.0 1.27446279512 -0.453030365873 0.00640252685528 0.15504731117
5.0 1.97307155149 -0.195161652755 0.141767419404 0.187727499635
5.0 1.63982041454 -0.296417864498 0.0958060307499 0.185859608398
5.0 1.43947878961 -0.374759330054 0.0533700391009 0.174146894366
5.0 1.20672294569 -0.489704402655 -0.0168772500052 0.14385889347
5.0 1.35008709082 -0.41539070259 0.0295418799341 0.165049447668
5.0 1.94960333334 -0.201342567354 0.139306313776 0.188101899648
5.0 1.55186129182 -0.328888978715 0.0788908264091 0.181953048448
5.0 1.14474622675 -0.525980514825 -0.0407020390891 0.131593123309
5.0 1.78655161708 -0.248070369465 0.11924716774 0.188761555752
5.0 1.17755049921 -0.506447343207 -0.0277747378869 0.138354735837
5.0 1.27193410488 -0.454345188576 0.00557882793891 0.154669073553
5.0 1.60749262627 -0.308016525479 0.0898664534882 0.18462695174
5.0 1.87329653666 -0.222355702972 0.130606021427 0.188846040156
5.0 1.57331997439 -0.320698729964 0.0832446894374 0.183067987639
5.0 1.89242490406 -0.216951345986 0.132892012512 0.188729561888
5.0 1.53683696601 -0.334728338494 0.0757472367523 0.18110789758
5.0 1.43211531003 -0.377955014204 0.0515332131504 0.173500364683
5.0 1.08164383034 -0.565976959377 -0.0676552610744 0.116679754814
5.0 1.07843089175 -0.568104086287 -0.0691108274453 0.115852942474
5.0 1.24019107443 -0.471202154634 -0.0050476760315 0.149659609702
5.0 1.39718238096 -0.393477224753 0.0425265638892 0.170182115745
5.0 1.47377857695 -0.360202523846 0.0616556335155 0.176921842846
5.0 1.71397760254 -0.271166545167 0.108350267811 0.187831693237
5.0 1.42121379819 -0.38273389591 0.0487753355163 0.172509465927
5.0 1.74799283303 -0.26015519456 0.11362416451 0.18837649506
5.0 1.38829018265 -0.397527059128 0.0401528317147 0.169271007903
5.0 1.49101388818 -0.353080790823 0.0656532679302 0.178176419351
5.0 1.12267834957 -0.539585185799 -0.0497978797568 0.126664156739
5.0 1.52598318294 -0.339000946185 0.073425942398 0.180462971982
5.0 1.15700487397 -0.518589311661 -0.0357886533139 0.134196631161
5.0 1.56336556496 -0.324476334048 0.0812445549724 0.182564041278
5.0 1.22009847607 -0.48221910936 -0.0120668926308 0.14624080231
5.0 1.29130284633 -0.444372066785 0.0118053355973 0.1574895444
5.0 1.894560079 -0.216354085577 0.133142628448 0.188713442449
5.0 1.64811109864 -0.293503699015 0.0972814432481 0.186138161899
5.0 1.92096478502 -0.209060593016 0.136169596785 0.188467702775
5.0 1.79871049908 -0.244344444907 0.120944037741 0.188835986446
5.0 1.37236276421 -0.404882774172 0.0358123211614 0.167571964352
5.0 1.14338576845 -0.526807888454 -0.0412533435036 0.131298161905
5.0 1.05783480745 -0.581945339024 -0.0786496338164 0.110384074865
5.0 1.48521713508 -0.355462131195 0.064321055704 0.17776433811
5.0 1.64872205506 -0.293289997397 0.0973894229585 0.186158101828
5.0 1.89820721722 -0.21533617217 0.133568642473 0.188684862979
5.0 1.06450450839 -0.577423411256 -0.0755213206216 0.112188325576
5.0 1.23789325276 -0.472448361581 -0.0058383142398 0.149278322952
5.0 1.97342306093 -0.195070030264 0.141803551575 0.187721426687
5.0 1.08744839554 -0.562156374219 -0.0650476580719 0.118156316484
5.0 1.85317827252 -0.228141737947 0.128120881719 0.188917048782
5.0 1.23969914689 -0.471468616679 -0.0052166082166 0.149578334572
5.0 1.57475026251 -0.320159118973 0.0835293737033 0.183138562374
5.0 1.94643848523 -0.202185752769 0.138966903825 0.18814722623
5.0 1.48783126132 -0.354386534527 0.0649233987416 0.177951359382
5.0 1.38347799417 -0.39973553778 0.0388535082668 0.168766678456
5.0 1.25556863956 -0.462953814353 0.000167803823686 0.152146838396
5.0 1.73199782579 -0.265291149735 0.111181225194 0.18814585063
5.0 1.86887655259 -0.223617916152 0.130067247345 0.188866196398
5.0 1.53634144228 -0.334922408532 0.0756421863767 0.181079076239
5.0 1.98111558464 -0.19307197442 0.142588936269 0.187584415779
5.0 1.92407683787 -0.20821223041 0.136517710866 0.188432843312
5.0 1.96174861668 -0.198128206373 0.140592048554 0.187916272534
5.0 1.18860916608 -0.500032983725 -0.0235771953151 0.140493403038
5.0 1.46991947336 -0.36181431652 0.060745375801 0.176628497824
5.0 1.56502222417 -0.323845102323 0.0815797956308 0.18264945959
5.0 1.60091677815 -0.31042292012 0.0886206424329 0.184347564014
5.0 1.45498186362 -0.368114368203 0.0571696909576 0.175448580842
5.0 1.28367380182 -0.448273445821 0.00937551290101 0.156399776471
5.0 1.5722266786 -0.321111841116 0.083026652109 0.183013771682
5.0 1.45745276861 -0.367065455464 0.0577668202701 0.175648713348
5.0 1.82839474772 -0.235415841694 0.124939089591 0.188930377188
5.0 1.13235655524 -0.533569618478 -0.0457681156798 0.12886432348
5.0 1.47245094827 -0.360756300088 0.0613431078655 0.176821436746
5.0 1.92160506651 -0.208885757536 0.136241370218 0.188460669471
5.0 1.67641224971 -0.283733360114 0.102177670086 0.18697622881
5.0 1.72109827545 -0.268833524834 0.109478941931 0.187962899237
5.0 1.06486117643 -0.57718258378 -0.0753549866026 0.11228388765
5.0 1.60963191429 -0.307237159559 0.0902689531715 0.184715826968
5.0 1.73887817279 -0.263072806855 0.112240077005 0.188250348395
5.0 1.201144304 -0.492861752306 -0.0189177967481 0.142839901378
5.0 1.96363581482 -0.19763149988 0.140789505662 0.187885860508
5.0 1.70998620422 -0.272481209881 0.107711868922 0.187753946456
5.0 1.67169807771 -0.285342191472 0.101377029658 0.186848644386
5.0 1.24642425338 -0.46783968349 -0.00291774569723 0.150681487361
5.0 1.23126328249 -0.476063768703 -0.00813687354679 0.148164176321
5.0 1.10705002879 -0.549466838965 -0.0564451089275 0.122985690717
5.0 1.22379741538 -0.480170584752 -0.0107564733963 0.146884489733
5.0 1.13260057206 -0.5334189512 -0.0456673446304 0.128919115698
5.0 1.84854899666 -0.229488107975 0.127536847163 0.188925716601
5.0 1.4723182947 -0.360811673588 0.0613118449656 0.176811378244
5.0 1.20627680962 -0.489955969472 -0.0170397874781 0.143777959539
5.0 1.0728423095 -0.571824290029 -0.0716634654694 0.114398480291
5.0 1.65091863138 -0.292522386006 0.0977768294459 0.186229067942
5.0 1.10394524168 -0.551454958487 -0.0577875316871 0.122236886003
5.0 1.22751924161 -0.478118502422 -0.00944637430401 0.147525736612
5.0 1.25744194815 -0.461959684995 0.000794379011433 0.152441939589
5.0 1.43948948319 -0.374754708083 0.0533726913051 0.174147819895
5.0 1.75382828519 -0.258299669859 0.114499169434 0.188450029101
5.0 1.49970831635 -0.349534624454 0.0676280778029 0.178776220718
5.0 1.47627373861 -0.359163784309 0.0622412047997 0.177109078673
5.0 1.20572182481 -0.490269549319 -0.0172420700691 0.143677163039
5.0 1.05037127085 -0.587051088295 -0.0821943045027 0.108325059654
5.0 1.32706872713 -0.426519234829 0.0228048920256 0.162255125995
5.0 1.13451974129 -0.532235666414 -0.0448762215461 0.129348010285
5.0 1.04841127473 -0.588400146883 -0.0831326516499 0.107777210896
5.0 1.03621270118 -0.596876405248 -0.0890450613423 0.104297126678
5.0 1.00811704233 -0.616961336661 -0.10313781574 0.0958157090025
5.0 1.7059765237 -0.273806461308 0.107066429698 0.187672810218
5.0 1.85756426063 -0.226871291702 0.128669977157 0.188906083063
5.0 1.82085081044 -0.237662675037 0.123943224882 0.188918058718
5.0 1.29336382202 -0.44332377328 0.0124567288706 0.157779275106
5.0 1.86290588919 -0.22533094419 0.129333071353 0.188889208406
5.0 1.29809875665 -0.440925145873 0.013945133344 0.158437704803
5.0 1.80194245018 -0.243360915326 0.12138908345 0.188852232487
5.0 1.4302900215 -0.378751049224 0.0510746813336 0.17333735485
5.0 1.10077473583 -0.55349348491 -0.0591657558218 0.121465861103
5.0 1.8204494204 -0.237782422886 0.123889878831 0.188917274477
5.0 1.99902951988 -0.188469331482 0.144378514965 0.187239509054
5.0 1.34431001594 -0.41815765111 0.0278761105882 0.164366529709
5.0 1.92082613705 -0.209098439999 0.136154046106 0.188469223838
5.0 1.90563104443 -0.21327476048 0.134427962978 0.188621318295
5.0 1.59358095326 -0.31312649553 0.0872152077392 0.184024109727
5.0 1.66920607423 -0.286195610224 0.100951332466 0.186779181056
5.0 1.34847618452 -0.416160485332 0.0290791781267 0.164860222814
5.0 1.36614039709 -0.407792242581 0.0340848623452 0.166884699233
5.0 1.11686602718 -0.543235799198 -0.0522493445659 0.125313964407
5.0 1.68552037993 -0.280645536694 0.1037082278 0.187209679059
5.0 1.16422448656 -0.51428854763 -0.0329408697345 0.135686260878
5.0 1.59982855607 -0.310822660814 0.0884131694615 0.184300263042
5.0 1.78014645752 -0.250049336168 0.118338769189 0.188713450039
5.0 1.0731371316 -0.571627255135 -0.0715282235468 0.114475750009
5.0 1.34711487725 -0.416812151226 0.028687027671 0.164699575835
5.0 1.85982243104 -0.226219109414 0.128950959037 0.188899450307
5.0 1.13806581441 -0.530057163576 -0.0434207972968 0.130133912956
5.0 1.37122563549 -0.405412946873 0.0354980238031 0.167447340954
5.0 1.65717397963 -0.290345497419 0.098872892961 0.186425372378
5.0 1.98563539406 -0.191903978691 0.14304567517 0.187500757842
5.0 1.11240283097 -0.5460586351 -0.0541481734451 0.124262764737
5.0 1.79097477896 -0.246710308908 0.11986860545 0.188790960921
5.0 1.90408481388 -0.213702954154 0.134249859976 0.188635137903
5.0 1.36566674901 -0.408014524352 0.0339525616939 0.166831836407
5.0 1.6405290241 -0.29616783747 0.0959328476781 0.185884011065
5.0 1.30539570752 -0.437253139249 0.0162166726699 0.159433012983
5.0 1.88557121389 -0.218877040434 0.132081363101 0.188776777765
5.0 1.0002386669 -0.622742515275 -0.107217436935 0.0933231354644
5.0 1.19578788709 -0.49591318977 -0.020896163366 0.141847062708
5.0 1.6227552304 -0.302493435807 0.0927082509842 0.185238032433
5.0 1.83081311752 -0.234698928981 0.125255596652 0.188932700573
5.0 1.11128234207 -0.546770220128 -0.0546271741652 0.123996982138
5.0 1.48428261173 -0.355847435057 0.0641051939563 0.177697111454
5.0 1.41784127225 -0.384224115907 0.0479125909984 0.172194793265
5.0 1.81555481129 -0.239248875395 0.123236296361 0.188904745741
5.0 1.63919630278 -0.296638118211 0.0956941104022 0.185838023311
5.0 1.61857213209 -0.303998696011 0.0919362731623 0.185075787104
5.0 1.80442363211 -0.242607710902 0.121729057438 0.18886368089
5.0 1.39926772459 -0.392533405117 0.0430783445219 0.170391840837
5.0 1.58324846644 -0.31696850369 0.0852068693059 0.183548214718
5.0 1.5837398518 -0.316784873676 0.0853032488109 0.183571476111
5.0 1.7357741489 -0.264071911037 0.111763840525 0.188204315469
5.0 1.99040237328 -0.190677079321 0.143523487503 0.187410093476
5.0 1.62102643384 -0.303114686786 0.0923898642686 0.185171447769
5.0 1.62892064244 -0.300286122262 0.0938370362935 0.185470186624
5.0 1.98513694844 -0.192032607921 0.142995476433 0.187510096863
5.0 1.00824477817 -0.616868147655 -0.103072238105 0.0958557576939
5.0 1.44568878848 -0.372084382859 0.0549029613839 0.174677942816
5.0 1.94129559807 -0.203561252137 0.13841165377 0.188218405591
5.0 1.54826083916 -0.330280431616 0.0781448748417 0.181755396897
5.0 1.7140871981 -0.271130514371 0.108367738456 0.187833784562
5.0 1.30930707393 -0.435297324118 0.0174231883717 0.159956920187
5.0 1.47940736399 -0.35786298997 0.0629733649326 0.17734145534
5.0 1.11270299042 -0.545868260261 -0.0540200090936 0.124334076016
5.0 1.81634947977 -0.239010283042 0.123342787468 0.188907014783
5.0 1.80817874509 -0.241470753606 0.122240825829 0.188879373544
5.0 1.12718220682 -0.536776113224 -0.0479144825632 0.127695495187
5.0 1.34623547825 -0.417233608973 0.0284332592613 0.164595450051
5.0 1.49452244759 -0.351646052481 0.0664535565254 0.178421085642
5.0 1.00643350556 -0.618191333679 -0.104004590045 0.0952873477828
5.0 1.82431116142 -0.236630112758 0.124401663163 0.188924684355
5.0 1.45413688447 -0.368473701556 0.0569649103955 0.175379686029
5.0 1.56562089727 -0.323617225928 0.0817007191853 0.182680189209
5.0 1.71878091981 -0.269591108715 0.109113048932 0.187921245346
5.0 1.41660456397 -0.384771970583 0.0475950958636 0.172078500004
5.0 1.34921941503 -0.415805164216 0.0292929012096 0.164947629633
5.0 1.76461536129 -0.254894787819 0.116093905168 0.188571142388
5.0 1.75881234124 -0.256722417848 0.115239676324 0.188508269525
5.0 1.3190916058 -0.430440863353 0.0204077421668 0.161239011884
5.0 1.03523154425 -0.597564333942 -0.0895259367835 0.104011837772
5.0 1.76352963089 -0.255235989348 0.115934697852 0.18855978854
5.0 1.44299104511 -0.37324417898 0.0542388090027 0.174448846366
5.0 1.81572011451 -0.239199256072 0.123258460252 0.188905231062
5.0 1.07551465613 -0.570041923552 -0.0704395230003 0.115096603416
5.0 1.82150851477 -0.237466063337 0.124030556687 0.188919503286
5.0 1.45426604874 -0.368418749629 0.0569962041097 0.175390232857
5.0 1.9587175108 -0.19892719039 0.140273659847 0.187964213405
5.0 1.5067290451 -0.346693289657 0.0692022924902 0.179245003795
5.0 1.15805579452 -0.517960904954 -0.035371986317 0.13441555825
5.0 1.82742693258 -0.235703227085 0.124812055143 0.188929217111
5.0 1.85996440851 -0.22617815301 0.128968596471 0.188899068538
5.0 1.94271671433 -0.203180568353 0.138565557925 0.188199035482
5.0 1.92559414926 -0.207799490153 0.136686879347 0.188415444659
5.0 1.89957591445 -0.214955035484 0.133727807956 0.188673682206
5.0 1.32551551105 -0.427280133823 0.0223406728877 0.162059285098
5.0 1.2858298112 -0.447167460957 0.0100651722133 0.156710447359
5.0 1.89147648185 -0.217217159176 0.13278039291 0.188736401944
5.0 1.91706406811 -0.210126913217 0.135730751258 0.188509615915
5.0 1.59005546392 -0.314432858885 0.0865338029333 0.183864415294
5.0 1.53398369869 -0.33584710806 0.0751411391417 0.180941138046
5.0 1.95148723896 -0.200841824724 0.139507375719 0.188074168129
5.0 1.86848043914 -0.22373125822 0.130018765838 0.188867889525
5.0 1.68796029141 -0.279822824713 0.104114507102 0.187269382967
5.0 1.2215060652 -0.481438402874 -0.0115672408824 0.146486500657
5.0 1.64745446171 -0.293733670307 0.097165209611 0.186116653351
5.0 1.56240026775 -0.324844734327 0.0810489571142 0.182514021388
5.0 1.00308434166 -0.620646953597 -0.105736875979 0.0942290622765
5.0 1.79842472794 -0.244431554056 0.120904566186 0.188834478448
5.0 1.32981584481 -0.425176479301 0.0236229983907 0.162599150862
5.0 1.91119956647 -0.211737845961 0.135065658961 0.188568924032
5.0 1.42442182294 -0.381321520538 0.0495917732889 0.172805273473
5.0 1.61449102052 -0.305473434252 0.0911780560791 0.184913620253
5.0 1.71153526792 -0.271970235381 0.107960110705 0.187784478638
5.0 1.18846338398 -0.50011700296 -0.0236319915668 0.140465635983
5.0 1.86295290522 -0.22531739542 0.129338882772 0.188889024864
5.0 1.2074861829 -0.489274043755 -0.0165996726304 0.143997104425
5.0 1.82691718231 -0.235854758616 0.124745059929 0.188928585127
5.0 1.64314401365 -0.295246705634 0.0963997847974 0.185973101152
5.0 1.48612870749 -0.355086716333 0.0645313767771 0.177829800294
5.0 1.74790285557 -0.260183927611 0.113610604875 0.188375319713
5.0 1.69302140532 -0.278122420357 0.104952277578 0.187389264425
5.0 1.4306486085 -0.378594467935 0.0511648642398 0.173369486042
5.0 1.09952157374 -0.554301707506 -0.0597129125824 0.121159280154
5.0 1.53398527867 -0.335846487675 0.0751414755765 0.180941230897
5.0 1.32184460486 -0.429083546671 0.0212386939503 0.16159260482
5.0 1.23569427061 -0.473644120663 -0.00659779908414 0.14891114999
5.0 1.66753045326 -0.286770595169 0.100664256921 0.18673178415
5.0 1.65411866634 -0.29140702716 0.0983388319608 0.186330559928
5.0 1.65659738802 -0.290545630808 0.0987723388014 0.18640768144
5.0 1.29553268139 -0.442223511585 0.0131398124195 0.158082170495
5.0 1.49788413014 -0.350276074717 0.0672160624022 0.17865210017
5.0 1.58545278457 -0.316145557676 0.0856382595317 0.183651794972
5.0 1.49547113171 -0.351258904276 0.0666691850801 0.178486623089
5.0 1.42923926144 -0.379210146149 0.0508101322612 0.173242965374
5.0 1.10262410636 -0.552303273543 -0.0583610313363 0.1219163266
5.0 1.09684577117 -0.556031865095 -0.0608848988134 0.120501642718
5.0 1.62454159815 -0.301852388639 0.093036472351 0.185306239728
5.0 1.54129394274 -0.332987033392 0.0766881831762 0.181364177144
5.0 1.85522018329 -0.227549616883 0.128377036854 0.188912260727
5.0 1.33056992194 -0.424808608183 0.0238468851065 0.162693073441
5.0 1.99647154037 -0.189122190779 0.14412635774 0.187290938967
5.0 1.41703999364 -0.384579004428 0.0477069521291 0.172119419266
5.0 1.09926207993 -0.554469171281 -0.0598262525081 0.121095675421
5.0 1.9220431045 -0.208766284761 0.136290425318 0.188455800226
5.0 1.5401259848 -0.333442605429 0.0764422805293 0.181297632513
5.0 1.00757340273 -0.617358140574 -0.103417466025 0.0956454048693
5.0 1.67549355874 -0.284046313988 0.102022184679 0.186951727664
5.0 1.17900937113 -0.50559643211 -0.0272162457117 0.138640673033
5.0 1.82847822543 -0.235391066738 0.124950014223 0.188930460651
5.0 1.7351219536 -0.264282225864 0.111663513301 0.188194324234
5.0 1.57022822782 -0.321867891874 0.0826270196739 0.182913864843
5.0 1.70464417126 -0.274247965357 0.106851024681 0.187645164599
5.0 1.99712791845 -0.188954577117 0.144191149094 0.187277810043
5.0 1.09223366859 -0.559028333845 -0.0629190462875 0.119357472576
5.0 1.30048545959 -0.439720782242 0.0146910909978 0.158766051794
5.0 1.81337499388 -0.239904001752 0.122943463089 0.188897986358
5.0 1.82537765293 -0.236312613887 0.12454239212 0.188926408279
5.0 1.09630977768 -0.55637911955 -0.0611204620916 0.120369334723
5.0 1.93919825592 -0.204124036535 0.138183852377 0.188246505363
5.0 1.90437491471 -0.213622567822 0.134283309151 0.188632568507
5.0 1.13174148729 -0.53394960696 -0.0460222772777 0.128726353024
5.0 1.71735135828 -0.270059247692 0.108886653934 0.187895041768
5.0 1.90666422399 -0.212988998089 0.134546775494 0.188611877903
5.0 1.71553101355 -0.270656392397 0.108597607048 0.187861125535
5.0 1.8727685715 -0.222506200826 0.130541876855 0.188848615852
5.0 1.07025246965 -0.573557202187 -0.0728553732878 0.113717173633
5.0 1.71216360406 -0.271763385642 0.108060625863 0.187796728387
5.0 1.12024716315 -0.541108744916 -0.0508202949049 0.126102061691
5.0 1.11164418212 -0.546540114099 -0.0544723692945 0.124082987406
5.0 1.99120286761 -0.19047156797 0.143603356036 0.187394610387
5.0 1.58065671387 -0.317938760239 0.0846978610482 0.183425129186
5.0 1.9186102712 -0.209703950172 0.135905088235 0.188493222267
5.0 1.22198045833 -0.481175628394 -0.0113991172318 0.146569064864
5.0 1.5823653838 -0.317298833667 0.0850337443827 0.183506491173
5.0 1.52245212196 -0.340400889239 0.0726616036717 0.180246898959
5.0 1.55004477368 -0.329590380003 0.0785151024669 0.181853696879
5.0 1.72936187825 -0.266144642995 0.110772333139 0.188103479453
5.0 1.84207030989 -0.231381940668 0.126711624048 0.188933256085
5.0 1.13222084233 -0.533653435069 -0.0458241780635 0.128833940419
5.0 1.08090546985 -0.566464810778 -0.0679889404726 0.116490373979
5.0 1.61843935351 -0.304046531942 0.0919116836452 0.18507057101
5.0 1.47652950932 -0.359057456092 0.0623011015057 0.177128250772
5.0 1.97449698957 -0.194790286539 0.141913809837 0.187702739986
5.0 1.63915414565 -0.296653040904 0.0956865654044 0.185836562176
5.0 1.77675133481 -0.25110292007 0.117853162764 0.188685470122
5.0 1.84656890886 -0.230065892058 0.127285626657 0.188928485584
5.0 1.97868232275 -0.193702552315 0.142341609525 0.187628492833
5.0 1.81526136572 -0.239336761958 0.123196935439 0.188903876627
5.0 1.62064106605 -0.303253338214 0.0923187586562 0.185156511767
5.0 1.67902237259 -0.282845763276 0.102618580117 0.187044890776
5.0 1.04389932219 -0.591518975191 -0.0853054116438 0.10650404177
5.0 1.29370172494 -0.443152116669 0.0125632840454 0.157826640495
5.0 1.59069516659 -0.31419548439 0.0866578118995 0.183893733139
5.0 1.75223522772 -0.258805216479 0.114261155073 0.188430420808
5.0 1.69123106178 -0.27872299891 0.104656682127 0.187347396599
5.0 1.0444326821 -0.591149409502 -0.0850477738199 0.10665540627
5.0 1.43043176999 -0.378689128372 0.0511103363672 0.173350061356
5.0 1.92022644265 -0.209262194006 0.136086796396 0.18847576201
5.0 1.49512004831 -0.351402166763 0.0665894157565 0.178462394678
5.0 1.24518116189 -0.468508187599 -0.00334091165308 0.150479042489
5.0 1.69356823468 -0.277939185538 0.105042395003 0.187401885924
5.0 1.76242955689 -0.255582060884 0.115773101293 0.188548103708
5.0 1.38234910789 -0.400255375153 0.0385472658563 0.168647286287
5.0 1.88987308053 -0.217667126673 0.132591269135 0.188747806111
5.0 1.78014722263 -0.250049099245 0.118338878301 0.188713456146
5.0 1.20122248425 -0.492817400692 -0.0188890167115 0.142854323188
5.0 1.60028718862 -0.310654085775 0.0885007041106 0.184320190236
5.0 1.75986954931 -0.256388683684 0.115395864759 0.18852015546
5.0 1.58448344332 -0.316507418223 0.0854487839651 0.183606393077
5.0 1.72239524061 -0.268410049112 0.109683053512 0.187985815188
5.0 1.58612022523 -0.315896636341 0.0857685458807 0.183683053793
5.0 1.54416527448 -0.331869276837 0.0772906942739 0.181526846595
5.0 1.59955600152 -0.310922935743 0.0883612316306 0.184288397921
5.0 1.15954253191 -0.517073257911 -0.034783701819 0.134723929285
5.0 1.96393977083 -0.197551775491 0.14082125032 0.187880922944
5.0 1.50200882635 -0.348601347746 0.0681459417194 0.178931273025
5.0 1.64741728242 -0.293746694117 0.0971586288611 0.18611543268
5.0 1.18758114739 -0.50062577185 -0.0239639518206 0.140297350408
5.0 1.22149997831 -0.481441776309 -0.0115693989628 0.146485440082
5.0 1.40124087295 -0.391642392814 0.0435987800483 0.170588910556
5.0 1.718202056 -0.269780608125 0.109021439801 0.187910680507
5.0 1.66950409278 -0.286093441666 0.101002438358 0.186787536335
5.0 1.15945941462 -0.517122837936 -0.0348166606963 0.134706728321
5.0 1.87013303625 -0.223258526296 0.130220816907 0.188860776149
5.0 1.47915081075 -0.357969331672 0.0629135593033 0.177322543605
5.0 1.04299583159 -0.592145780818 -0.0857422989924 0.106247296648
5.0 1.19270282773 -0.497679506668 -0.0220440653862 0.141268542767
5.0 1.81410120942 -0.239685592223 0.123041143113 0.188900384945
5.0 1.03275041259 -0.599307803387 -0.0907454634854 0.103287077639
5.0 1.99159532619 -0.190370791936 0.143642473195 0.187386993531
5.0 1.4663323562 -0.363318274194 0.0598943007958 0.176351822009
5.0 1.1381871221 -0.52998281846 -0.0433711529093 0.130160706065
5.0 1.11561649909 -0.544024358735 -0.052779508611 0.125020943888
5.0 1.43366751895 -0.377279236141 0.0519222029555 0.173638215151
5.0 1.53999207968 -0.333494869828 0.0764140593301 0.181289958026
5.0 1.77269385382 -0.252366125932 0.117269069691 0.188649767175
5.0 1.1354603171 -0.53165684041 -0.0444894212307 0.129557128112
5.0 1.11111004444 -0.546879647976 -0.0547010126017 0.123955949441
5.0 1.13446492886 -0.532269419911 -0.0448987826647 0.129335798701
5.0 1.22077916143 -0.48184138285 -0.0118251202087 0.146359721332
5.0 1.39194889753 -0.395855867878 0.0411336422337 0.169649143683
5.0 1.15607003549 -0.5191489838 -0.036159746926 0.134001584003
5.0 1.44737778177 -0.37135987842 0.0553173518572 0.174820138125
5.0 1.74572088861 -0.260880245591 0.11328114908 0.188346417836
5.0 1.22872426752 -0.477456003859 -0.00902392988195 0.147731838309
5.0 1.38890426549 -0.397246092448 0.0403178671569 0.169334748358
5.0 1.78807449658 -0.247601479097 0.119461665599 0.18877206894
5.0 1.41457312191 -0.385673504839 0.0470722545817 0.171886066104
5.0 1.42056878325 -0.383018474553 0.048610648242 0.172449616271
5.0 1.91134301566 -0.211698323065 0.13508195384 0.188567522678
5.0 1.93045907714 -0.206479961956 0.137226134981 0.188357727714
5.0 1.00331704552 -0.620475952905 -0.105616159609 0.0943029536958
5.0 1.09232224217 -0.558970616366 -0.0628798746025 0.119379569217
5.0 1.80564851851 -0.242236395054 0.121896356429 0.188869010708
5.0 1.46919832088 -0.362116223682 0.0605746599857 0.176573189389
5.0 1.56159684057 -0.325151520524 0.0808857476199 0.182472168171
5.0 1.84620202028 -0.230172978825 0.127238985378 0.188928958682
5.0 1.9623577524 -0.197967795157 0.140655850344 0.187906502391
5.0 1.03362427478 -0.598693008686 -0.090315391874 0.103542931278
5.0 1.3466841838 -0.417018541568 0.0285627877774 0.164648623904
5.0 1.29227344839 -0.443878092319 0.0121123649536 0.157626268164
5.0 1.92906256999 -0.206858241658 0.13707176848 0.188374669319
5.0 1.16982865419 -0.510975816827 -0.0307540597258 0.136821118206
5.0 1.00817447055 -0.616919438058 -0.103108327424 0.0958337485756
5.0 1.42093341562 -0.382857574645 0.0487037762661 0.172483456753
5.0 1.09082085809 -0.559949775467 -0.0635454558595 0.119004497144
5.0 1.93286369568 -0.205829930549 0.137491004197 0.188328082656
5.0 1.71834282198 -0.269734516882 0.109043724944 0.187913255332
5.0 1.77327869657 -0.252183763871 0.117353513 0.188655070594
5.0 1.02328200888 -0.606018635967 -0.0954463898386 0.100474129904
5.0 1.28196846892 -0.449150022442 0.00882835076919 0.156152482825
5.0 1.83715062835 -0.232827463502 0.126078652281 0.188935060386
5.0 1.55302068722 -0.328441969547 0.0791302133636 0.182015984255
5.0 1.67010912443 -0.285886111648 0.101105841553 0.186804475827
5.0 1.98876191461 -0.191098735609 0.143359470955 0.187441600522
5.0 1.90552235994 -0.213304869618 0.13441545305 0.188622299707
