0.1 2.33374716299 2.90097291562 0.000114738581053 1.08907760316e-07
0.1 1.67708382728 3.0123223675 0.000452901679653 8.44934850777e-07
0.1 1.03009550234 3.20294131949 0.00372161352609 1.58474923621e-05
0.1 2.06641075908 2.96139092018 0.000189723622584 2.32087674107e-07
0.1 2.33600212508 2.90026552284 0.00011428185804 1.08255988593e-07
0.1 2.15471002393 2.94541380388 0.000159566861064 1.78849795866e-07
0.1 1.95590296454 2.97809748184 0.000238322629165 3.25856222816e-07
0.1 1.02096084868 3.21244704989 0.00387504404241 1.67175722899e-05
0.1 2.32352679878 2.9041209624 0.000116837250728 1.11918258688e-07
0.1 1.0215131111 3.21185320675 0.00386553886671 1.66634120795e-05
0.1 2.03275204638 2.96680451269 0.000203089603821 2.56958719238e-07
0.1 1.02306227226 3.21020189925 0.00383903546355 1.6512575516e-05
0.1 0.744582737033 4.84948187799 0.0185875836938 0.000110434720009
0.1 1.27201107242 3.07739220974 0.00146670663386 4.47468445593e-06
0.1 2.1801624882 2.94022852402 0.000152001998361 1.66215158633e-07
0.1 1.05635872035 3.17893149036 0.0033219489355 1.36252623299e-05
0.1 0.639827386383 5.54694251045 0.0538792116738 0.000272554157158
0.1 1.76621929303 3.00193205176 0.000364585219309 6.16310299595e-07
0.1 1.66953205884 3.01320668562 0.000461561825668 8.68320303949e-07
0.1 1.66246387248 3.01403619385 0.000469859298214 8.90887088886e-07
0.1 1.85441079201 2.99134598381 0.000297357193178 4.52348665662e-07
0.1 1.87431019701 2.9888615496 0.000284400312784 4.23651426719e-07
0.1 1.37785474049 3.05397834354 0.00104042384985 2.77508815185e-06
0.1 1.14185300714 3.12431025154 0.00234948239441 8.54101157673e-06
0.1 1.64110443643 3.01655836068 0.000496080967636 9.63294356709e-07
0.1 1.45969724276 3.04033439771 0.000813657530191 1.95561862752e-06
0.1 2.2221486862 2.93097960154 0.00014047205253 1.47609651155e-07
0.1 2.16960947744 2.94241454946 0.000155083115593 1.71323418274e-07
0.1 0.711532212673 5.17081374232 0.0244022085056 0.000144721890654
0.1 0.620816071414 5.60627158508 0.0736891942296 0.000326142402402
0.1 1.69376438026 3.01037579665 0.000434443112086 7.95813991032e-07
0.1 2.08478993748 2.95829182808 0.00018288966901 2.19662928916e-07
0.1 0.952711471524 3.31170349459 0.00532689672509 2.53080288108e-05
0.1 1.57040160163 3.0251797433 0.000597088027059 1.25604906857e-06
0.1 0.772132327031 4.50176969698 0.0151669022061 8.89075608367e-05
0.1 1.24448890181 3.08513680281 0.00161259903917 5.10134833788e-06
0.1 0.803953483821 4.09894687631 0.0122291277295 6.9828070495e-05
0.1 1.35964370458 3.0574466227 0.00110148299698 3.00561493434e-06
0.1 2.08541244422 2.95818496449 0.000182663646775 2.19255499324e-07
0.1 1.31391301956 3.06708955844 0.00127581573277 3.6926680815e-06
0.1 0.855699874493 3.6530620099 0.00891133756752 4.8072225108e-05
0.1 2.31850408972 2.90563433473 0.000117885958428 1.13432374087e-07
0.1 1.59066199703 3.02265320908 0.0005656771424 1.1626976795e-06
0.1 0.700993594455 5.24894469408 0.0268416557579 0.000158178546543
0.1 1.93744118559 2.98062705746 0.000247904516382 3.45458643436e-07
0.1 2.45685870006 2.85393962644 9.28523408877e-05 7.89532742711e-08
0.1 1.11955140166 3.13594528544 0.00256346153308 9.61561214655e-06
0.1 1.02025154698 3.21321326545 0.00388729621403 1.67874349159e-05
0.1 1.82579922157 2.99484609399 0.000317290280277 4.97838599995e-07
0.1 0.779439933188 4.40493694303 0.0144111553069 8.40418212454e-05
0.1 0.66744342231 5.43823306908 0.0378271979688 0.000211901469323
0.1 1.55359455449 3.02731946118 0.000624826724883 1.3402929386e-06
0.1 1.7204705917 3.00726860976 0.000406877317611 7.23132469268e-07
0.1 2.23477823191 2.92800889064 0.000137220671653 1.42505204966e-07
0.1 0.797870041231 4.17042311832 0.0127251983058 7.30690994568e-05
0.1 2.22812496534 2.9295854601 0.000138921733419 1.45167753896e-07
0.1 1.39982773963 3.05002911065 0.000972446381771 2.51965305545e-06
0.1 1.95369807135 2.97840288806 0.000239442276454 3.28120594367e-07
0.1 0.810191042044 4.02966909747 0.0117478221056 6.66777145926e-05
0.1 1.33413466585 3.06264524217 0.00119472876295 3.36443163257e-06
0.1 0.784758693764 4.33521258515 0.0138935643886 8.07050344477e-05
0.1 1.17856456122 3.10798534875 0.00204455001858 7.06685925594e-06
0.1 1.90560224719 2.98485345271 0.000265613924915 3.82802050608e-07
0.1 0.654119274468 5.49469652218 0.0443813968478 0.000238955298241
0.1 0.640911683187 5.54323675938 0.0530384602212 0.000269820461662
0.1 2.46393355476 2.85059338469 9.17362225183e-05 7.75322686471e-08
0.1 0.58312444981 5.70165937079 0.229912137202 0.000473363913629
0.1 0.698609219344 5.2651987253 0.0274454185681 0.000161403755855
0.1 0.940965496453 3.33600439513 0.00564478033907 2.72732705526e-05
0.1 1.8200443278 2.99554111852 0.000321598353114 5.0767683561e-07
0.1 2.49229644757 2.83626396904 8.75179909898e-05 7.21089893388e-08
0.1 2.43955627402 2.86177402466 9.56024019345e-05 8.2549965535e-08
0.1 1.85310728001 2.99150721137 0.000298230755478 4.54308349043e-07
0.1 2.49696145618 2.83375609288 8.6847615058e-05 7.12571728758e-08
0.1 0.742313846997 4.87539529111 0.0189175610605 0.000112463713211
0.1 1.37248541924 3.05498193478 0.00105796904921 2.84497286646e-06
0.1 0.834588722016 3.80087850662 0.0100952459582 5.58231068259e-05
0.1 1.59470100613 3.02215628687 0.000559721323196 1.14508493559e-06
0.1 2.04215103346 2.9653252924 0.000199241649472 2.4972331803e-07
0.1 1.63285006876 3.0175406951 0.000506701761838 9.93068774401e-07
0.1 1.11323316241 3.1395225805 0.00262858225317 9.9473500782e-06
0.1 2.45558976533 2.85453076249 9.30500118315e-05 7.9211139128e-08
0.1 2.27737930613 2.91725309932 0.000126941679325 1.26753024593e-07
0.1 0.973331308016 3.27519274299 0.00482300011562 2.22569352835e-05
0.1 1.87117123239 2.9892561529 0.000286405611342 4.28030265972e-07
0.1 0.664835345081 5.44996368039 0.0389778479081 0.000216904273111
0.1 2.23632637134 2.92763826464 0.000136828582112 1.41893950947e-07
0.1 1.18192559369 3.10663965771 0.00201920166647 6.94714662271e-06
0.1 1.76313190087 3.00229399517 0.000367239939103 6.22909822288e-07
0.1 1.23875621038 3.08686528845 0.00164523988562 5.24441179157e-06
0.1 2.12352753739 2.95138666806 0.000169487863298 1.95872006153e-07
0.1 1.27122965864 3.07760040347 0.00147060970651 4.49116887359e-06
0.1 1.43838126404 3.04362939797 0.000866135579025 2.13919151379e-06
0.1 0.925613648276 3.37252311097 0.00609922882366 3.01028979534e-05
0.1 0.924894643169 3.37438384394 0.00612166388312 3.02377075409e-05
0.1 1.12462869044 3.13316483033 0.00251261802339 9.35850449922e-06
0.1 1.57933248256 3.02405946597 0.00058297816786 1.21384346089e-06
0.1 2.15248687288 2.94585314692 0.000160249678339 1.8000534945e-07
0.1 1.81422924758 2.99624098922 0.000325923295721 5.2368762976e-07
0.1 1.36200648254 3.05698586714 0.00109331815073 2.97491288382e-06
0.1 2.18581739454 2.93903569276 0.000150382370998 1.63552186779e-07
0.1 0.73097200886 4.9965314193 0.0207029294053 0.00012322537965
0.1 1.52259226396 3.03139471763 0.000680409475132 1.51395222492e-06
0.1 1.94694664018 2.97933259508 0.000242911933098 3.35165912621e-07
0.1 0.572406913092 5.72553374546 0.540230573181 0.00052855460449
0.1 1.85650588764 2.99108689238 0.000295959890104 4.49220060779e-07
0.1 1.0591654584 3.17662167701 0.00328257186993 1.34099886469e-05
0.1 0.87941812618 3.52964059231 0.00779367090363 4.08190960163e-05
0.1 1.27459676445 3.07670784455 0.00145388461095 4.42066034743e-06
0.1 1.58777375982 3.02301009493 0.000570025761935 1.17548949275e-06
0.1 0.878833356878 3.53224849262 0.00781890389227 4.09819028542e-05
0.1 1.65810212767 3.01454921806 0.000475075511579 9.05149940524e-07
0.1 1.04962654604 3.18466072632 0.00341890384388 1.41582298312e-05
0.1 1.78705311412 2.99947872134 0.000347129409745 5.7388200958e-07
0.1 0.646547476781 5.52332589791 0.0490149070331 0.000256114840563
0.1 1.80118232054 2.9978011401 0.00033588918032 5.47091256493e-07
0.1 2.32053161394 2.90502633061 0.000117461251858 1.12818375775e-07
0.1 1.76316990978 3.00228954149 0.000367206811941 6.22828069935e-07
0.1 1.56760493901 3.02553286687 0.000601594624612 1.26962180414e-06
0.1 2.26778683027 2.9197804795 0.000129149276542 1.30114700973e-07
0.1 1.76423454962 3.00216477066 0.000366280513939 6.20543298967e-07
0.1 0.83003484141 3.83854455615 0.0103782676397 5.76749935593e-05
0.1 1.02010391361 3.21337331965 0.00388985262447 1.68020188579e-05
0.1 0.523241100976 5.83082655891 3.06230108409 0.00090115608163
0.1 2.48981311161 2.83758104673 8.7877495604e-05 7.25669434982e-08
0.1 2.12576214018 2.95097160411 0.000168751637529 1.94592010644e-07
0.1 2.11837896697 2.95233541966 0.000171199523804 1.98858000255e-07
0.1 2.28631659984 2.91483873547 0.000124889356045 1.23711298778e-07
0.1 0.953437861218 3.31029158492 0.00530800554448 2.51924262656e-05
0.1 1.56641795484 3.02568308476 0.000603520288451 1.27543499559e-06
0.1 2.39186847576 2.88109850219 0.000103706884733 9.34304055517e-08
0.1 0.906567791331 3.42719064795 0.00673227420949 3.40580480636e-05
0.1 2.22258368225 2.93087881725 0.000140358486797 1.4743027961e-07
0.1 2.28397148919 2.91547783743 0.000125419620146 1.24501182245e-07
0.1 1.64979346533 3.01552919973 0.000485190901546 9.33052296932e-07
0.1 0.513140168409 5.85363779232 3.08297442645 0.00101171628371
0.1 2.0632338617 2.96191594591 0.000190937127543 2.34315015246e-07
0.1 2.081939046 2.95877961007 0.000183929269806 2.21539840207e-07
0.1 1.80546014683 2.99729082928 0.000332584396502 5.39279882488e-07
0.1 1.51712041672 3.03213415706 0.000690853298028 1.5473060417e-06
0.1 2.4196520022 2.87021880676 9.88839813655e-05 8.69114187204e-08
0.1 1.54894298913 3.02791975877 0.000632788797785 1.36478091841e-06
0.1 1.12514878054 3.13288460307 0.00250748290864 9.33263283048e-06
0.1 1.10093042884 3.14688716623 0.0027615680086 1.06317271491e-05
0.1 2.315450783 2.90654370634 0.000118529082531 1.14364220701e-07
0.1 2.12969165417 2.9502367377 0.000167466688972 1.92364337132e-07
0.1 1.36643677439 3.05613059331 0.00107821300247 2.91885165427e-06
0.1 1.80053452952 2.99787830907 0.00033639416899 5.48286068011e-07
0.1 1.95809810743 2.97779283072 0.000237214447068 3.23619442904e-07
0.1 1.43936101366 3.04347447226 0.000863629539265 2.13030729375e-06
0.1 1.82393356064 2.99507171335 0.000318647267784 5.01000865847e-07
0.1 1.92856217173 2.98182256613 0.00025268486269 3.55395140084e-07
0.1 1.50711105549 3.03350246908 0.000710484323386 1.61059973387e-06
0.1 0.563677485043 5.74441493709 2.03256491836 0.0005791499874
0.1 0.621903247751 5.60313214847 0.0722127540954 0.000322763756182
0.1 0.804003941558 4.09836971923 0.012225126025 6.98018987117e-05
0.1 0.617096210602 5.61679960047 0.0791925006286 0.000338019204779
0.1 1.97020803738 2.97609316078 0.000231215725409 3.11588041999e-07
0.1 0.666756538292 5.44135674841 0.0381247680595 0.000213205923909
0.1 0.867900446224 3.58480010013 0.00831144528527 4.41684108882e-05
0.1 0.566721678907 5.73787485195 1.31271041964 0.000560913609283
0.1 1.51364738002 3.03260634818 0.000697586768374 1.56892792315e-06
0.1 1.40194141631 3.049661649 0.000966212504347 2.49667588051e-06
0.1 1.89373911839 2.98638851584 0.000272596349384 3.97709300438e-07
0.1 1.75889491735 3.00278980516 0.000370977757652 6.32102832482e-07
0.1 1.57877688365 3.02412883812 0.000583843635349 1.21641954798e-06
0.1 2.17762546284 2.94075881129 0.0001527357027 1.6742677764e-07
0.1 2.01503680686 2.96952997803 0.000210598832584 2.71248167621e-07
0.1 0.837079078415 3.78120963381 0.00994490127106 5.48282244108e-05
0.1 2.04970624987 2.964118011 0.000196214570721 2.44073727464e-07
0.1 1.20175489154 3.09913668888 0.00187747680699 6.28751050333e-06
0.1 2.24960600601 2.92439878103 0.00013351953523 1.3677555355e-07
0.1 2.04540236613 2.9648077136 0.000197931847014 2.47274158496e-07
0.1 2.19188776138 2.9377374298 0.000148667669219 1.60750367633e-07
0.1 1.87500517618 2.98877349942 0.000284128789145 4.2268919302e-07
0.1 1.70750135401 3.00877714471 0.000419983542452 7.57220990427e-07
0.1 1.52533775519 3.03102633016 0.000675219923555 1.49753824963e-06
0.1 0.780596469622 4.38968557242 0.0142964408267 8.33126109599e-05
0.1 2.34787968935 2.89645998617 0.000111936943156 1.04894957284e-07
0.1 2.24931855646 2.92447006981 0.000133590036821 1.36884025436e-07
0.1 0.949588315749 3.31789000891 0.00540912572013 2.58124617457e-05
0.1 2.33080339244 2.90188937462 0.00011533822256 1.0976533403e-07
0.1 0.667361802884 5.43860555272 0.0378623518818 0.000212055985669
0.1 1.01133440111 3.22322068705 0.00404571507077 1.76954586398e-05
0.1 0.718886035932 5.10972147337 0.0228940479711 0.000136106868248
0.1 1.14812811086 3.12128946261 0.0022934074442 8.26719064721e-06
0.1 2.11975865367 2.9520823788 0.000170738725586 1.98052751938e-07
0.1 0.504531268579 5.87400426066 3.09620173316 0.00111852636534
0.1 0.964987087192 3.28912020131 0.00501907269872 2.34362768653e-05
0.1 0.589227343221 5.68759560076 0.172262134838 0.000444952386986
0.1 1.22008450639 3.09280115175 0.00175756629589 5.74301380418e-06
0.1 1.44752105977 3.0421971477 0.000843120416746 2.05803357884e-06
0.1 1.90433562845 2.98501831523 0.000266316018149 3.84361492643e-07
0.1 2.06840698194 2.9610594444 0.000188966050539 2.30700366769e-07
0.1 1.58319932778 3.02357777968 0.000576999630868 1.19609259085e-06
0.1 0.503059131066 5.87759219517 3.09819961562 0.00113809025395
0.1 1.0634368594 3.1731910061 0.00322378984831 1.30899358875e-05
0.1 2.33820166902 2.8995706286 0.000113852731092 1.07624490903e-07
0.1 1.44608827733 3.04241967544 0.000846679256412 2.07050563618e-06
0.1 1.56267416577 3.02615791776 0.000609644924725 1.29397788195e-06
0.1 0.796010488585 4.19297892106 0.0128823989514 7.4094613764e-05
0.1 1.42708217599 3.04544199346 0.000895683428178 2.24502788915e-06
0.1 0.928071247293 3.3662708388 0.00602335486587 2.96618493826e-05
0.1 0.654024844853 5.49506778051 0.0444345429142 0.000239160902203
0.1 0.969088277678 3.28214048311 0.00492151650256 2.28477016024e-05
0.1 1.40676608996 3.04883053363 0.000952159040176 2.44515826116e-06
0.1 1.71519971672 3.00788157441 0.000412146106585 7.3676911171e-07
0.1 0.770008363858 4.529913959 0.0153970623158 9.03832841414e-05
0.1 1.1596692183 3.11599454478 0.0021946565225 7.78628441893e-06
0.1 0.69995955745 5.25605495909 0.0271007139575 0.000159573410062
0.1 0.82999750235 3.83886256558 0.0103806325682 5.76904715091e-05
0.1 2.22698802875 2.92985227106 0.000139215026952 1.45628599848e-07
0.1 1.41282540716 3.04780174363 0.000934827383133 2.38223019636e-06
0.1 2.04276345624 2.96522805044 0.000198994106119 2.49259907887e-07
0.1 1.57326461076 3.02481905453 0.0005925184308 1.24233221099e-06
0.1 1.74706636103 3.00417218181 0.000381573840731 6.58623063151e-07
0.1 0.689019800365 5.32577244551 0.0301022316636 0.000175280752372
0.1 1.53276356266 3.03003761542 0.000661496342424 1.4541884174e-06
0.1 1.73540982771 3.0055307361 0.000392372955281 6.86037946057e-07
0.1 0.774179886571 4.47460237517 0.0149496068008 8.7511659378e-05
0.1 1.17877303519 3.10790121984 0.00204296600078 7.05936408402e-06
0.1 2.47370927041 2.84582538689 9.02541969035e-05 7.56144942885e-08
0.1 1.53874178906 3.02924946422 0.000650701929474 1.42036663238e-06
0.1 2.21542133883 2.93252469024 0.000142243015568 1.50416915708e-07
0.1 0.797175720455 4.17880838283 0.0127835806109 7.34500559492e-05
0.1 2.2319816608 2.92867476149 0.000137932515149 1.43617270297e-07
0.1 1.44776969446 3.04215865683 0.000842504762691 2.05587853884e-06
0.1 0.588382892846 5.68956553477 0.178473384968 0.000448762698076
0.1 0.656569261049 5.48493092396 0.0430392900375 0.000233692171562
0.1 0.57463933101 5.7206336337 0.424361646316 0.000516467244114
0.1 1.50718289431 3.03349256337 0.000710340952542 1.6101346542e-06
0.1 1.76450294159 3.00213330958 0.000366047481077 6.19968878118e-07
0.1 0.599104752643 5.66389513092 0.122186882758 0.000403077086252
0.1 2.19995992426 2.9359821466 0.00014642521318 1.57113142291e-07
0.1 2.19061831503 2.93801044162 0.00014902422174 1.61331498991e-07
0.1 1.64217808992 3.01643093325 0.000494717909198 9.59497278149e-07
0.1 0.937712701153 3.34326025567 0.00573737226429 2.78561419808e-05
0.1 2.39999488513 2.87801873379 0.000102265811312 9.1469317212e-08
0.1 1.80753590925 2.99704275177 0.000330992274797 5.35538385642e-07
0.1 1.28302019751 3.07452574494 0.00141308687862 4.25015876278e-06
0.1 1.80700761084 2.99710591835 0.000331396571089 5.36487620748e-07
0.1 1.25556435944 3.08191510263 0.00155180748201 4.83750285338e-06
0.1 2.10293107709 2.95512411106 0.000176443968424 2.08134147139e-07
0.1 2.15575985407 2.94520567765 0.000159245683757 1.78307097243e-07
0.1 1.71335360336 3.0080962601 0.000414008406371 7.41615130796e-07
0.1 0.988730344836 3.25208267311 0.00448641141682 2.02666804293e-05
0.1 2.1827891312 2.93967655811 0.000151247004482 1.64971805633e-07
0.1 0.510824797657 5.85901998525 3.08683212686 0.0010392368635
0.1 1.63408378556 3.01739356264 0.000505096205091 9.88552336724e-07
0.1 1.74174687202 3.00479238778 0.000386468923627 6.70972537838e-07
0.1 1.44640347825 3.04237066831 0.00084589471695 2.06775404455e-06
0.1 1.51799438145 3.03201569954 0.000689171749012 1.54192077488e-06
0.1 1.23879363373 3.08685387055 0.00164502403504 5.24346309861e-06
0.1 1.699814579 3.00967155325 0.00042799840518 7.78294456666e-07
0.1 1.01350563726 3.22071908644 0.00400638565727 1.74691897099e-05
0.1 1.09691843876 3.14941067502 0.0028067876892 1.08673388826e-05
0.1 1.00572023299 3.22989610433 0.00414965565092 1.82965748904e-05
0.1 2.21470325521 2.93268843645 0.000142433686931 1.50720294025e-07
0.1 1.37606856023 3.05431071264 0.00104622569669 2.79756722269e-06
0.1 1.5986526693 3.02167125255 0.00055391942849 1.12815849143e-06
0.1 1.64226735204 3.01642034253 0.000494604830037 9.59182367658e-07
0.1 2.37111443008 2.88860913483 0.000107486431408 9.86546337052e-08
0.1 1.89235316985 2.98656656461 0.000273438551528 3.99495755067e-07
0.1 2.13894530009 2.94848280593 0.000164488840535 1.87233037859e-07
0.1 1.60220206925 3.02123726605 0.000548763202509 1.11320423891e-06
0.1 0.728833686307 5.01775090328 0.0210672203668 0.000125397525139
0.1 0.992461062223 3.24693468532 0.00440956028806 1.98135986486e-05
0.1 1.41851287472 3.04684992579 0.000918960379803 2.32489235485e-06
0.1 0.749473644472 4.79185591348 0.0179041628996 0.00010620685392
0.1 1.9064746451 2.9847397645 0.000265106259742 3.81732356415e-07
0.1 1.57736191524 3.02430569852 0.000586055073304 1.22300952302e-06
0.1 2.35286072779 2.89482364893 0.000110963917092 1.03520655883e-07
0.1 0.873401598171 3.55742897522 0.00805858884366 4.25307858998e-05
0.1 2.00956334568 2.97035611314 0.000212989063599 2.75842766653e-07
0.1 1.84711862004 2.99224595067 0.000302286989762 4.63443111556e-07
0.1 1.06657986799 3.17072920424 0.00318139786753 1.28601113388e-05
0.1 2.1229298039 2.95149736132 0.000169685478175 1.96216024764e-07
0.1 1.30704645323 3.06867098931 0.0013049273892 3.80767506439e-06
0.1 2.37619785583 2.88681506643 0.000106594466898 9.73455340765e-08
0.1 2.25016867601 2.92425908392 0.0001333816649 1.36563516129e-07
0.1 1.9061663233 2.98477995688 0.000265285512167 3.82109998513e-07
0.1 2.24883426454 2.92459005751 0.00013370892171 1.37067005962e-07
0.1 1.16308688343 3.11448763543 0.00216645763476 7.65009805135e-06
0.1 0.547275908454 5.77920591989 2.93661766177 0.000690229352097
0.1 2.29319927405 2.91293922602 0.000123349060089 1.21426273597e-07
0.1 1.7844785056 2.99978269164 0.000349224754819 5.78932246535e-07
0.1 1.04025628185 3.19310587773 0.00356000111092 1.49410174257e-05
0.1 0.968731225278 3.28273900517 0.00492991981152 2.28982481379e-05
0.1 1.8665770494 2.98983238552 0.000289356699411 4.34537162318e-07
0.1 0.661446337097 5.46469234133 0.0405625103281 0.000223611585071
0.1 2.22968158403 2.92921893788 0.000138521416304 1.44539587306e-07
0.1 2.07854650063 2.95935663395 0.000185176054576 2.23797095387e-07
0.1 1.24006203139 3.08646796596 0.00163772936801 5.21142443604e-06
0.1 1.39651187681 3.05061012095 0.000982352852003 2.55621376569e-06
0.1 0.857030124126 3.64507051926 0.00884315316591 4.7627603206e-05
0.1 2.48372296765 2.84075792231 8.8767000777e-05 7.37034656105e-08
0.1 0.658430554548 5.4773353827 0.0420648153922 0.000229783818762
0.1 2.30157635869 2.91057812782 0.000121506418605 1.18710422878e-07
0.1 1.83235515238 2.99405118503 0.000312600334624 4.86927863679e-07
0.1 1.88777404769 2.98715297722 0.000276199899765 4.05466720257e-07
0.1 0.533348575427 5.80881617978 3.03076354759 0.000804409157857
0.1 2.21021786715 2.93370288715 0.000143636289018 1.52631846645e-07
0.1 2.46822919974 2.84851922167 9.10812747488e-05 7.66831078119e-08
0.1 1.37314718646 3.05485773957 0.00105578895345 2.8357423422e-06
0.1 1.46067895886 3.04018633869 0.000811336354657 1.94763113755e-06
0.1 0.741848391469 4.88064430999 0.0189863100742 0.000112900111113
0.1 0.592025135331 5.68100842769 0.154419324844 0.000432594936125
0.1 1.81961449406 2.99559292096 0.000321915565698 5.08421699019e-07
0.1 0.921067932771 3.38453604456 0.00624305616982 3.09875090695e-05
0.1 1.88805785262 2.98711671434 0.000276028483796 4.05093564002e-07
0.1 2.07629765998 2.95973709469 0.000186008358281 2.25307744119e-07
0.1 1.0924885221 3.15227091241 0.00285774301524 1.11345920067e-05
0.1 1.4564012577 3.04083382372 0.000821511869688 1.98272435892e-06
0.1 2.19008401904 2.93812510806 0.000149174610418 1.61576843607e-07
0.1 1.37562767539 3.0543929469 0.00104764917106 2.80318888647e-06
0.1 1.49529102559 3.03514920973 0.00073457222337 1.68933817372e-06
0.1 1.19991689466 3.09980239314 0.0018900670176 6.34544090838e-06
0.1 0.946453913816 3.32429398781 0.00549327942694 2.63312552151e-05
0.1 2.12466148869 2.95117628548 0.000169113762922 1.95221269892e-07
0.1 2.45002456384 2.85709158586 9.39314975261e-05 8.0352988024e-08
0.1 1.58514402464 3.02333593243 0.000574021829612 1.18728182374e-06
0.1 1.44453420752 3.04266181058 0.000850560806888 2.0841372002e-06
0.1 1.05237136413 3.18229254846 0.00337894001557 1.39380495064e-05
0.1 2.44181774209 2.86077713203 9.52382906556e-05 8.20698366871e-08
0.1 0.777366087703 4.43235488788 0.0146201307565 8.53902661673e-05
0.1 2.42162534369 2.86940703315 9.85523598252e-05 8.64678934866e-08
0.1 1.83388430392 2.99386523806 0.000311492660537 4.84427190495e-07
0.1 0.638698878328 5.55075843844 0.0547794635742 0.000275433560571
0.1 1.06548161271 3.17158345775 0.00319612897755 1.29398798786e-05
0.1 0.755984428955 4.71175952605 0.0170494860725 0.000100864807447
0.1 1.48284428166 3.0369216657 0.000761081848034 1.77723801896e-06
0.1 1.85748461192 2.99096549107 0.000295309968226 4.47767403153e-07
0.1 0.597568262629 5.66766761955 0.128009512396 0.000409273422345
0.1 1.72462383029 3.00678555934 0.000402792806519 7.12592058445e-07
0.1 1.92694419813 2.98203853856 0.000253568376547 3.57240055578e-07
0.1 1.93744297914 2.98062681468 0.00024790356227 3.45456667886e-07
0.1 1.50880511194 3.03326919911 0.000707113073907 1.59967477916e-06
0.1 0.638093000548 5.55279015638 0.0552738087008 0.000276994040098
0.1 1.00736377622 3.22791070829 0.00411892990843 1.81181620449e-05
0.1 2.1727714565 2.94176489668 0.000154151824401 1.69773864062e-07
0.1 1.69740668207 3.00995187604 0.000430548744327 7.85533055133e-07
0.1 1.31664982045 3.06646923677 0.00126446055441 3.64810591853e-06
0.1 2.40987496133 2.87416213508 0.000100547999296 8.91462355434e-08
0.1 1.28439435715 3.07417643514 0.00140656953129 4.22313145658e-06
0.1 1.6748469982 3.01258452275 0.000455445160132 8.51784957186e-07
0.1 0.669785842167 5.42739104993 0.0368406545333 0.000207522173634
0.1 2.0286881061 2.96743690531 0.000204782202065 2.6016016488e-07
0.1 0.786088546469 4.31797160751 0.0137688494802 7.98922873275e-05
0.1 1.66944670664 3.0132166898 0.000461660901705 8.685888499e-07
0.1 1.74507228735 3.00440446217 0.00038339916108 6.63221084692e-07
0.1 0.587891578672 5.69070797757 0.182294833509 0.00045099709089
0.1 2.28267456217 2.91582953897 0.000125714087353 1.24940519097e-07
0.1 0.837840195585 3.77532549325 0.00989956253721 5.45312705668e-05
0.1 2.03188135617 2.96694036863 0.000203450759405 2.57640864241e-07
0.1 1.95943354619 2.97760684445 0.000236543432895 3.2226718704e-07
0.1 1.98642651219 2.97377063984 0.00022347647496 2.96259121829e-07
0.1 2.12597749971 2.95093150115 0.000168680895783 1.94469158337e-07
0.1 1.30923014458 3.06816389435 0.00129557903707 3.77056823764e-06
0.1 1.1643974596 3.11391658978 0.0021557667067 7.59860474112e-06
0.1 0.516063472861 5.84693117142 3.07770704377 0.000978175451035
0.1 0.775452511867 4.45771744257 0.0148167630402 8.66570145193e-05
0.1 0.582064109834 5.70406582162 0.244033626911 0.000478513128577
0.1 0.961865055626 3.29461569949 0.00509511417541 2.38963053618e-05
0.1 1.27883047742 3.07560220666 0.00143319535886 4.33392126968e-06
0.1 0.885690341851 3.50285120897 0.00752972037842 3.91595750556e-05
0.1 2.05521044285 2.96322880069 0.00019404547389 2.40048673445e-07
0.1 1.01756381992 3.21615615503 0.0039341923379 1.70552723208e-05
0.1 1.27609248682 3.07631514874 0.00144653237481 4.38977387527e-06
0.1 0.660294108815 5.4695732988 0.0411256874835 0.000225946735098
0.1 2.3709572049 2.88866416675 0.000107515832803 9.86954355576e-08
0.1 1.81315023669 2.99637050864 0.000326733820603 5.25576211532e-07
0.1 1.40997066231 3.04828455712 0.000942963890656 2.41163645663e-06
0.1 2.19840393304 2.93632307015 0.000146854158897 1.57806532428e-07
0.1 1.95417172705 2.97833735811 0.000239201198185 3.27632661025e-07
0.1 1.69903792525 3.0097619606 0.000428818910893 7.80978648898e-07
0.1 1.59763537475 3.02179610664 0.000555408659235 1.13248741671e-06
0.1 0.875294410283 3.54845403685 0.00797395966979 4.19834464206e-05
0.1 1.43201694666 3.04464446303 0.000882638762817 2.19802438958e-06
0.1 2.12235977363 2.95160280297 0.000169874203217 1.96544743678e-07
0.1 0.923386829287 3.37833352696 0.00616906713962 3.05255622755e-05
0.1 2.42763932027 2.86689917776 9.7550327859e-05 8.51315042649e-08
0.1 1.40799923485 3.04862016819 0.000948607508062 2.43219397601e-06
0.1 1.4749763213 3.038063944 0.000778450223677 1.83560770758e-06
0.1 1.08561460562 3.1568703106 0.00293930909845 1.15645995976e-05
0.1 1.04016031838 3.19319531197 0.00356148460155 1.4949291217e-05
0.1 1.29814122852 3.07078014086 0.00134343927428 3.96420367179e-06
0.1 0.543461981254 5.78727014986 2.97342545464 0.000719501790101
0.1 0.798153767242 4.1670093941 0.0127014475986 7.29140903058e-05
0.1 0.609560088907 5.63723801637 0.0930680303216 0.000363658741289
0.1 1.53813608589 3.02932901056 0.000651785468133 1.42375063643e-06
0.1 0.565013725404 5.74154872085 1.73171962416 0.000571062282052
0.1 0.520697202885 5.83648085456 3.06823458152 0.000927575357552
0.1 0.986278812872 3.25555608132 0.00453789423744 2.05710327957e-05
0.1 1.81684685362 2.99592611686 0.000323967484352 5.13251877801e-07
0.1 0.508718762501 5.86397363269 3.09013360829 0.00106501244431
0.1 2.39470165882 2.88003401039 0.000103201531379 9.27414429301e-08
0.1 1.06529412293 3.17172992786 0.00319865256263 1.29535551955e-05
0.1 1.30165662646 3.06993959066 0.00132786919072 3.90140833087e-06
0.1 1.34256375221 3.06088017462 0.00116285126181 3.24044015504e-06
0.1 2.08475291031 2.9582981804 0.00018290312402 2.1968719019e-07
0.1 1.73301486172 3.00580955285 0.000394646523207 6.9183369807e-07
0.1 0.967795405161 3.28431221269 0.00495203337417 2.30313525121e-05
0.1 1.52111951375 3.03159297905 0.000683200792364 1.52284491117e-06
0.1 1.54332931581 3.02864918455 0.000642568441931 1.39504375162e-06
0.1 1.55281618693 3.02741965836 0.000626150238082 1.34435410662e-06
0.1 2.3358278634 2.90032035829 0.000114317073014 1.08306199027e-07
0.1 2.36586152844 2.89043330814 0.000108473741742 1.00028111951e-07
0.1 0.546994185943 5.77980120693 2.93981952421 0.000692343490022
0.1 1.32041647476 3.06562658101 0.00124901576809 3.58784048469e-06
0.1 2.44092767659 2.86117043195 9.53813885297e-05 8.22584387772e-08
0.1 2.14218704122 2.94786019195 0.00016346135246 1.85472795656e-07
0.1 1.76394693736 3.0021984817 0.000366530449982 6.21159553062e-07
0.1 1.06979554551 3.16826392347 0.00313866307381 1.26298247024e-05
0.1 0.820274283348 3.92695454455 0.0110225217365 6.19285640257e-05
0.1 1.63414763645 3.01738595088 0.000505013287455 9.88319229685e-07
0.1 2.05019908116 2.96403872018 0.000196019121155 2.43710244575e-07
0.1 1.23845922599 3.08695596398 0.00164695410886 5.25194738347e-06
0.1 2.23790122323 2.92726007202 0.000136431163145 1.41275318183e-07
0.1 2.48958435768 2.8377014096 8.79107044589e-05 7.26092868483e-08
0.1 0.99569323555 3.24260651877 0.00434430659617 1.94306393505e-05
0.1 1.60411075546 3.02100437967 0.00054602090254 1.10525599714e-06
0.1 2.39063264542 2.88156011389 0.000103928316627 9.37327100401e-08
0.1 1.51450801272 3.03248903903 0.000695910528462 1.56353674429e-06
0.1 1.69377930169 3.01037405829 0.000434427067504 7.95771555863e-07
0.1 2.2809125405 2.91630539059 0.000126115549574 1.25540285653e-07
0.1 0.763795604928 4.61161123052 0.0160994796239 9.48693357919e-05
0.1 2.31450791588 2.90682292269 0.000118728548463 1.1465374118e-07
0.1 2.36715477617 2.88998692021 0.000108229880033 9.96879890891e-08
0.1 1.54157818553 3.02887786827 0.000645657950075 1.40464623987e-06
0.1 1.76915820809 3.00158716351 0.000362041669836 6.10104789802e-07
0.1 1.51974161304 3.03177888786 0.000685825393211 1.53122097343e-06
0.1 1.09779748063 3.14885240425 0.0027967996157 1.08151995165e-05
0.1 1.78904894212 2.99924252512 0.000345533695722 5.70003393428e-07
0.1 0.781242177899 4.38119148884 0.0142329524877 8.29016265664e-05
0.1 1.38872866757 3.05199376136 0.00100608913799 2.64461821442e-06
0.1 1.3074965522 3.06856614322 0.00130299355439 3.79998580609e-06
0.1 2.11397723214 2.95313920343 0.000172680104323 2.01452182282e-07
0.1 2.4173201003 2.87117113156 9.92776790715e-05 8.74387692433e-08
0.1 1.67989037748 3.01199431529 0.000449743484422 8.36429866373e-07
0.1 1.52793381781 3.03067941823 0.000670381843526 1.48221125868e-06
0.1 1.01478587453 3.21926356952 0.00398342715319 1.73373572933e-05
0.1 1.97628986854 2.97522858638 0.000228274774823 3.05737112929e-07
0.1 1.42825406372 3.04525142326 0.000892557968422 2.23375283693e-06
0.1 1.45209448034 3.04149172952 0.000831919186884 2.01882598848e-06
0.1 1.65429106578 3.01499825614 0.000479673953091 9.17827497669e-07
0.1 0.720222546148 5.09800082898 0.0226351441806 0.000134607912799
0.1 1.5285935499 3.03059147578 0.000669159297664 1.47834590944e-06
0.1 1.04182414488 3.19165313609 0.0035358762493 1.48065921808e-05
0.1 0.595894417694 5.67173972152 0.134999158497 0.000416157809142
0.1 2.47783024775 2.84376293128 8.96384195348e-05 7.48215893993e-08
0.1 2.21170935796 2.93336646113 0.000143236343457 1.51993029827e-07
0.1 2.24668359855 2.92512110689 0.000134238465217 1.37883069008e-07
0.1 1.54852710813 3.0279736085 0.000633506859768 1.36699602897e-06
0.1 2.03483338516 2.96647893548 0.000202229530255 2.55336327513e-07
0.1 2.41040676565 2.87395126471 0.000100456580146 8.90230580291e-08
0.1 1.34548579583 3.06027949922 0.00115205188554 3.19871599749e-06
0.1 2.43086959795 2.8655309689 9.7017410972e-05 8.44230855235e-08
0.1 1.93674016125 2.98072190699 0.00024827779162 3.46231768878e-07
0.1 1.11162133482 3.14045669071 0.00264553122833 1.00341291453e-05
0.1 1.77177711256 3.00127920354 0.000359807995973 6.04637230349e-07
0.1 2.40059882143 2.87778657689 0.000102159739817 9.13254070486e-08
0.1 1.45956188931 3.04035483549 0.000813978214729 1.95672297304e-06
0.1 0.815985044922 3.96922068043 0.0113228776438 6.38989341424e-05
0.1 1.60666800536 3.02069303839 0.000542353191512 1.09470801772e-06
0.1 0.934385028659 3.35094010229 0.00583380447834 2.84968636509e-05
0.1 2.4578433598 2.85347888946 9.26749331175e-05 7.87538099292e-08
0.1 2.17647869819 2.94099750048 0.000153068794925 1.67977847282e-07
0.1 2.06522537966 2.96158717832 0.000190175278272 2.32915937839e-07
0.1 1.75858117245 3.00282651861 0.000371214548819 6.32789895928e-07
0.1 1.5486515773 3.02795748868 0.000633291843335 1.36633262121e-06
0.1 1.98687558192 2.97370552435 0.000223266840406 2.95846973574e-07
0.1 2.12766423775 2.95061648335 0.000168128115896 1.93510023561e-07
0.1 0.907901013428 3.42296985152 0.00668522700576 3.37605823176e-05
0.1 1.56823386464 3.02545340308 0.000600577441371 1.26655441054e-06
0.1 1.16069352298 3.11554004352 0.00218615623316 7.74517711644e-06
0.1 1.04591598416 3.18793695297 0.00347390075208 1.44623533279e-05
0.1 2.09399382216 2.95669869437 0.000179583252725 2.13725544119e-07
0.1 1.18019354293 3.10733031343 0.00203221423922 7.00853975402e-06
0.1 1.19065834199 3.10324617508 0.00195518495237 6.64705554453e-06
0.1 2.26381579636 2.92080809993 0.000130089806463 1.31536624467e-07
0.1 1.86046079531 2.99059568138 0.000293344595809 4.43384434832e-07
0.1 1.48906566503 3.03603059353 0.00074768795644 1.73264067456e-06
0.1 0.961942263391 3.2944778373 0.00509321568039 2.38848012382e-05
0.1 1.21299449161 3.09518880075 0.00180276077035 5.94665770576e-06
0.1 2.17450779077 2.94140628053 0.000153643388562 1.68929903896e-07
0.1 1.49390703687 3.03534428904 0.000737431053858 1.69885291663e-06
0.1 1.7199185381 3.00733281209 0.000407424306973 7.24547010163e-07
0.1 0.944984337832 3.3273662468 0.00553334814332 2.65790671732e-05
0.1 1.79675705479 2.99832776165 0.000339357781711 5.55316651742e-07
0.1 1.43683075581 3.04387529843 0.000870120219456 2.15334426479e-06
0.1 2.06233700009 2.96206361263 0.000191281467897 2.34948178563e-07
0.1 1.09271550021 3.15212340249 0.00285509942785 1.11207138972e-05
0.1 1.62158189483 3.01889003521 0.00052168590658 1.03543033194e-06
0.1 1.21277763931 3.09526304172 0.00180416620003 5.95302174772e-06
0.1 1.15686519718 3.11725136604 0.00221814242691 7.90010542735e-06
0.1 0.795568422476 4.19838613463 0.0129201665393 7.43408727491e-05
0.1 0.626670280017 5.58904188828 0.0663349898123 0.000308422531566
0.1 2.44368319437 2.85994850327 9.493925258e-05 8.16760890025e-08
0.1 2.03134064603 2.9670246358 0.000203675446891 2.58065513275e-07
0.1 0.953569214591 3.31003733572 0.00530459874251 2.51715897832e-05
0.1 1.31103927868 3.06774596081 0.00128789827359 3.7402037644e-06
0.1 1.92071752412 2.9828671562 0.000257004897577 3.64441104279e-07
0.1 2.39556075088 2.87970946734 0.000103048920704 9.25336485631e-08
0.1 0.631596876207 5.57386319788 0.0611153054038 0.000294375378147
0.1 1.73315834003 3.00579285112 0.000394509774956 6.91484889145e-07
0.1 2.08579265902 2.95811963161 0.000182525768979 2.19007071237e-07
0.1 0.699082647428 5.26201100633 0.027323793472 0.000160757109213
0.1 1.53157869408 3.03019464078 0.000663662430052 1.46100464527e-06
0.1 0.645485977515 5.52716132393 0.0497312943179 0.000258633248236
0.1 1.01979620126 3.21370751132 0.00389518789267 1.68324637307e-05
0.1 0.673914167826 5.4075382596 0.0352003753911 0.000200069704151
0.1 2.27332452756 2.91832901838 0.000127876784169 1.28161556735e-07
0.1 0.721548357424 5.08618162273 0.0223826110482 0.000133139871481
0.1 2.09658555913 2.95624492007 0.000178665731379 2.12086679795e-07
0.1 1.6071518375 3.02063420877 0.000541666503771 1.09272525741e-06
0.1 0.87285354786 3.56006885171 0.00808330621319 4.26908089689e-05
0.1 2.13817107583 2.94863087027 0.000164735431411 1.87656275446e-07
0.1 1.39328881588 3.05117963334 0.000992095312722 2.59237109837e-06
0.1 2.45889912442 2.85298323181 9.25113374826e-05 7.85405530435e-08
0.1 1.22465873496 3.09130111892 0.00172917028041 5.61606225867e-06
0.1 2.37973674192 2.88554896587 0.000105943080663 9.64456496827e-08
0.1 0.701911840038 5.24255070966 0.0266143956184 0.000156950987563
0.1 1.45115241938 3.04163643005 0.000834217368621 2.02682798105e-06
0.1 1.17103266614 3.11108488965 0.00210266000695 7.34397740353e-06
0.1 2.24768478948 2.9248742546 0.000133991624285 1.37502463226e-07
0.1 2.43582371741 2.86340193077 9.62072082028e-05 8.33491720923e-08
0.1 2.01656304896 2.96929862306 0.000209938331118 2.69982422415e-07
0.1 0.89774653041 3.45685947565 0.0070548249092 3.61066022189e-05
0.1 1.95804443952 2.97780029787 0.000237241463291 3.23673920869e-07
0.1 2.49678744873 2.83385045145 8.68725048241e-05 7.12887492422e-08
0.1 1.99851257817 2.97200218357 0.000217919378047 2.85389146819e-07
0.1 2.35900480541 2.89277065974 0.000109778249567 1.01853314309e-07
0.1 1.58655860271 3.02316055183 0.000571867912545 1.1809211862e-06
0.1 2.03915011668 2.96580029042 0.000200460222864 2.52008161634e-07
0.1 1.16723887559 3.11269181641 0.00213281789645 7.48833324612e-06
0.1 1.84865943924 2.99205600767 0.000301236585724 4.61072018018e-07
0.1 0.681872059589 5.3663660986 0.0323559720158 0.000186546534718
0.1 1.41353188011 3.04768280585 0.000932838651738 2.37501825956e-06
0.1 1.22971346182 3.08967932429 0.00169846521735 5.47947952052e-06
0.1 0.556027373306 5.76070241703 2.75497805981 0.000628132079766
0.1 1.6288488442 3.01801866967 0.00051195389354 1.0078799156e-06
0.1 2.25813722651 2.92225876761 0.000131447728668 1.33601581409e-07
0.1 0.673902947312 5.40759355398 0.0352046688841 0.000200089559351
0.1 0.774808535535 4.46626095342 0.0148837754992 8.7088254842e-05
0.1 0.728513820057 5.02088057033 0.0211225318457 0.00012572626807
0.1 2.28898303837 2.91410708512 0.000124289828655 1.22820210689e-07
0.1 1.2089256547 3.09659428045 0.00182936468473 6.06743844496e-06
0.1 1.9634103814 2.97705094082 0.000234559250699 3.1827802574e-07
0.1 2.39400104763 2.88029833833 0.000103326203979 9.2911288088e-08
0.1 1.4408763471 3.04323554566 0.000859786007844 2.1166551512e-06
0.1 2.4658088801 2.8496918928 9.14495754267e-05 7.71603006783e-08
0.1 1.88321748058 2.98773353421 0.000278973362857 4.11514497773e-07
0.1 2.28876813847 2.91416624964 0.000124338014656 1.22891752124e-07
0.1 2.06199217424 2.96212032332 0.000191414067119 2.35192132258e-07
0.1 1.03478946531 3.19830516255 0.00364581648612 1.54209867308e-05
0.1 1.46813507396 3.03907197351 0.000793975346648 1.8882231963e-06
0.1 1.64040194017 3.01664177856 0.000496976201956 9.65788126517e-07
0.1 1.16130241898 3.11527102291 0.00218112313013 7.72085943437e-06
0.1 2.15220084882 2.94590949346 0.000160337793128 1.8015464539e-07
0.1 2.41142520363 2.87354547006 0.000100281800845 8.8787690205e-08
0.1 1.66463159272 3.01378156223 0.000467294426622 8.83895051612e-07
0.1 1.18042198875 3.10723887853 0.00203049187084 7.00040618136e-06
0.1 1.58383902916 3.02349795096 0.000576017952134 1.19318578681e-06
0.1 1.33514727409 3.06243060656 0.00119084133378 3.34924727107e-06
0.1 0.516618868815 5.84566750436 3.07664973673 0.000971950692673
0.1 1.18917204073 3.10381351902 0.00196589623296 6.6970375465e-06
0.1 1.67751704701 3.01227171113 0.000452411151254 8.43615519279e-07
0.1 1.78879991447 2.99927200854 0.000345733997143 5.70485622689e-07
0.1 2.10795763427 2.95422620042 0.000174708533045 2.05062666596e-07
0.1 1.05661838854 3.17871623224 0.0033182805246 1.36051778854e-05
0.1 1.0641816486 3.17260277294 0.00321367906853 1.30350452715e-05
0.1 0.61726551749 5.61632702722 0.078925540584 0.000337467853571
0.1 1.4860814288 3.03645671237 0.000754074641853 1.75386495242e-06
0.1 0.923640979636 3.37766324121 0.00616104331883 3.04766147836e-05
0.1 0.802257434508 4.11850161465 0.0123646987766 7.07144869561e-05
0.1 1.28299898369 3.07453115186 0.00141318779069 4.25057771972e-06
0.1 2.38533391279 2.88351695023 0.000104884685185 9.50412591791e-08
0.1 1.07216703986 3.16647842958 0.00310769651813 1.24630691852e-05
0.1 1.3800573356 3.05357174633 0.00103339233279 2.74787583959e-06
0.1 1.4904285227 3.0358367783 0.000744795123798 1.72304933717e-06
0.1 1.10356536677 3.14526421372 0.00273237528555 1.04802212151e-05
0.1 1.09613464854 3.14991102562 0.00281573199945 1.09140755416e-05
0.1 0.824149785654 3.89056435595 0.0107604075354 6.02088671501e-05
0.1 0.535143953546 5.80496533074 3.02319490352 0.000788516633811
0.1 0.83630464203 3.78725740153 0.00999131854475 5.51323123807e-05
0.1 1.01531461275 3.21866687572 0.0039739949175 1.72832496628e-05
0.1 1.03190262877 3.20113742878 0.00369219379074 1.56816838104e-05
0.1 2.45543194475 2.85460409481 9.3074633577e-05 7.9243274717e-08
0.1 1.93274819114 2.9812607294 0.000250416891116 3.50671305848e-07
0.1 0.534102203724 5.80719763247 3.0276834419 0.000797693020238
0.1 1.5076438628 3.03342903001 0.000709421845829 1.60715415937e-06
0.1 1.32788006487 3.06398710041 0.00121909958986 3.47203131752e-06
0.1 1.33607409749 3.06223478335 0.00118729724512 3.3354190862e-06
0.1 1.68742093522 3.01111578287 0.000441344150833 8.14094107855e-07
0.1 0.657325448686 5.48186386323 0.0426388604844 0.000232095062412
0.1 1.44315947705 3.04287705837 0.000854013169349 2.09628660569e-06
0.1 1.08844537233 3.15495195061 0.00290536267528 1.13852148344e-05
0.1 2.14779113056 2.94677360662 0.000161703997924 1.82474585824e-07
0.1 1.16146486847 3.11519939507 0.00217978282681 7.71438651011e-06
0.1 1.14740925455 3.12163029666 0.00229974400682 8.29650347449e-06
0.1 2.04912194597 2.9642119293 0.000196446613429 2.44505468429e-07
0.1 0.657455618433 5.48133314041 0.0425705576748 0.00023182142085
0.1 0.78716427673 4.30409569071 0.0136687206394 7.92418973166e-05
0.1 1.50286877882 3.03408959012 0.000719015306816 1.63834845586e-06
0.1 0.962592076586 3.29332150792 0.00507727352082 2.37882361089e-05
0.1 2.2437346988 2.92584454284 0.000134968822712 1.39011310709e-07
0.1 1.07493276393 3.16443419071 0.00307207477402 1.22718232851e-05
0.1 1.57209795782 3.02496574549 0.000594375173262 1.247900165e-06
0.1 1.53998244287 3.02908708827 0.000648489593404 1.41346493348e-06
0.1 0.936039261502 3.34708910183 0.00578571754232 2.81716573422e-05
0.1 1.77164861306 3.00129430505 0.000359917174528 6.04904143693e-07
0.1 1.10141714079 3.14658524469 0.0027561457404 1.0603550698e-05
0.1 2.03121565774 2.96704410364 0.000203727428942 2.58163785654e-07
0.1 2.10523582818 2.95471352325 0.000175645577863 2.06719365799e-07
0.1 0.935695854051 3.34788308654 0.00579570424302 2.82383734421e-05
0.1 1.31236040466 3.0674430543 0.00128232574695 3.71824575966e-06
0.1 1.85148855007 2.99170717707 0.000299320095245 4.56756075214e-07
0.1 1.57302480058 3.02484919177 0.000592899495059 1.2434743166e-06
0.1 1.76852389982 3.00166163101 0.000362585419595 6.11437850466e-07
0.1 1.33120117382 3.06327112817 0.00120608148794 3.4088753037e-06
0.1 1.66342572647 3.01392318291 0.000468718995648 8.87776769427e-07
0.1 1.66800574594 3.01338563018 0.000463337650192 8.73137076025e-07
0.1 0.722526503583 5.07733793259 0.0221989932682 0.000132068713211
0.1 2.32229570859 2.90449392616 0.000117093241166 1.12287233526e-07
0.1 1.90092380473 2.9854610373 0.000268311999641 3.88599944816e-07
0.1 1.51692511195 3.03216049868 0.000691229778442 1.5485125313e-06
0.1 2.13999059592 2.94828269497 0.000164156646458 1.86663357483e-07
0.1 1.16847993403 3.11216272494 0.00212289210123 7.44075126795e-06
0.1 1.67561050532 3.01249519885 0.000454574951858 8.49439592598e-07
0.1 2.24695737305 2.92505367134 0.000134170910485 1.37778870101e-07
0.1 1.44628196371 3.04238955715 0.000846197059682 2.06881429801e-06
0.1 0.994592325279 3.24406744413 0.00436639181944 1.95600970492e-05
0.1 0.877347360713 3.53896381208 0.00788351716898 4.13990292352e-05
0.1 0.849590987029 3.69164225239 0.00923371547065 5.0177540336e-05
0.1 0.917185890905 3.3952840755 0.00636931720225 3.17740037532e-05
0.1 0.683545404478 5.35718461786 0.0318046521809 0.000183839334193
0.1 1.93637272723 2.98077158726 0.000248473721227 3.46637764825e-07
0.1 0.875837329209 3.54591986965 0.00794990731586 4.18279654575e-05
0.1 1.62642550745 3.01830876456 0.000515168403616 1.0169730691e-06
0.1 1.61939616207 3.01915299605 0.000524650819165 1.04388444814e-06
0.1 0.537100481356 5.80078320015 3.01394458556 0.000771613010083
0.1 2.11774308645 2.95245227081 0.000171412424638 1.99230389191e-07
0.1 2.02735470127 2.96764363719 0.000205341402782 2.61220362139e-07
0.1 1.537214573 3.02945016344 0.000653438312002 1.42891738329e-06
0.1 1.89920143546 2.98568419231 0.000269326938285 3.90760801089e-07
0.1 1.10118034332 3.14673202452 0.00275878210549 1.06172483653e-05
0.1 2.14660110684 2.94700576257 0.000162075183638 1.83106550951e-07
0.1 0.904674522634 3.43330336463 0.00679983941501 3.44858578746e-05
0.1 1.97199530791 2.9758402035 0.000230346564878 3.0985559369e-07
0.1 2.11558337425 2.95284688307 0.000172138005211 2.00501139932e-07
0.1 2.13568022481 2.94910589603 0.000165531917545 1.89025407459e-07
0.1 2.22469223043 2.93038875672 0.000139809615054 1.46564465961e-07
0.1 1.92289796168 2.98257770804 0.000255794897067 3.61901062088e-07
0.1 1.31033939569 3.06790781489 0.00129086280739 3.75191005996e-06
0.1 2.43701145445 2.86288610452 9.60142317299e-05 8.30939393255e-08
0.1 0.793276962705 4.22668204172 0.0131185253204 7.56614744756e-05
0.1 1.54684923749 3.02819116901 0.000636414308832 1.37597627818e-06
0.1 1.0756485013 3.16391090271 0.003062941583 1.22228894363e-05
0.1 1.67343277526 3.01275003008 0.000457062610648 8.5614899421e-07
0.1 0.58182772514 5.70459927791 0.247418545017 0.000479669939623
0.1 2.36319610882 2.8913477151 0.000108978523679 1.00733227081e-07
0.1 0.50339338561 5.87677457571 3.0977513782 0.00113361336832
0.1 1.93100662291 2.98149481018 0.000251357352373 3.526280379e-07
0.1 0.93986693744 3.33842783725 0.00567590802246 2.74646260584e-05
0.1 1.49560520362 3.03510499283 0.00073391912041 1.68718705149e-06
0.1 1.23300841804 3.08864108517 0.00167882182877 5.39246837221e-06
0.1 2.07040408744 2.96072659584 0.000188211932035 2.29321828749e-07
0.1 1.80242061077 2.99765354943 0.000334926482168 5.44816076465e-07
0.1 0.675413889211 5.40008014831 0.0346339363956 0.00019743636935
0.1 1.40410742223 3.04928721373 0.000959872282415 2.47338920913e-06
0.1 1.43995855477 3.04338015666 0.000862120495327 2.12491103786e-06
0.1 2.23125270988 2.92884786653 0.000138118816342 1.43908820839e-07
0.1 1.61444183714 3.01975037019 0.000531452346895 1.0633403861e-06
0.1 0.986875616967 3.254703204 0.00452529208807 2.04964494177e-05
0.1 1.25871208351 3.08102610875 0.0015350622197 4.76544000366e-06
0.1 2.42949354672 2.8661154708 9.72439760224e-05 8.47240659974e-08
0.1 0.756490719731 4.70538800203 0.0169855053409 0.000100461022657
0.1 2.37347047859 2.88778125776 0.000107100528004 9.80454651727e-08
0.1 1.39283742832 3.05125977532 0.000993470730366 2.59748493573e-06
0.1 1.26589946732 3.07903839521 0.00149758754554 4.60559009878e-06
0.1 1.0343448127 3.1987373613 0.00365291067069 1.54608101771e-05
0.1 1.5484233376 3.02798704972 0.000633686190193 1.36754940708e-06
0.1 0.988511317289 3.25238992567 0.00449097777855 2.02936561404e-05
0.1 2.46191661058 2.85155608726 9.20457600341e-05 7.79345112879e-08
0.1 0.750487274842 4.77962718127 0.0177670924524 0.000105355799089
0.1 2.19793060807 2.93642652922 0.000146984954018 1.58018183545e-07
0.1 1.22744670133 3.09040176994 0.00171214840543 5.5402604484e-06
0.1 1.93193860763 2.98136960777 0.000250853522908 3.51579395304e-07
0.1 2.32718922961 2.90300381305 0.000116079752953 1.10828712018e-07
0.1 2.27877692151 2.91687942844 0.00012662151408 1.26271694421e-07
0.1 2.36923364362 2.88926589904 0.00010783881935 9.91439614012e-08
0.1 2.37291665351 2.88797644428 0.000107203721459 9.81882803333e-08
0.1 1.91859041944 2.98314910549 0.000258192229837 3.66938374364e-07
0.1 1.30408602562 3.06936462747 0.00131773771236 3.85877981585e-06
0.1 1.84293696814 2.99275940808 0.000305159117711 4.69951866111e-07
0.1 2.48624787644 2.83944944862 8.83968605527e-05 7.3229945019e-08
0.1 1.24857484705 3.08393063477 0.00158982612638 5.00211578187e-06
0.1 1.01959419984 3.21392733043 0.00389869539681 1.68524846314e-05
0.1 2.07091232217 2.96064169369 0.000188020621819 2.28972500436e-07
0.1 2.20365983443 2.93516623789 0.000145411528026 1.55478928571e-07
0.1 2.28133317596 2.9161919997 0.000126019564628 1.2539680514e-07
0.1 0.698473005017 5.26611230058 0.027480568765 0.000161590211704
0.1 2.15962072015 2.9444361366 0.00015807145308 1.7632759452e-07
0.1 1.46106765434 3.04012780213 0.000810419619197 1.94447941383e-06
0.1 1.69684761269 3.01001697439 0.000431143631757 7.87101055539e-07
0.1 2.19580079469 2.93689045271 0.000147575298008 1.58974757872e-07
0.1 0.539734983883 5.7951748173 2.99943704736 0.00074951515465
0.1 1.24191467867 3.08590806587 0.00162715928009 5.1650295455e-06
0.1 1.76958765354 3.0015364153 0.000361674150738 6.09204221707e-07
0.1 2.14513105005 2.94729132121 0.000162535190766 1.83890717054e-07
0.1 1.70834708467 3.00867877334 0.000419113313164 7.54942593764e-07
0.1 2.12989903961 2.95019780263 0.00016739921525 1.92247583544e-07
0.1 0.842322610462 3.74184951868 0.00963814356254 5.28200822293e-05
0.1 1.70514536558 3.00905121737 0.000422419839756 7.63609714581e-07
0.1 2.24254359757 2.92613520926 0.000135265238321 1.39470096285e-07
0.1 2.21470925673 2.93268707581 0.000142432092042 1.50717755473e-07
0.1 2.22401429844 2.93054659654 0.000139985794927 1.46842180457e-07
0.1 1.94791776293 2.97919941459 0.000242408994894 3.34142026501e-07
0.1 2.23713841198 2.92744328475 0.000136623480777 1.41574567715e-07
0.1 2.01123338429 2.97010482154 0.000212256179483 2.74431644545e-07
0.1 1.36710304133 3.05600364948 0.00107596409193 2.91065622705e-06
0.1 2.16929376265 2.94247914392 0.000155176486701 1.71479038825e-07
0.1 2.31319587868 2.90721021741 0.000119006799217 1.15058015308e-07
0.1 1.03407566239 3.19899966949 0.00365721347591 1.54849737457e-05
0.1 1.79362634674 2.99869957624 0.000341838652865 5.61226156071e-07
0.1 0.857071224686 3.6448258667 0.00884105767819 4.76139404415e-05
0.1 0.719478936187 5.1045459932 0.022778639201 0.000135439524387
0.1 1.81557399621 2.99607915382 0.000324916686448 5.15493338121e-07
0.1 1.91921828891 2.98306604818 0.000257841043653 3.66199241179e-07
0.1 2.23713061904 2.92744515781 0.000136625447253 1.41577628722e-07
0.1 1.55018300742 3.02775937294 0.000630653845242 1.3582014111e-06
0.1 0.87034226356 3.57240835918 0.00819791308646 4.34324620329e-05
0.1 1.49504637119 3.03518365933 0.000735081281181 1.6910155328e-06
0.1 2.01942485372 2.96886252327 0.000208706828643 2.67626976935e-07
0.1 1.82977028174 2.99436487131 0.000314447237412 4.91192730501e-07
0.1 1.57732305199 3.02431055995 0.000586115960833 1.22319111862e-06
0.1 1.67236478856 3.01287506588 0.000458288902559 8.59461721047e-07
0.1 1.56522827984 3.02583391899 0.000605458106121 1.28129306299e-06
0.1 2.27963428334 2.91664950066 0.00012640780197 1.25977472774e-07
0.1 2.19961651938 2.93605749576 0.000146519745826 1.57265858801e-07
0.1 1.08338067614 3.15840891065 0.00296645763145 1.17084901323e-05
0.1 1.11106367447 3.14078201044 0.00265142775945 1.00643601507e-05
0.1 2.16107577813 2.9441444118 0.000157631714783 1.75588186812e-07
0.1 0.807372605739 4.06045169865 0.0119620030637 6.80802169214e-05
0.1 0.636882862157 5.55681590709 0.0562850626053 0.00028012511414
0.1 1.028472074 3.20458289012 0.00374830118288 1.59981915925e-05
0.1 0.532947726046 5.80967788257 3.03234860743 0.000808008291493
0.1 1.51206690493 3.03282250061 0.000700678263649 1.57888582169e-06
0.1 2.12193685379 2.95168095274 0.000170014393081 1.9678903592e-07
0.1 1.49466048168 3.0352380271 0.000735885057383 1.69366522154e-06
0.1 1.36076077534 3.05722837248 0.00109761329742 2.99103961596e-06
0.1 0.559281791837 5.75379462482 2.58692985908 0.000606720465905
0.1 2.28757825568 2.91449321048 0.000124605235843 1.23288742895e-07
0.1 0.928836953547 3.36435633194 0.0059999684403 2.95224895986e-05
0.1 2.35476303905 2.89419211002 0.00011059510648 1.03001158448e-07
0.1 2.14431307289 2.94744982989 0.000162791858827 1.84328723506e-07
0.1 0.75483894969 4.72610480201 0.0171955275548 0.000101781903014
0.1 2.03681950602 2.96616717131 0.000201413054907 2.53798924253e-07
0.1 2.40753164559 2.87508857155 0.000100952083686 8.96912477673e-08
0.1 0.505863209942 5.87078644769 3.09433615925 0.00110116321088
0.1 0.641886673595 5.53987101277 0.0523019003442 0.000267389526449
0.1 1.67256100568 3.01285209033 0.000458063287737 8.58851978377e-07
0.1 0.766440030579 4.57699464846 0.0157950410367 9.29281797992e-05
0.1 1.31961999809 3.0658034403 0.00125226165629 3.6004815506e-06
0.1 1.60421300423 3.02099191814 0.000545874489529 1.10483203396e-06
0.1 0.719808515102 5.10165258255 0.0227148816786 0.000135070207653
0.1 2.29612094821 2.91212195986 0.000122702402606 1.20471027278e-07
0.1 1.79395757167 2.99866026714 0.000341575110677 5.60597362269e-07
0.1 1.09439792634 3.15102929794 0.00283568115081 1.1018471238e-05
0.1 0.923750367917 3.37737535381 0.0061575940247 3.04555974532e-05
0.1 1.56362034594 3.02603762039 0.000608089668617 1.28926145901e-06
0.1 2.12148037627 2.95176522714 0.000170165869407 1.97053102258e-07
0.1 1.77260591477 3.00118178353 0.000359104836416 6.02919032733e-07
0.1 0.687323647837 5.33573757599 0.0306141752463 0.000177890017042
0.1 0.638638008967 5.55096308554 0.0548287745478 0.000275589871461
0.1 0.92588336033 3.37182883186 0.00609084089452 3.00528257161e-05
0.1 2.24247513211 2.9261518903 0.000135282301412 1.39496521707e-07
0.1 1.10996010283 3.14142901023 0.00266314621174 1.01245013346e-05
0.1 1.1402438872 3.12510177383 0.00236414268296 8.61346023059e-06
0.1 0.714345055406 5.14811325876 0.0238080842658 0.000141357079877
0.1 1.28375510074 3.0743387053 0.00140959664252 4.2356772507e-06
0.1 1.62889203492 3.01801350359 0.000511896832306 1.0077186952e-06
0.1 2.44980268627 2.85719263647 9.39665301355e-05 8.03988837415e-08
0.1 2.22202971122 2.93100714813 0.00014050313357 1.47658755774e-07
0.1 2.13316794617 2.949582177 0.000166340149233 1.90417959933e-07
0.1 1.58653937118 3.0231629345 0.000571897127292 1.18100738919e-06
0.1 1.31580017473 3.06666097419 0.00126797778716 3.6618702825e-06
0.1 0.537378953798 5.8001898741 3.01253072362 0.000769241641093
0.1 1.03494613595 3.1981532204 0.00364329094072 1.5406983681e-05
0.1 0.669015519463 5.43098960508 0.0371603708254 0.000208950641105
0.1 1.09016166505 3.1538054529 0.00288502524751 1.1278032597e-05
0.1 1.95849347614 2.97773780361 0.000237015538825 3.23218426636e-07
0.1 0.625135736458 5.59363953382 0.0681288842606 0.00031295646732
0.1 2.15427216227 2.94550046766 0.000159701056996 1.79076708384e-07
0.1 2.30426635327 2.90980819692 0.000120922014797 1.17853184833e-07
0.1 1.82106572371 2.99541796264 0.000320846145738 5.0591250633e-07
0.1 1.26537803586 3.07918066686 0.00150026023997 4.61697032425e-06
0.1 1.16077772732 3.11550278935 0.00218545932319 7.7418089676e-06
0.1 0.571491088339 5.72753391091 0.606116415714 0.00053360848207
0.1 2.16021739551 2.94431662251 0.000157890945501 1.7602395e-07
0.1 1.73321868645 3.00578582635 0.000394452276576 6.91338242398e-07
0.1 1.19896727742 3.1001486187 0.0018966139151 6.37561945323e-06
0.1 2.00771616481 2.97063327438 0.000213803382413 2.77413106321e-07
0.1 0.875225601769 3.54877647596 0.00797701495368 4.20031996926e-05
0.1 0.766523246495 4.57590081858 0.0157855942884 9.28678705775e-05
0.1 0.96860135128 3.28295671153 0.00493298106222 2.29166664337e-05
0.1 1.47087871193 3.03866595291 0.000787703880754 1.86690899007e-06
0.1 2.12413116189 2.95127473872 0.000169288593395 1.95525297774e-07
0.1 2.40588830297 2.87573344769 0.000101236694572 9.00756574553e-08
0.1 1.89390704434 2.98636692496 0.000272480098874 3.97493496936e-07
0.1 1.93961771167 2.98033222323 0.000246750055558 3.43070499581e-07
0.1 1.59428739245 3.02220713511 0.000560333220956 1.14687395093e-06
0.1 2.3111904706 2.90779970462 0.00011943364721 1.15679089493e-07
0.1 0.78775866991 4.29645734759 0.0136138312505 7.88852001973e-05
0.1 0.71577155799 5.13628797072 0.0235150441531 0.000139685444371
0.1 1.26335627069 3.07973512995 0.00151068051683 4.66141356516e-06
0.1 1.62219150559 3.01881676824 0.000520862888055 1.03308640261e-06
0.1 2.43041987737 2.86572237625 9.70913836354e-05 8.45213223631e-08
0.1 1.69790019158 3.00989441558 0.000430024478638 7.84151939529e-07
0.1 0.700271838684 5.25391762129 0.0270219533387 0.000159150781602
0.1 1.76783575927 3.00174239952 0.000363176559375 6.1288794538e-07
0.1 2.08116186578 2.95891212519 0.000184213958217 2.22054654617e-07
0.1 1.24080737219 3.08624217766 0.0016334619887 5.19270214428e-06
0.1 1.55074878267 3.02768628182 0.000629682754368 1.35521191691e-06
0.1 0.737596461315 4.92751885201 0.0196315535076 0.000116829383508
0.1 1.48659198886 3.0363836403 0.000752976896735 1.75021198885e-06
0.1 0.850663856217 3.68463608096 0.0091759735907 4.97992675503e-05
0.1 2.28284223137 2.91578413988 0.000125675969191 1.24883619954e-07
0.1 1.75734019318 3.00297170178 0.000372329367855 6.35516110725e-07
0.1 2.12303348021 2.95147817041 0.000169651181373 1.96156305501e-07
0.1 1.75023301879 3.00380224801 0.000378686776446 6.51397557441e-07
0.1 2.12510044411 2.95109471318 0.000168969225557 1.94970033322e-07
0.1 1.13907864033 3.12567936898 0.0023748318847 8.66638971893e-06
0.1 0.636619349408 5.5576860395 0.0565096346104 0.000280816189258
0.1 2.27950021041 2.91668549145 0.000126438505038 1.26023430261e-07
0.1 2.20767795916 2.93427249169 0.000144320595078 1.53727080909e-07
0.1 1.25371308729 3.08244336811 0.00156176403123 4.88048092993e-06
0.1 1.05892672308 3.17681583901 0.00328589777772 1.34281443611e-05
0.1 2.44115307427 2.86107095 9.53451252682e-05 8.22106328288e-08
0.1 1.95133949496 2.97872856713 0.000240647275991 3.30562567288e-07
0.1 2.45303083289 2.85571450382 9.34502441764e-05 7.97339533277e-08
0.1 1.36701304036 3.05602044114 0.00107626753618 2.91175811564e-06
0.1 1.56168539609 3.02628377725 0.000611275537552 1.29892847817e-06
0.1 2.11297917711 2.95332010384 0.000173018042134 2.02045754381e-07
0.1 2.14133462843 2.94802450476 0.000163730748375 1.85933796578e-07
0.1 1.37568237221 3.05438306451 0.00104747012686 2.80248958875e-06
0.1 1.01935400477 3.21418916213 0.0039028713561 1.68763271871e-05
0.1 2.04849486241 2.96431261577 0.000196696027711 2.44969778777e-07
0.1 1.73787893575 3.00524318324 0.000390048885693 6.80121699075e-07
0.1 1.21895037467 3.09317787399 0.001764698211 5.77501885207e-06
0.1 1.8074316589 2.99705521815 0.000331072006352 5.35725538271e-07
0.1 1.96890762438 2.97627704521 0.000231850708679 3.12855452793e-07
0.1 1.03328714329 3.19977118167 0.00366985696457 1.55560186496e-05
0.1 1.42515839197 3.04575532172 0.000900844103243 2.26369287452e-06
0.1 1.39496122666 3.05088348746 0.000987010212406 2.57353187759e-06
0.1 1.71904688032 3.007434182 0.000408289897231 7.26786979214e-07
0.1 1.15835270469 3.11658231586 0.00220564369617 7.8394879396e-06
0.1 1.98434446007 2.97407197944 0.000224451647035 2.98178483178e-07
0.1 1.45834015141 3.04053964329 0.000816880000994 1.96672499949e-06
0.1 1.61433051828 3.01976382417 0.000531606465778 1.06378226937e-06
0.1 1.7515571605 3.00364762943 0.000377492002525 6.48403726097e-07
0.1 1.1176456744 3.13701029096 0.00258288434465 9.71427498472e-06
0.1 0.847324671694 3.70677645436 0.00935730927804 5.09843930516e-05
0.1 1.69973004763 3.00968139282 0.000428087613053 7.78529905347e-07
0.1 1.33553089087 3.06234948164 0.00118937279764 3.34351564165e-06
0.1 1.7303545692 3.00611917821 0.00039719266381 6.98338207007e-07
0.1 2.00366830223 2.9712377917 0.000215601544993 2.80889686376e-07
0.1 0.710409244348 5.17965146926 0.024645705146 0.000146091133336
0.1 2.09489005797 2.95654203687 0.000179265303024 2.13157193286e-07
0.1 0.679978503878 5.3765292562 0.0329983517479 0.000189665674823
0.1 1.33069440282 3.06337987444 0.00120805651646 3.42960031566e-06
0.1 0.729876120672 5.00747106285 0.0208884521322 0.00012433308313
0.1 1.53951210496 3.02914839801 0.000649327185953 1.41607671331e-06
0.1 2.49150823617 2.83668327003 8.76318981215e-05 7.22540031291e-08
0.1 0.955856263293 3.30566215015 0.0052457462678 2.48120896952e-05
0.1 1.59288707488 3.02237895036 0.000562355442694 1.15295544377e-06
0.1 1.38654028357 3.05238828099 0.00101289699038 2.67016777564e-06
0.1 2.42475373264 2.86810889736 9.80295040663e-05 8.5769862609e-08
0.1 1.61368774666 3.01984178536 0.00053249748819 1.06633786805e-06
0.1 2.27544497702 2.91776784247 0.000127386531252 1.27422710601e-07
0.1 1.69657284739 3.01004897006 0.000431436381107 7.87873010128e-07
0.1 0.563829734496 5.74408880572 2.00140517118 0.000578221898573
0.1 1.70598873905 3.00895310229 0.000421545674861 7.61315667003e-07
0.1 2.11042908498 2.95378139288 0.000173885265886 2.03571457594e-07
0.1 0.501186843134 5.88220537846 3.10065417247 0.00116355205437
0.1 1.5683039434 3.02544438924 0.000600464234617 1.2662131672e-06
0.1 1.6563051733 3.01476085013 0.000477229068357 9.11102271152e-07
0.1 1.25226358926 3.08285982219 0.00156961632089 4.91444269759e-06
0.1 2.4677072736 2.84877330804 9.11605394826e-05 7.67857385614e-08
0.1 1.68773808577 3.01107879671 0.000440996304359 8.13168690682e-07
0.1 2.09620853003 2.95631107531 0.000178798840862 2.12324200587e-07
0.1 0.709368808668 5.18772711589 0.024874348748 0.000147373168701
0.1 0.747390151342 4.81669028764 0.0181907599676 0.000107983692741
0.1 2.34222878602 2.89828717654 0.000113047132327 1.06479067646e-07
0.1 1.52643946583 3.03087894089 0.000673161412057 1.49101099116e-06
0.1 1.33655556369 3.06213329325 0.00118546142529 3.32826185682e-06
0.1 0.63942151876 5.54831965119 0.0541999667312 0.00027358568765
0.1 1.66010102776 3.01431399444 0.00047267574156 8.98581180091e-07
0.1 1.42024691056 3.04656246068 0.000914189643574 2.30773407406e-06
0.1 1.41087064682 3.04813196209 0.000940374663098 2.40231991051e-06
0.1 0.897411928712 3.45804706407 0.00706746026466 3.61871304749e-05
0.1 0.978376681836 3.26726964837 0.00470925955198 2.15775833336e-05
0.1 1.14677854678 3.1219304345 0.0023053219602 8.32382187404e-06
0.1 1.74579235165 3.00432048228 0.000382738683075 6.61556419464e-07
0.1 1.01561676574 3.21832700424 0.00396861772847 1.72524178191e-05
0.1 1.92681237282 2.98205614682 0.000253640531951 3.57390843662e-07
0.1 1.0894238641 3.15429789841 0.00289374550081 1.13239634841e-05
0.1 1.36243736053 3.05690220103 0.00109183742801 2.96936748477e-06
0.1 2.36479541428 2.89079996278 0.000108675291975 1.00309477366e-07
0.1 2.23972818819 2.92681877851 0.000135969143444 1.40561626609e-07
0.1 2.16537672487 2.94327677222 0.000156340772261 1.73423539718e-07
0.1 0.875917663477 3.54554639881 0.0079463565819 4.18050162238e-05
0.1 1.19700256837 3.10086993824 0.00191025089348 6.43859957731e-06
0.1 1.78827130416 2.99933458128 0.00034615969501 5.7151087362e-07
0.1 2.23719617901 2.92742939906 0.000136608904894 1.41551879692e-07
0.1 2.08237469967 2.9587052421 0.000183769926837 2.21251849563e-07
0.1 1.68520511286 3.0113737364 0.000443713260089 8.20593810627e-07
0.1 0.746657834905 4.82531975932 0.018293076089 0.000108616755245
0.1 1.151290591 3.1198062223 0.00226579383893 8.13211081544e-06
0.1 0.890560191753 3.48345283274 0.00733293114076 3.7883381225e-05
0.1 1.67870858301 3.01213242155 0.00045106788092 8.39999065107e-07
0.1 1.81190875589 2.9965191342 0.000327669523607 5.2775948802e-07
0.1 0.652109191184 5.50251945935 0.0455364804271 0.000243376705269
0.1 0.900672483374 3.44667146495 0.00694564038385 3.54113484673e-05
0.1 1.41150880325 3.04802397542 0.0009385636605 2.39573949699e-06
0.1 1.68991288875 3.01082524521 0.000438620332263 8.06855531938e-07
0.1 1.637298688 3.01701067659 0.000500943267333 9.76893179556e-07
0.1 1.65590146902 3.01480841832 0.000477717853984 9.12445710424e-07
0.1 2.05353673003 2.96350021678 0.000194701859002 2.41264622388e-07
0.1 0.61395296499 5.6254612812 0.0844739265095 0.000348448409386
0.1 0.989090859049 3.25157690532 0.00447890738385 2.02223706292e-05
0.1 1.11819630969 3.13670134961 0.00257725310977 9.68564494818e-06
0.1 0.734597825133 4.95936805148 0.0201061512348 0.000119701857947
0.1 1.49063486025 3.03580747713 0.000744358321282 1.7216027005e-06
0.1 0.673254433883 5.41077629887 0.0354537639265 0.0002012410352
0.1 2.10495858593 2.95476301327 0.000175741377809 2.06888971063e-07
0.1 1.53795625847 3.02935264028 0.000652107596995 1.42475715346e-06
0.1 2.28353546084 2.91559621792 0.000125518523549 1.24648688066e-07
0.1 1.91003944969 2.98427403409 0.000263046373303 3.77398235383e-07
0.1 1.46834799082 3.0390403932 0.000793486441642 1.88655878015e-06
0.1 0.979152217519 3.26608333118 0.00469208409784 2.1475323249e-05
0.1 2.25457076649 2.92315914724 0.000132309056141 1.34917853214e-07
0.1 0.873516595929 3.55687742087 0.00805343777087 4.24972966798e-05
0.1 2.44347896526 2.86003945122 9.4971933553e-05 8.17190952891e-08
0.1 1.6221184283 3.01882554946 0.000520961457536 1.03336706199e-06
0.1 0.905470989622 3.43071385711 0.00677130710298 3.43051105344e-05
0.1 0.923093697068 3.37910898389 0.00617833873843 3.05883563745e-05
0.1 1.98557703773 2.97389369394 0.000223873701366 2.970405288e-07
0.1 2.13742429214 2.9487734564 0.000164973721453 1.88065555351e-07
0.1 2.26257137453 2.92112760353 0.000130386023996 1.31985940924e-07
0.1 1.4972905334 3.03486822775 0.000730427592085 1.67570318976e-06
0.1 1.42244955899 3.04619912217 0.00090817416521 2.29030910093e-06
0.1 1.84777801399 2.99216482469 0.000301836863499 4.62426621925e-07
0.1 0.639473782485 5.54814261827 0.0541584745703 0.000273452602928
0.1 1.36576372755 3.05625983788 0.00108049079161 2.92720964745e-06
0.1 1.41217114813 3.04791208317 0.000936688573894 2.38893211644e-06
0.1 2.49695881838 2.83375752375 8.68479922983e-05 7.12576514324e-08
0.1 1.99130987403 2.97306016467 0.000221209998503 2.91811826335e-07
0.1 0.51668224197 5.84552349708 3.07652785784 0.000971243362313
0.1 2.18833111609 2.93850030366 0.000149669335257 1.62384911145e-07
0.1 2.14834659398 2.94666519102 0.000161531105373 1.82180467346e-07
0.1 0.811937656613 4.01104501616 0.0116167327578 6.5825476196e-05
0.1 2.30524991667 2.90952522973 0.000120709203575 1.17541521548e-07
0.1 2.27596093871 2.91763058703 0.000127267674395 1.27243678384e-07
0.1 2.30265863189 2.91026905563 0.000121270874169 1.18364670071e-07
0.1 0.917885508655 3.39331363783 0.00634631624928 3.16302958038e-05
0.1 1.17116403736 3.11102974887 0.00210162546066 7.33903677759e-06
0.1 1.06464875791 3.17223560017 0.00320735867146 1.30007564063e-05
0.1 1.5787984255 3.02412614764 0.000583810049056 1.21631954638e-06
0.1 2.43116493028 2.86540508919 9.69688716148e-05 8.43586414777e-08
0.1 2.16413540735 2.94352809025 0.000156712003401 1.74045093558e-07
0.1 1.87933627637 2.98822629084 0.000281379383059 4.16751134946e-07
0.1 1.15432165804 3.11840755812 0.00223972436203 8.00500874698e-06
0.1 1.48439019614 3.03669926813 0.000757725346319 1.76603024923e-06
0.1 0.687597746559 5.33414205177 0.030530516833 0.000177466870284
0.1 1.5183913201 3.03196195298 0.000688409719866 1.53948222159e-06
0.1 0.599241909219 5.66355673617 0.121692124421 0.000402528717357
0.1 2.44230492087 2.86056133716 9.51600801561e-05 8.19668058051e-08
0.1 1.32379432799 3.06487913311 0.00123534871624 3.53483649908e-06
0.1 1.06718865767 3.17025821823 0.00317326960897 1.28161406083e-05
0.1 1.33617533812 3.06221342907 0.00118691091857 3.33391260774e-06
0.1 0.512236932443 5.85572980606 3.08450984051 0.00102234977292
0.1 0.5093972665 5.86237150071 3.08909016521 0.00105662042144
0.1 1.76865854713 3.00164582488 0.000362469904257 6.11154587985e-07
0.1 0.972006739522 3.27733310261 0.00485345753333 2.2439415117e-05
0.1 0.72391124204 5.0646370223 0.0219428760359 0.000130569382011
0.1 2.38377785332 2.88408543288 0.000105167708878 9.54293898958e-08
0.1 1.03315873392 3.19989725223 0.00367192128213 1.55676241734e-05
0.1 1.6243578916 3.018556654 0.000517931239 1.02480563578e-06
0.1 1.56661626605 3.02565797364 0.000603198025876 1.27446158439e-06
0.1 2.46745502215 2.84889578247 9.11988797103e-05 7.68353945658e-08
0.1 1.54705582402 3.02816435562 0.000636055426665 1.37486682506e-06
0.1 0.672326593152 5.41528808522 0.035817445214 0.000202890351581
0.1 2.4641600443 2.85048483638 9.17015438122e-05 7.74872411071e-08
0.1 0.806553016784 4.06956460542 0.0120252957454 6.84944948697e-05
0.1 0.782384394078 4.36620146675 0.0141216125383 8.21804831712e-05
0.1 0.521703188683 5.83423829824 3.06595834764 0.00091702560584
0.1 2.33996450197 2.89901069015 0.000113499220067 1.07121385365e-07
0.1 2.48774374544 2.83866848021 8.81784837009e-05 7.29509707895e-08
0.1 0.519058642861 5.84015195053 3.07176250865 0.000945147956363
