0.5 2.33374716299 2.15969435182 0.0129090410467 0.000315562543882
0.5 1.67708382728 2.53385993677 0.0471640149959 0.0020147517295
0.5 1.03009550234 3.06334130804 0.320786804215 0.0249930752898
0.5 2.06641075908 2.33899946219 0.0208297272751 0.000630224763118
0.5 2.33600212508 2.15790063209 0.0128600151769 0.00031382319948
0.5 2.15471002393 2.28619607863 0.0176726339953 0.000497347558575
0.5 1.95590296454 2.39872900486 0.0258412629756 0.00085870097917
0.5 1.02096084868 3.07837021203 0.332514074341 0.0260774579
0.5 2.32352679878 2.16775625346 0.0131341007278 0.000323587018293
0.5 1.0215131111 3.07745052701 0.331789479456 0.0260104161178
0.5 2.03275204638 2.3578447288 0.022216485332 0.000691401438754
0.5 1.02306227226 3.07487850509 0.329767733914 0.025823387837
0.5 0.744582737033 3.73567339704 1.1719991555 0.105688069463
0.5 1.27201107242 2.77777509999 0.138920044627 0.0087683142
0.5 2.1801624882 2.26993886909 0.0168753529306 0.000465226502629
0.5 1.05635872035 3.02224890653 0.289915772582 0.0221475393886
0.5 0.639827386383 4.06703477727 1.7998936076 0.192892800074
0.5 1.76621929303 2.49147580475 0.0385235672574 0.00151532870543
0.5 1.66953205884 2.53748891293 0.0480026259064 0.00206514414501
0.5 1.66246387248 2.54089510132 0.0488046404209 0.00211364161238
0.5 1.85441079201 2.44930951284 0.0318383020368 0.00115649363619
0.5 1.87431019701 2.43962088779 0.0305354356756 0.00108973224394
0.5 1.37785474049 2.69816208727 0.101591033117 0.0057881331432
0.5 1.14185300714 2.90790552971 0.212594067314 0.0151300621553
0.5 1.64110443643 2.55125388067 0.0513324270208 0.00226831746105
0.5 1.45969724276 2.64690403394 0.0810908162995 0.00426592682936
0.5 2.2221486862 2.24197065627 0.0156556325877 0.000417364961194
0.5 2.16960947744 2.27674055351 0.0172003702552 0.000478248959377
0.5 0.711532212673 3.83713908658 1.36313690088 0.127082605906
0.5 0.620816071414 4.13025448303 1.91200066808 0.216498688744
0.5 1.69376438026 2.52587662286 0.0453754258547 0.00190837804629
0.5 2.08478993748 2.32843057631 0.0201180241039 0.000599467809619
0.5 0.952711471524 3.20368465008 0.440315536914 0.0360758179372
0.5 1.57040160163 2.5865328397 0.0609613289711 0.00288137045906
0.5 0.772132327031 3.65375331528 1.02672181124 0.0909288591383
0.5 1.24448890181 2.80179910157 0.151379248132 0.00980790781875
0.5 0.803953483821 3.56274301271 0.878598200328 0.0766847662895
0.5 1.35964370458 2.71063188318 0.107015461421 0.00620638505991
0.5 2.08541244422 2.32806897458 0.0200944537804 0.000598456851401
0.5 1.31391301956 2.74405968464 0.122346324523 0.0074173873627
0.5 0.855699874493 3.42460286434 0.683542263471 0.0585435023321
0.5 2.31850408972 2.17167686188 0.0132465408297 0.000327616937596
0.5 1.59066199703 2.57623356732 0.0579862462663 0.00268810927832
0.5 0.700993594455 3.87012827135 1.42672917607 0.134907376013
0.5 1.93744118559 2.408174701 0.026819701871 0.000905580679961
0.5 2.45685870006 2.05307149523 0.010540664715 0.000234991388252
0.5 1.11955140166 2.93512405827 0.229907078618 0.0166811795798
0.5 1.02025154698 3.0795530922 0.333447700962 0.0261638485854
0.5 1.82579922157 2.46310099628 0.03383575303 0.00126096848278
0.5 0.779439933188 3.63248757161 0.990772016061 0.0874129085808
0.5 0.66744342231 3.97698609571 1.6323561181 0.16373918829
0.5 1.55359455449 2.5952192951 0.0635759643011 0.00305383071202
0.5 1.7204705917 2.51316455333 0.0426850766906 0.00175122647365
0.5 2.23477823191 2.23326017168 0.0153104101807 0.000404125284105
0.5 0.797870041231 3.57981420313 0.905216066737 0.0792025273891
0.5 2.22812496534 2.23786678582 0.0154910725952 0.000411041722366
0.5 1.39982773963 2.68367848325 0.0954998361823 0.00532584341611
0.5 1.95369807135 2.39986393153 0.0259557592534 0.000864149886361
0.5 0.810191042044 3.54541180431 0.852139222569 0.0741958225214
0.5 1.33413466585 2.7288816484 0.115245522671 0.00685142275619
0.5 0.784758693764 3.61714237728 0.965324524553 0.0849494669383
0.5 1.17856456122 2.8665930405 0.187575164825 0.0129194268263
0.5 1.90560224719 2.4241839718 0.0286184343015 0.000993534017313
0.5 0.654119274468 4.02018737605 1.71372441132 0.177114389576
0.5 0.640911683187 4.06346169786 1.79340723228 0.191639867078
0.5 2.46393355476 2.04637486673 0.0104217149385 0.000231131441774
0.5 0.58312444981 4.25938667842 2.12442402507 0.274181604025
0.5 0.698609219344 3.8776312292 1.44122643475 0.136752967517
0.5 0.940965496453 3.22769912775 0.463205635504 0.0381982268588
0.5 1.8200443278 2.46585861578 0.0342562540387 0.00128321165919
0.5 2.49229644757 2.01886796175 0.00996141783445 0.000216474813716
0.5 2.43955627402 2.06917677736 0.0108387091492 0.000244727117349
0.5 1.85310728001 2.44994117365 0.0319260473278 0.00116102895195
0.5 2.49696145618 2.01424135895 0.00988815959064 0.000214160002234
0.5 0.742313846997 3.74253461267 1.18459633484 0.107019040168
0.5 1.37248541924 2.70179339013 0.103153484576 0.00590797969616
0.5 0.834588722016 3.47937019397 0.756571058782 0.0652919281295
0.5 1.59470100613 2.57420082824 0.0574150312745 0.00265138566431
0.5 2.04215103346 2.35264574537 0.021817926906 0.000673651857303
0.5 1.63285006876 2.55528719782 0.0523530823665 0.00233154650279
0.5 1.11323316241 2.94314890367 0.235139349301 0.0171527395567
0.5 2.45558976533 2.05426572875 0.0105621722585 0.000235690022181
0.5 2.27737930613 2.20278971012 0.014213834798 0.000362884687128
0.5 0.973331308016 3.16330957268 0.403523705254 0.032661851785
0.5 1.87117123239 2.4411549719 0.030736467764 0.00109996187688
0.5 0.664835345081 3.98540786319 1.64833870826 0.166262696798
0.5 2.23632637134 2.23218252526 0.0152687491033 0.000402515841759
0.5 1.18192559369 2.86301283862 0.185477649103 0.0127360174892
0.5 1.76313190087 2.49293935271 0.0387879736938 0.00153004450819
0.5 1.23875621038 2.80700968389 0.154151589214 0.0100416843134
0.5 2.12352753739 2.30544920313 0.0187146090528 0.000540157355092
0.5 1.27122965864 2.77843545388 0.139255288621 0.00879604315307
0.5 1.43838126404 2.65958723065 0.0858846597448 0.00461289267868
0.5 0.925613648276 3.26021496799 0.495462168443 0.0411860188409
0.5 0.924894643169 3.26176940059 0.497041802892 0.0413322259427
0.5 1.12462869044 2.92877775278 0.225810605369 0.0163128282459
0.5 1.57933248256 2.58197087515 0.0596268921151 0.00279427870357
0.5 2.15248687288 2.28759202495 0.0177444973163 0.000500269370052
0.5 1.81422924758 2.46864029361 0.0346878049829 0.00130620300146
0.5 1.36200648254 2.70898911567 0.106291332219 0.00615023121107
0.5 2.18581739454 2.26625751941 0.0167043446989 0.000458426699801
0.5 0.73097200886 3.77707084736 1.24884653916 0.113962631452
0.5 1.52259226396 2.61163673637 0.0687795318418 0.00340404442256
0.5 1.94694664018 2.40332744225 0.0263103112875 0.000881084488903
0.5 0.572406913092 4.29726176967 2.18259365326 0.29380461069
0.5 1.85650588764 2.44829352741 0.0316979018577 0.00114924689245
0.5 1.0591654584 3.01803731266 0.286847683801 0.0218656553325
0.5 0.87941812618 3.36585548792 0.611205699664 0.0518749005949
0.5 1.27459676445 2.77559869035 0.137817498824 0.0086772660486
0.5 1.58777375982 2.57769113949 0.058399059214 0.00271472860665
0.5 0.878833356878 3.36726784198 0.612874386788 0.0520287436048
0.5 1.65810212767 2.54300210447 0.0493079354953 0.0021442131721
0.5 1.04962654604 3.03249034795 0.297449519625 0.0228404963133
0.5 1.78705311412 2.48158874661 0.0367970547105 0.0014201820033
0.5 0.646547476781 4.04493894899 1.75955105778 0.185278159476
0.5 1.80118232054 2.47486612996 0.0356809868265 0.00135953581447
0.5 2.32053161394 2.1700974452 0.0132010082453 0.000325983233391
0.5 1.76316990978 2.49292133675 0.0387847048248 0.00152986234371
0.5 1.56760493901 2.58796926726 0.0613870833888 0.00290928046603
0.5 2.26778683027 2.20980173872 0.0144519406167 0.000371729875707
0.5 1.76423454962 2.49241661151 0.0386932826137 0.00152477000417
0.5 0.83003484141 3.49147900394 0.773472792697 0.0668589569851
0.5 1.02010391361 3.07979969614 0.333642453018 0.0261818702838
0.5 0.523241100976 4.48007083185 2.4423094562 0.408429363499
0.5 2.48981311161 2.02131896863 0.0100006923108 0.000217719208905
0.5 2.12576214018 2.3040926815 0.0186373975449 0.000536948002977
0.5 2.11837896697 2.30856151149 0.018893949406 0.000547636575012
0.5 2.28631659984 2.19617493713 0.0139963764088 0.000354861702644
0.5 0.953437861218 3.20222395416 0.438947979454 0.0359489669281
0.5 1.56641795484 2.58857984281 0.0615688399653 0.00292121998234
0.5 2.39186847576 2.11162072438 0.0117162112555 0.000274082139349
0.5 0.906567791331 3.30234882757 0.539542006841 0.0452620171041
0.5 2.22258368225 2.24167298803 0.0156435821334 0.000416897962138
0.5 2.28397148919 2.19791802224 0.0140530499556 0.00035694690047
0.5 1.64979346533 2.54702714201 0.0502847596881 0.0022038775001
0.5 0.513140168409 4.51988462658 2.49531744225 0.438151602752
0.5 2.0632338617 2.34080576011 0.0209559107777 0.000635724156061
0.5 2.081939046 2.33008382101 0.0202264105712 0.000604122995263
0.5 1.80546014683 2.47282696425 0.035351451764 0.00134177733517
0.5 1.51712041672 2.61459356834 0.0697528112642 0.00347053059652
0.5 2.4196520022 2.08723434345 0.0111945851756 0.00025648623073
0.5 1.54894298913 2.59764848411 0.0643243177913 0.00310364858549
0.5 1.12514878054 2.92813270876 0.225396300425 0.0162756183737
0.5 1.10093042884 2.95919178708 0.245775261478 0.0181150590973
0.5 2.315450783 2.17404711006 0.0133155149944 0.000330095066172
0.5 2.12969165417 2.3016990045 0.0185026545464 0.000531357739437
0.5 1.36643677439 2.70592851402 0.104950185087 0.00604649693633
0.5 1.80053452952 2.47517475413 0.0357312223817 0.0013622485135
0.5 1.95809810743 2.39759720225 0.0257278987504 0.000853315536518
0.5 1.43936101366 2.65899501112 0.0856566959956 0.0045962528436
0.5 1.82393356064 2.46399551223 0.0339713639257 0.00126815780811
0.5 1.92856217173 2.41267344558 0.0273067715612 0.000929175154322
0.5 1.50711105549 2.62005245996 0.0715784123313 0.00359598346684
0.5 0.563677485043 4.32856774616 2.22939638819 0.3110346118
0.5 0.621903247751 4.12660937469 1.90567744991 0.215060574846
0.5 0.804003941558 3.56260211306 0.878380786759 0.0766642617738
0.5 0.617096210602 4.14275794149 1.93355200881 0.221505743415
0.5 1.97020803738 2.39131865195 0.0251135416317 0.000824297467829
0.5 0.666756538292 3.97920277911 1.63656753201 0.164399477688
0.5 0.867900446224 3.3940081581 0.645118756227 0.0550007648689
0.5 0.566721678907 4.31760154973 2.21312805504 0.304892494338
0.5 1.51364738002 2.61648061151 0.0703795512448 0.00351350202857
0.5 1.40194141631 2.68231570335 0.0949385158509 0.00528363543116
0.5 1.89373911839 2.43006776121 0.0293269955849 0.00102880272465
0.5 1.75889491735 2.49494744611 0.0391545343569 0.00155046132147
0.5 1.57877688365 2.58225363144 0.0597088378856 0.00279960778967
0.5 2.17762546284 2.27158211499 0.0169527830235 0.000468315179979
0.5 2.01503680686 2.36751756648 0.0229926606992 0.000726340735194
0.5 0.837079078415 3.47279194068 0.74750491385 0.0644523535517
0.5 2.04970624987 2.34843165472 0.0215040326473 0.000659765222594
0.5 1.20175489154 2.84252568734 0.173694965495 0.0117121810788
0.5 2.24960600601 2.22284858681 0.0149171287968 0.000389184684882
0.5 2.04540236613 2.35083613285 0.021682154181 0.000667634847251
0.5 2.19188776138 2.26227671203 0.0165231696988 0.000451255249527
0.5 1.87500517618 2.4392808738 0.030491148611 0.00108748222484
0.5 1.70750135401 2.51932926508 0.0439658508656 0.00182560408827
0.5 1.52533775519 2.61016022431 0.0682976199956 0.00337123584058
0.5 0.780596469622 3.62914125095 0.985186725275 0.0868705222895
0.5 2.34787968935 2.14835801778 0.0126055844513 0.000304842232541
0.5 2.24931855646 2.22305235641 0.0149246324225 0.000389468087728
0.5 0.949588315749 3.20999733721 0.446258009876 0.0366270311407
0.5 2.33080339244 2.16202847164 0.0129733941911 0.000317849989151
0.5 0.667361802884 3.9772493889 1.63285659247 0.163817487155
0.5 1.01133440111 3.09463460058 0.345479382826 0.0272778259284
0.5 0.718886035932 3.81429298667 1.31936950637 0.121927952117
0.5 1.14812811086 2.90054658886 0.208026744401 0.014723522795
0.5 2.11975865367 2.30772928815 0.0188456827673 0.000545620650727
0.5 0.504531268579 4.55453888012 2.54071076776 0.465501163889
0.5 0.964987087192 3.17937764946 0.417917915731 0.0339977977239
0.5 0.589227343221 4.2380738263 2.09090104339 0.263705494405
0.5 1.22008450639 2.82451160471 0.163641628885 0.0108481722812
0.5 1.44752105977 2.65409735135 0.083786709212 0.00446031028444
0.5 1.90433562845 2.42481415931 0.0286930600906 0.000997232352854
0.5 2.06840698194 2.33786136716 0.0207509234023 0.000626797313839
0.5 1.58319932778 2.58000712839 0.0590604571863 0.00275751029078
0.5 0.503059131066 4.56053488437 2.54850169163 0.470374786521
0.5 1.0634368594 3.01169187438 0.282258520407 0.0214443772693
0.5 2.33820166902 2.15614496016 0.0128124179124 0.000312137263822
0.5 1.44608827733 2.65495276394 0.084111318562 0.00448384617915
0.5 1.56267416577 2.59050951726 0.0621462864841 0.00295924768599
0.5 0.796010488585 3.58506416086 0.913513409198 0.0799904706085
0.5 1.42708217599 2.66648673074 0.0885708482707 0.0048098594093
0.5 0.928071247293 3.25492294727 0.490110566238 0.0406905977778
0.5 0.654024844853 4.02049514038 1.7142982109 0.17721359837
0.5 0.969088277678 3.17143459549 0.410762090694 0.0333336489864
0.5 1.40676608996 2.67922434439 0.0936727688181 0.00518863651436
0.5 1.71519971672 2.51566834571 0.0431999231134 0.00178102587822
0.5 0.770008363858 3.65997075949 1.0373823411 0.0919803100238
0.5 1.1596692183 2.88733902753 0.199950353389 0.0140076883854
0.5 0.69995955745 3.87338027762 1.43301335462 0.135704228433
0.5 0.82999750235 3.49157871136 0.773613117396 0.0668719781055
0.5 2.22698802875 2.23864994848 0.0155222099724 0.000412241282745
0.5 1.41282540716 2.67537850682 0.0921131569728 0.00507225574502
0.5 2.04276345624 2.35230533286 0.0217922735142 0.000672513715518
0.5 1.57326461076 2.58506632222 0.0605295540598 0.0028531161889
0.5 1.74706636103 2.50055242698 0.0402010443756 0.00160926015486
0.5 0.689019800365 3.90794962812 1.49983694889 0.144472080664
0.5 1.53276356266 2.60618958522 0.067015272656 0.00328430811523
0.5 1.73540982771 2.50607701082 0.0412669483492 0.00166976845519
0.5 0.774179886571 3.64777372602 1.016534592 0.0899279077258
0.5 1.17877303519 2.86636999575 0.18744418195 0.0129079638025
0.5 2.47370927041 2.03701411321 0.0102601307002 0.000226005204188
0.5 1.53874178906 2.60301692628 0.0660048636844 0.00321618294862
0.5 2.21542133883 2.24655306533 0.0158434828037 0.000424649969655
0.5 0.797175720455 3.58177257477 0.908305257002 0.0794957223688
0.5 2.2319816608 2.23520128901 0.0153860266738 0.000407014190794
0.5 1.44776969446 2.65394910287 0.0837305397891 0.00445624045748
0.5 0.588382892846 4.24101247281 2.09555819672 0.265126276635
0.5 0.656569261049 4.01221006523 1.69882375052 0.174562824559
0.5 0.57463933101 4.28932369399 2.1705457601 0.289582664109
0.5 1.50718289431 2.62001304194 0.0715650971008 0.00359506420681
0.5 1.76450294159 2.49228938665 0.0386702778981 0.00152348932677
0.5 0.599104752643 4.20393510175 2.03596639064 0.247740537383
0.5 2.19995992426 2.25693608448 0.0162859856208 0.000441919117455
0.5 2.19061831503 2.2631116761 0.0165608539904 0.000452744142186
0.5 1.64217808992 2.55073059143 0.0512015098801 0.00226023890407
0.5 0.937712701153 3.23448131025 0.469811742945 0.0388105042306
0.5 2.39999488513 2.10458510266 0.0115605967863 0.000268773382442
0.5 1.80753590925 2.47183674621 0.0351929862974 0.00133325662672
0.5 1.28302019751 2.76859969528 0.134302509872 0.00838804076743
0.5 1.80700761084 2.47208881025 0.0352332494121 0.00133541928822
0.5 1.25556435944 2.791937781 0.146200883423 0.00937354042505
0.5 2.10293107709 2.31779147313 0.0194450327935 0.000570806510199
0.5 2.15575985407 2.28553488024 0.0176388036607 0.000495974665822
0.5 1.71335360336 2.51654579145 0.0433820828444 0.00179160073674
0.5 0.988730344836 3.13460444283 0.378593432281 0.0303482173098
0.5 2.1827891312 2.26823213438 0.0167956514293 0.00046205361288
0.5 0.510824797657 4.52913816694 2.50750121818 0.445318160327
0.5 1.63408378556 2.55468317833 0.0521989259496 0.0023219686542
0.5 1.74174687202 2.50307324086 0.0406830761625 0.00163655892984
0.5 1.44640347825 2.65476441631 0.0840397711724 0.00447865628777
0.5 1.51799438145 2.61412002642 0.0695962026281 0.00345981221231
0.5 1.23879363373 2.80697542365 0.154133283454 0.0100401378083
0.5 1.699814579 2.52299034369 0.0447477372198 0.00187140089088
0.5 1.01350563726 3.09092738804 0.34249880135 0.0270017547291
0.5 1.09691843876 2.96454568786 0.249377386084 0.0184418779244
0.5 1.00572023299 3.1043265456 0.353343798541 0.0280064795132
0.5 2.21470325521 2.24703984392 0.0158636989995 0.000425435232475
0.5 1.37606856023 2.69936619571 0.102107463539 0.00582769590843
0.5 1.5986526693 2.57221817456 0.0568630145371 0.00261601283185
0.5 1.64226735204 2.55068709922 0.0511906444726 0.00225956875342
0.5 2.37111443008 2.1292328 0.0121257243065 0.000288131644758
0.5 1.89235316985 2.43075254083 0.0294111978997 0.00103301657707
0.5 2.13894530009 2.29601795503 0.0181901114287 0.000518457020156
0.5 1.60220206925 2.5704423628 0.0563728539336 0.00258465280904
0.5 0.728833686307 3.783626393 1.26118065365 0.115327964457
0.5 0.992461062223 3.12783265174 0.372854552956 0.029815752383
0.5 1.41851287472 2.67180533493 0.0906789497618 0.00496566755684
0.5 0.749473644472 3.72093803656 1.14514742866 0.102881896507
0.5 1.9064746451 2.42374962937 0.0285671758507 0.000990995950294
0.5 1.57736191524 2.58297434844 0.059918171956 0.00281323237675
0.5 2.35286072779 2.14430966588 0.0125007596797 0.000301164369273
0.5 0.873401598171 3.38047214638 0.628642797421 0.0534822073724
0.5 2.00956334568 2.37047405927 0.0232393002311 0.000737547243921
0.5 1.84711862004 2.4528387169 0.0323330747429 0.00118217244632
0.5 1.06657986799 3.00707226871 0.278942084247 0.0211402754259
0.5 2.1229298039 2.30581147526 0.0187353218688 0.000541019581134
0.5 1.30704645323 2.74936766918 0.124883229193 0.00762155357091
0.5 2.37619785583 2.12496574659 0.0120238027811 0.000284616033997
0.5 2.25016867601 2.22244949312 0.0149024543811 0.000388630611955
0.5 1.9061663233 2.42390316277 0.028585278442 0.000991892095075
0.5 2.24883426454 2.22339549074 0.0149372850939 0.000389946089888
0.5 1.16308688343 2.88350759647 0.197636191738 0.0138033311664
0.5 0.547275908454 4.38863629019 2.31626931987 0.346785354748
0.5 2.29319927405 2.19102578801 0.0138316838651 0.000348823805183
0.5 1.7844785056 2.48281195662 0.0370050981097 0.00143155920917
0.5 1.04025628185 3.04707747839 0.308361789317 0.0238460026571
0.5 0.968731225278 3.17212261546 0.411378794389 0.0333908837297
0.5 1.8665770494 2.44339646823 0.0310336874343 0.00111513428722
0.5 0.661446337097 3.99637562096 1.66907149369 0.16960919128
0.5 2.22968158403 2.23679256571 0.0154485673637 0.000409394401871
0.5 2.07854650063 2.33204393681 0.0203563404682 0.000609717210777
0.5 1.24006203139 2.80581613771 0.153514478888 0.00998788150706
0.5 1.39651187681 2.68582682678 0.0963889331467 0.00539283687349
0.5 0.857030124126 3.42122891154 0.679222931453 0.0581451174366
0.5 2.48372296765 2.0272953847 0.0100978498071 0.000220806628231
0.5 0.658430554548 4.00615996977 1.68748242577 0.172652801361
0.5 2.30157635869 2.18469396469 0.0136344804583 0.000341632296659
0.5 1.83235515238 2.45995344038 0.0333645303657 0.00123611037473
0.5 1.88777404769 2.43301121447 0.029691554271 0.00104708123101
0.5 0.533348575427 4.44108268474 2.38937046471 0.381039660918
0.5 2.21021786715 2.25007032936 0.0159906996929 0.000430376541085
0.5 2.46822919974 2.04227703012 0.0103503260232 0.000228829368345
0.5 1.37314718646 2.70134385327 0.102959279607 0.00589305770386
0.5 1.46067895886 2.64632974063 0.0808782492133 0.00425068152086
0.5 0.741848391469 3.74394419177 1.18719197541 0.107294414343
0.5 0.592025135331 4.22836148572 2.07542835737 0.259062354798
0.5 1.81961449406 2.46606438879 0.0342879226439 0.00128489506191
0.5 0.921067932771 3.27009011311 0.505557100216 0.0421203077028
0.5 1.88805785262 2.4328713902 0.0296740815916 0.00104620313703
0.5 2.07629765998 2.33333962976 0.0204430419288 0.000613458495606
0.5 1.0924885221 2.97052845191 0.25343080996 0.01881049788
0.5 1.4564012577 2.64883814303 0.0818096493714 0.00431757132941
0.5 2.19008401904 2.26346274878 0.0165767469299 0.000453372501774
0.5 1.37562767539 2.69966394812 0.102235444798 0.00583750693722
0.5 1.49529102559 2.62658692986 0.0738123249434 0.00375098903017
0.5 1.19991689466 2.84437969877 0.174746106748 0.0118030475185
0.5 0.946453913816 3.21638579775 0.45232528451 0.0371896489916
0.5 2.12466148869 2.30476128278 0.018675357869 0.000538526002173
0.5 2.45002456384 2.05947867855 0.0106571483862 0.000238782505664
0.5 1.58514402464 2.57902120007 0.0587781384339 0.0027392289354
0.5 1.44453420752 2.65588264235 0.0844651194918 0.00450953539875
0.5 1.05237136413 3.02829173377 0.294347728833 0.0225550599401
0.5 2.44181774209 2.0670935312 0.0107991612519 0.000243428633959
0.5 0.777366087703 3.6385010014 1.00085880435 0.0883949728102
0.5 2.42162534369 2.08546626511 0.0111586503576 0.000255294757557
0.5 1.83388430392 2.45921829444 0.0332558055017 0.00123039375906
0.5 0.638698878328 4.07075759996 1.80663452204 0.19420699813
0.5 1.06548161271 3.00868158896 0.280095193683 0.0212459601725
0.5 0.755984428955 3.70144803199 1.11008520335 0.0992756362078
0.5 1.48284428166 2.63357754001 0.0762603168582 0.00392248260411
0.5 1.85748461192 2.44781859454 0.0316325789213 0.00114587952725
0.5 0.597568262629 4.20921777886 2.04456924008 0.250147013852
0.5 1.72462383029 2.51119298236 0.0422847972076 0.00172808331591
0.5 1.92694419813 2.41349025143 0.027396713582 0.00093355068032
0.5 1.93744297914 2.40817378934 0.0268196045838 0.00090557598427
0.5 1.50880511194 2.61912386047 0.0712652485907 0.00357437705031
0.5 0.638093000548 4.07275831528 1.8102493789 0.194916884401
0.5 1.00736377622 3.10147334649 0.351017980539 0.0277909278182
0.5 2.1727714565 2.2747118353 0.0171021646019 0.000474309536475
0.5 1.69740668207 2.52413851236 0.0449962385728 0.00188601768319
0.5 1.31664982045 2.74196640301 0.121353451646 0.00733775458901
0.5 2.40987496133 2.0959232993 0.0113747918623 0.000262510013298
0.5 1.28439435715 2.76747093682 0.133739954781 0.00834190627991
0.5 1.6748469982 2.53493413226 0.0474104028274 0.00202952907921
0.5 0.669785842167 3.96943643475 1.61798553962 0.161510354926
0.5 2.0286881061 2.36007808165 0.0223916233848 0.000699237365448
0.5 0.786088546469 3.6133235517 0.959057517095 0.0843457877149
0.5 1.66944670664 2.53752998728 0.0480122117364 0.00206572191794
0.5 1.74507228735 2.50149733935 0.0403808985133 0.00161944459288
0.5 0.587891578672 4.24272416661 2.09826486887 0.265957112554
0.5 2.28267456217 2.19887983075 0.0140845154228 0.00035810616274
0.5 0.837840195585 3.47078784959 0.744758729255 0.0641981687172
0.5 2.03188135617 2.35832394971 0.0222538644286 0.00069307287712
0.5 1.95943354619 2.39690772502 0.025659236097 0.000850058325407
0.5 1.98642651219 2.38281311156 0.024319068466 0.000787201151333
0.5 2.12597749971 2.30396212406 0.0186299812662 0.000536639868866
0.5 1.30923014458 2.74767081339 0.124069282586 0.00755593830785
0.5 1.1643974596 2.8820476786 0.196757869502 0.0137258636373
0.5 0.516063472861 4.50827067656 2.47995508887 0.429295680603
0.5 0.775452511867 3.64406566764 1.010247498 0.0893121318514
0.5 0.582064109834 4.26310783335 2.13021756887 0.276051876364
0.5 0.961865055626 3.18548377248 0.423473059081 0.0345132711634
0.5 1.27883047742 2.77206366396 0.13603641917 0.0085305008279
0.5 0.885690341851 3.35082626111 0.593652742334 0.050256351751
0.5 2.05521044285 2.34534146281 0.0212788817026 0.000649856545581
0.5 1.01756381992 3.08405882369 0.33701636241 0.0264941368767
0.5 1.27609248682 2.77434577954 0.137184914782 0.00862508968919
0.5 0.660294108815 4.00011131083 1.67611074393 0.170764660665
0.5 2.3709572049 2.12936429966 0.0121288939004 0.000288241172288
0.5 1.81315023669 2.46915595854 0.0347686264186 0.0013105211564
0.5 1.40997066231 2.6771856715 0.0928438247974 0.0051267477686
0.5 2.19840393304 2.25796977181 0.016331375993 0.000443701254734
0.5 1.95417172705 2.3996202862 0.0259311097994 0.000862975991996
0.5 1.69903792525 2.52336060559 0.0448277018397 0.00187610117177
0.5 1.59763537475 2.5727280091 0.0570044845636 0.00262506678358
0.5 0.875294410283 3.37585268383 0.623092589348 0.0529707253314
0.5 1.43201694666 2.66345785622 0.0873848433453 0.00472266149965
0.5 2.12235977363 2.30615672565 0.0187551008877 0.000541843328584
0.5 0.923386829287 3.26503836915 0.50037519669 0.0416408230179
0.5 2.42763932027 2.08004793901 0.0110500177525 0.000251700953266
0.5 1.40799923485 2.67843843808 0.0933526363469 0.00516476949415
0.5 1.4749763213 2.63805843657 0.0778605885025 0.00403554782273
0.5 1.08561460562 2.97996232729 0.259895307189 0.0193990679695
0.5 1.04016031838 3.04722891465 0.308476198259 0.0238565548828
0.5 1.29814122852 2.75637359173 0.12827340522 0.00789594487446
0.5 0.543461981254 4.40285858151 2.3363274659 0.355788053105
0.5 0.798153767242 3.57901429921 0.903956728438 0.0790830699614
0.5 0.609560088907 4.16823629603 1.97684312617 0.232074052887
0.5 1.53813608589 2.60333711046 0.0661063647607 0.00322301100959
0.5 0.565013725404 4.32374752021 2.22226197007 0.308320542361
0.5 0.520697202885 4.49001604332 2.45564238982 0.415685179671
0.5 0.986278812872 3.13909298506 0.38242686744 0.0307039179727
0.5 1.81684685362 2.46738869692 0.0344927107403 0.0012957954093
0.5 0.508718762501 4.53759686184 2.51859821279 0.451956428407
0.5 2.39470165882 2.10917683419 0.0116616527272 0.000272224063007
0.5 1.06529412293 3.00895687544 0.280292662516 0.0212640672316
0.5 1.30165662646 2.75359115442 0.126921425399 0.00778630407842
0.5 1.34256375221 2.72274499192 0.112440018012 0.00663017810707
0.5 2.08475291031 2.32845207704 0.0201194271706 0.000599528004372
0.5 1.73301486172 2.50721254862 0.0414902772729 0.00168250552117
0.5 0.967795405161 3.17392901834 0.413000805803 0.0335414170628
0.5 1.52111951375 2.61243071036 0.069039802698 0.00342179450498
0.5 1.54332931581 2.6005954301 0.0652424021329 0.00316501605824
0.5 1.55281618693 2.59562499538 0.0637003933495 0.00306210277126
0.5 2.3358278634 2.15803951917 0.012863795561 0.000313957218994
0.5 2.36586152844 2.13361061184 0.0122321837763 0.000291817064823
0.5 0.546994185943 4.38968348609 2.31775237821 0.347441008012
0.5 1.32041647476 2.73910580201 0.120003702908 0.00722974629433
0.5 2.44092767659 2.06791422923 0.0108147048978 0.000243938744692
0.5 2.14218704122 2.29401301103 0.0180821798446 0.00051402358692
0.5 1.76394693736 2.49255294506 0.0387179537405 0.0015261437712
0.5 1.06979554551 3.00238861667 0.275600843628 0.0208341917273
0.5 0.820274283348 3.51777334159 0.811133148068 0.0703612166812
0.5 1.63414763645 2.55465192891 0.052190963097 0.00232147418534
0.5 2.05019908116 2.34815566081 0.0214837480262 0.000658870942824
0.5 1.23845922599 2.80728168169 0.154296958521 0.0100539666808
0.5 2.23790122323 2.23108407369 0.0152265140076 0.000400910831996
0.5 2.48958435768 2.02154433001 0.0100043198158 0.000217834259755
0.5 0.99569323555 3.12202152396 0.367972739513 0.0293629092825
0.5 1.60411075546 2.56948933719 0.0561114619441 0.00256799161553
0.5 2.39063264542 2.11268373718 0.0117401092457 0.000274896843006
0.5 1.51450801272 2.61601200496 0.0702235850063 0.00350279697182
0.5 1.69377930169 2.525869499 0.0453738642936 0.00190828582252
0.5 2.2809125405 2.20018388588 0.0141273791643 0.000359688125682
0.5 0.763795604928 3.67825842039 1.06910092008 0.0951351812434
0.5 2.31450791588 2.17477704537 0.0133368943884 0.000330864689944
0.5 2.36715477617 2.13253571224 0.0122058657923 0.000290904710251
0.5 1.54157818553 2.60151823158 0.0655321525482 0.00318442818204
0.5 1.76915820809 2.49008238455 0.0382739633451 0.00150147188874
0.5 1.51974161304 2.6131747832 0.0692844330731 0.00343849754872
0.5 1.09779748063 2.96336744416 0.248582372449 0.0183697051054
0.5 1.78904894212 2.48064017832 0.036636784669 0.00141144357132
0.5 0.781242177899 3.62727527622 0.982081003592 0.0865693553771
0.5 1.38872866757 2.69092119212 0.0985171265113 0.00555388428842
0.5 1.3074965522 2.74901724266 0.124714906967 0.00760797609912
0.5 2.11397723214 2.31120790843 0.0190489680189 0.000554125969421
0.5 2.4173201003 2.08931735208 0.011237235442 0.000257899094987
0.5 1.67989037748 2.53251375624 0.0468569825688 0.0019963852428
0.5 1.52793381781 2.60876831435 0.0678458339261 0.00334054593767
0.5 1.01478587453 3.08875196142 0.340756899514 0.0268404455149
0.5 1.97628986854 2.38814223187 0.0248117815134 0.000810154826043
0.5 1.42825406372 2.6657651483 0.0882873722342 0.00478897149147
0.5 1.45209448034 2.65137971573 0.0827610704336 0.00438612507784
0.5 1.65429106578 2.5448463814 0.0497530088309 0.00217134958208
0.5 0.720222546148 3.81015670513 1.31147972447 0.121016820452
0.5 1.5285935499 2.60841524711 0.0677316213778 0.00333279788969
0.5 1.04182414488 3.04460930098 0.306500302994 0.0236743409551
0.5 0.595894417694 4.21498453199 2.05391661545 0.252800214394
0.5 2.47783024775 2.03303044477 0.0101929536184 0.000223856966046
0.5 2.21170935796 2.24906456138 0.0159483313039 0.000428726404914
0.5 2.24668359855 2.22491665671 0.0149936354455 0.000392076826208
0.5 1.54852710813 2.59786622492 0.0643918474832 0.00310814781238
0.5 2.03483338516 2.3566975443 0.0221274474934 0.000687424793703
0.5 2.41040676565 2.0954537024 0.0113648992637 0.000262186853856
0.5 1.34548579583 2.72064267578 0.111487720969 0.00655539235289
0.5 2.43086959795 2.077118633 0.0109922119338 0.000249788750622
0.5 1.93674016125 2.4085309254 0.0268577610782 0.000907418182464
0.5 1.11162133482 2.94521916153 0.236498610231 0.0172756446534
0.5 1.77177711256 2.48884058056 0.0380532487488 0.00148924678332
0.5 2.40059882143 2.10405884309 0.0115490981754 0.000268419324177
0.5 1.45956188931 2.64698328037 0.0811201790097 0.00426803367953
0.5 0.815985044922 3.52947227825 0.828312950893 0.0719646254298
0.5 1.60666800536 2.56821452478 0.0557636297675 0.00254587246301
0.5 0.934385028659 3.24147915927 0.476694750972 0.0394481865697
0.5 2.4578433598 2.05214336477 0.0105240131234 0.000234450915478
0.5 2.17647869819 2.2723231941 0.0169879275366 0.000469738506931
0.5 2.06522537966 2.33967413218 0.0208766984429 0.000632270268901
0.5 1.75858117245 2.49509612966 0.0391818496967 0.00155198897622
0.5 1.5486515773 2.59780104755 0.0643716541462 0.00310680045367
0.5 1.98687558192 2.38257590977 0.0242975223406 0.000786201771165
0.5 2.12766423775 2.30293517833 0.018572022503 0.000534233562642
0.5 0.907901013428 3.2993344533 0.536299642374 0.044962457858
0.5 1.56823386464 2.58764602316 0.0612910524829 0.00290297699794
0.5 1.16069352298 2.88618691513 0.199253115128 0.0139460832466
0.5 1.04591598416 3.03821971234 0.301710108602 0.0232328493543
0.5 2.09399382216 2.32305920873 0.0197730146829 0.000584728316167
0.5 1.18019354293 2.86485416553 0.186554796439 0.0128301629272
0.5 1.19065834199 2.8538571283 0.180166425217 0.0122731057421
0.5 2.26381579636 2.21267827074 0.0145519852409 0.000375464186496
0.5 1.86046079531 2.44637312541 0.0314349700387 0.00113570946166
0.5 1.48906566503 2.6300687942 0.0750241526735 0.00383567443409
0.5 0.961942263391 3.18533214644 0.423334543522 0.0345004178559
0.5 1.21299449161 2.83137848121 0.16743978112 0.0111734948173
0.5 2.17450779077 2.27359445704 0.0170485415217 0.000472162259955
0.5 1.49390703687 2.62735853977 0.0740795911093 0.00376962914121
0.5 1.7199185381 2.51342669982 0.0427386387009 0.00175432051187
0.5 0.944984337832 3.21939895385 0.455206365245 0.0374567607637
0.5 1.79675705479 2.47697360454 0.0360259285245 0.0013782352663
0.5 1.43683075581 2.66052638802 0.0862471313902 0.00463936712908
0.5 2.06233700009 2.34131461846 0.0209917056118 0.000637286699313
0.5 1.09271550021 2.97022021636 0.253220901758 0.0187914097975
0.5 1.62158189483 2.56082433765 0.0537879187709 0.00242115886673
0.5 1.21277763931 2.83159049674 0.167557718117 0.0111836181829
0.5 1.15686519718 2.89051000496 0.201875070175 0.0141779144826
0.5 0.795568422476 3.58631446094 0.915496772339 0.0801790747059
0.5 0.626670280017 4.11066879821 1.87782168068 0.208885896006
0.5 2.44368319437 2.06537018654 0.0107666744196 0.000242363480183
0.5 2.03134064603 2.3586213503 0.0222771166896 0.00069411321242
0.5 0.953569214591 3.20196011738 0.438701264434 0.0359260817802
0.5 1.31103927868 2.74627113603 0.123400030794 0.00750206507927
0.5 1.92071752412 2.41662544007 0.0277463194344 0.000950612971937
0.5 2.39556075088 2.10843388017 0.0116451718119 0.00027166320112
0.5 0.631596876207 4.09427026449 1.84881630528 0.202721953061
0.5 1.73315834003 2.50714451455 0.041476855507 0.00168173801627
0.5 2.08579265902 2.32784799657 0.0200800744319 0.000597849942398
0.5 0.699082647428 3.87614032098 1.43834785804 0.136384233747
0.5 1.53157869408 2.60682093678 0.0672178439288 0.00329799066168
0.5 0.645485977515 4.04842101838 1.76594536317 0.186457306628
0.5 1.01979620126 3.08031403687 0.334048847076 0.0262194777952
0.5 0.673914167826 3.95616410085 1.59263129176 0.157666870538
0.5 2.27332452756 2.20576474037 0.0143139034309 0.000366593603796
0.5 0.721548357424 3.80605833402 1.3036729589 0.120120599624
0.5 2.09658555913 2.32153694244 0.0196771968528 0.000580651074501
0.5 1.6071518375 2.56797359289 0.0556980436391 0.00254171750066
0.5 0.87285354786 3.38181370646 0.630261013026 0.0536313735295
0.5 2.13817107583 2.29649560438 0.0182160074239 0.000519522388788
0.5 1.39328881588 2.6879274524 0.0972629721508 0.00545886239594
0.5 2.45889912442 2.05114681509 0.0105061955782 0.00023387300919
0.5 1.22465873496 2.82014702422 0.161249209039 0.0106439972593
0.5 2.37973674192 2.1219773551 0.0119534685796 0.000282197643124
0.5 0.701911840038 3.86724238464 1.42115408003 0.134204195398
0.5 1.45115241938 2.6519383455 0.0829710384425 0.00440128995387
0.5 1.17103266614 2.8747356723 0.192387062293 0.0133414146026
0.5 2.24768478948 2.22420905011 0.0149673699903 0.0003910832888
0.5 2.43582371741 2.07260101116 0.0109042880204 0.000246887630153
0.5 2.01656304896 2.36669051607 0.022924485645 0.000723251023272
0.5 0.89774653041 3.32254032626 0.561624196363 0.0473012473925
0.5 1.95804443952 2.39762489581 0.0257306629208 0.000853446736513
0.5 2.49678744873 2.01441445797 0.00989088002054 0.00021424580342
0.5 1.99851257817 2.3763988225 0.023747398034 0.000760808196308
0.5 2.35900480541 2.13927742366 0.0123729125653 0.00029669785652
0.5 1.58655860271 2.57830537342 0.0585738428219 0.00272601840663
0.5 2.03915011668 2.35431086653 0.0219441921138 0.000679261112568
0.5 1.16723887559 2.87890033033 0.194870725484 0.0135595947497
0.5 1.84865943924 2.45209383561 0.032227734529 0.0011766594489
0.5 0.681872059589 3.93069527834 1.54371932134 0.150550867443
0.5 1.41353188011 2.67493276229 0.0919334571082 0.00505887281771
0.5 1.22971346182 2.81538260856 0.158657242173 0.010423434739
0.5 0.556027373306 4.35637229537 2.27006222283 0.327133490177
0.5 1.6288488442 2.55724910474 0.0528569897432 0.00236292345251
0.5 2.25813722651 2.21676549182 0.0146965537895 0.000380879578055
0.5 0.673902947312 3.95620011971 1.59270023744 0.15767717336
0.5 0.774808535535 3.64594045102 1.0134246019 0.0896231191841
0.5 0.728513820057 3.78460808271 1.26303132726 0.115533785361
0.5 2.28898303837 2.19418556431 0.0139322835459 0.0003525078615
0.5 1.2089256547 2.83537627156 0.169670485613 0.0113651881536
0.5 1.9634103814 2.39485033967 0.0254561144476 0.000840443297893
0.5 2.39400104763 2.10978207548 0.0116751148548 0.000272682321189
0.5 1.4408763471 2.65808066398 0.0853054772096 0.00457065180109
0.5 2.4658088801 2.04458886232 0.010390473728 0.000230123169954
0.5 1.88321748058 2.43525321471 0.0299738500766 0.00106129633357
0.5 2.28876813847 2.19434613552 0.0139374354818 0.000352696898304
0.5 2.06199217424 2.34151013945 0.021005488302 0.000637888647734
0.5 1.03478946531 3.0557691041 0.314967951613 0.0244556403249
0.5 1.46813507396 2.64199478205 0.0792864932088 0.00413688669068
0.5 1.64040194017 2.55159643264 0.051418313975 0.00227362125243
0.5 1.16130241898 2.88550376673 0.198840181068 0.013909607653
0.5 2.15220084882 2.28777139939 0.017753768658 0.000500646721119
0.5 2.41142520363 2.09455342734 0.011345958341 0.000261567822392
0.5 1.66463159272 2.53984942678 0.0485568988877 0.00209863456214
0.5 1.18042198875 2.86461074078 0.186412270314 0.0128177007057
0.5 1.58383902916 2.57968231387 0.0589674018578 0.00275148128891
0.5 1.33514727409 2.72813867407 0.114903899303 0.00682440385965
0.5 0.516618868815 4.50607265552 2.47703893796 0.427636979603
0.5 1.18917204073 2.85540034171 0.181056521191 0.0123505307047
0.5 1.67751704701 2.53365205515 0.0471164571238 0.00201190403491
0.5 1.78879991447 2.48075855193 0.0366567345338 0.00141253171549
0.5 2.10795763427 2.31480572964 0.0192635462994 0.000563145051819
0.5 1.05661838854 3.02185783353 0.289630151725 0.0221212894835
0.5 1.0641816486 3.01059333731 0.281468052196 0.021371864232
0.5 0.61726551749 4.14218782716 1.93257379017 0.221274824982
0.5 1.4860814288 2.63174823792 0.0756139372679 0.00387704506799
0.5 0.923640979636 3.26448649296 0.499811355852 0.0415886438332
0.5 0.802257434508 3.56748569206 0.885938322103 0.0773775708882
0.5 1.28299898369 2.76861714896 0.134311218122 0.00838875524999
0.5 2.38533391279 2.11722074635 0.0118432654044 0.000278420346407
0.5 1.07216703986 2.99896125945 0.273169783865 0.0206116340723
0.5 1.3800573356 2.69668357037 0.100958741937 0.00573977089861
0.5 1.4904285227 2.62930409667 0.0747567317916 0.00381694944213
0.5 1.10356536677 2.95570888654 0.243445986451 0.0179039745563
0.5 1.09613464854 2.96559908046 0.250089010184 0.0185065002594
0.5 0.824149785654 3.50727798405 0.79594300251 0.068946593564
0.5 0.535143953546 4.43424066457 2.37996429316 0.376405713451
0.5 0.83630464203 3.47483435563 0.750310858015 0.0647121407282
0.5 1.01531461275 3.08785665595 0.340040831666 0.0267741409988
0.5 1.03190262877 3.06041415004 0.318530223751 0.0247846110571
0.5 2.45543194475 2.05441411286 0.0105648510369 0.000235777080699
0.5 1.93274819114 2.41055596684 0.0270757783318 0.000917964210895
0.5 0.534102203724 4.43820745762 2.38542264198 0.379086073431
0.5 1.5076438628 2.61976019146 0.0714797312522 0.00358917195444
0.5 1.32788006487 2.73350599109 0.11738471715 0.00702104064309
0.5 1.33607409749 2.72746005388 0.114592294239 0.00679978040678
0.5 1.68742093522 2.52890778251 0.0460454202231 0.00194805295562
0.5 0.657325448686 4.00975103796 1.69421829739 0.173783901613
0.5 1.44315947705 2.65670725739 0.0847797215795 0.00453238650312
0.5 1.08844537233 2.97605493987 0.257207637297 0.0191542063121
0.5 2.14779113056 2.29052913007 0.0178974718407 0.000506462391566
0.5 1.16146486847 2.88532164067 0.198730245317 0.0138998944721
0.5 1.14740925455 2.90138317191 0.208543532119 0.0147694624452
0.5 2.04912194597 2.34875869823 0.0215281076777 0.000660827304359
0.5 0.657455618433 4.00932788818 1.69342500447 0.173650224926
0.5 0.78716427673 3.61023965247 0.954016092775 0.0838609801144
0.5 1.50286877882 2.62238646867 0.0723702664278 0.0036507896074
0.5 0.962592076586 3.18405724852 0.422171068118 0.0343924361163
0.5 2.2437346988 2.226995432 0.0150713319998 0.000395019556014
0.5 1.07493276393 2.99499458281 0.270369442633 0.0203554383721
0.5 1.57209795782 2.58566336563 0.0607049828876 0.00286459101087
0.5 1.53998244287 2.60236080151 0.0657975714523 0.00320224881452
0.5 0.936039261502 3.23799300735 0.473257186893 0.0391297378871
0.5 1.77164861306 2.48890152773 0.0380640427411 0.00148984394008
0.5 1.10141714079 2.95854643378 0.245342855162 0.0180758579711
0.5 2.03121565774 2.35869007419 0.0222824958837 0.000694353948641
0.5 2.10523582818 2.31642454477 0.019361555033 0.000567278752581
0.5 0.935695854051 3.23871550348 0.473968203458 0.0391956107728
0.5 1.31236040466 2.74525281872 0.122914199384 0.00746300057254
0.5 1.85148855007 2.45072522731 0.0320354322453 0.00116668958199
0.5 1.57302480058 2.58518899638 0.0605655794379 0.00285547057029
0.5 1.76852389982 2.49038311795 0.0383276645486 0.00150445022052
0.5 1.33120117382 2.73104353907 0.116242611887 0.0069303869362
0.5 1.66342572647 2.54043100131 0.0486945179679 0.00210696755942
0.5 1.66800574594 2.5382236322 0.048174407321 0.00207550428752
0.5 0.722526503583 3.80303781687 1.29792724796 0.119464213137
0.5 2.32229570859 2.16871968168 0.0131615500153 0.000324569446008
0.5 1.90092380473 2.42650922381 0.028895287774 0.00100727364525
0.5 1.51692511195 2.61469945774 0.0697878691079 0.00347293103208
0.5 2.13999059592 2.29537217312 0.0181552214885 0.000517022650724
0.5 1.16847993403 2.87753330481 0.194053749069 0.0134876897869
0.5 1.67561050532 2.53456715098 0.0473260814871 0.00202447109454
0.5 2.24695737305 2.22472325509 0.0149864474844 0.000391804863742
0.5 1.44628196371 2.65483701611 0.0840673446368 0.00448065625102
0.5 0.994592325279 3.12399485173 0.369626167757 0.0295162793887
0.5 0.877347360713 3.3708639887 0.617139891967 0.0524219820965
0.5 0.849590987029 3.44021554575 0.703797803675 0.0604125650915
0.5 0.917185890905 3.2786129444 0.514384679798 0.0429366100732
0.5 0.683545404478 3.92535905612 1.53343780118 0.149101899474
0.5 1.93637272723 2.40871755952 0.0268777363129 0.000908383007686
0.5 0.875837329209 3.37453112984 0.621511568019 0.0528249845468
0.5 1.62642550745 2.55843984221 0.0531652211943 0.00238216270498
0.5 1.61939616207 2.56190288914 0.0540719098611 0.00243899613774
0.5 0.537100481356 4.42681409414 2.36971035101 0.371431095856
0.5 2.11774308645 2.30894463238 0.018916246626 0.000548568588528
0.5 2.02735470127 2.36080896455 0.0224494616498 0.000701832591575
0.5 1.537214573 2.60382524856 0.0662611645267 0.00323343107142
0.5 1.89920143546 2.42736367679 0.0289980530647 0.00101238700956
0.5 1.10118034332 2.95886030301 0.245553109067 0.0180949183161
0.5 2.14660110684 2.29127086414 0.0179364969886 0.000508057186697
0.5 0.904674522634 3.30664625944 0.544188619396 0.0456912846121
0.5 1.97199530791 2.39038710829 0.0250244277772 0.000820111992281
0.5 2.11558337425 2.3102438012 0.0189922183742 0.000551747813644
0.5 2.13568022481 2.29802914813 0.0182996329545 0.000522967132769
0.5 2.22469223043 2.24022797216 0.0155853230115 0.000414673114655
0.5 1.92289796168 2.41552904265 0.0276232652696 0.000944597521256
0.5 1.31033939569 2.74681200278 0.123658391994 0.00752285442108
0.5 2.43701145445 2.07151331497 0.0108833388556 0.000246197781675
0.5 0.793276962705 3.5928084749 0.925846937054 0.081164673716
0.5 1.54684923749 2.59874563808 0.0646648298288 0.00312637603983
0.5 1.0756485013 2.99397300464 0.269650784373 0.0202897241638
0.5 1.67343277526 2.53561317996 0.0475670864818 0.00203893627161
0.5 0.58182772514 4.26393815311 2.13150803059 0.276470890928
0.5 2.36319610882 2.13581986758 0.0122866496626 0.000293707884832
0.5 0.50339338561 4.55917274345 2.54673171344 0.469262965007
0.5 1.93100662291 2.41143765441 0.02717158421 0.000922609383026
0.5 0.93986693744 3.22998323204 0.465423204201 0.0384038204479
0.5 1.49560520362 2.62641196103 0.0737518220807 0.00374677227181
0.5 1.23300841804 2.81230982535 0.15699625287 0.0102824558984
0.5 2.07040408744 2.33672043153 0.0206724562369 0.000623389886646
0.5 1.80242061077 2.47427605586 0.0355852039725 0.00135436762726
0.5 0.675413889211 3.95135267361 1.58341497126 0.156296752142
0.5 1.40410742223 2.68092450909 0.0943676129711 0.0052407786899
0.5 1.43995855477 2.65863414081 0.085517982649 0.00458613805333
0.5 2.23125270988 2.23570610802 0.0154058131682 0.000407770141469
0.5 1.61444183714 2.56435321037 0.0547226163688 0.00247994242307
0.5 0.986875616967 3.13799747531 0.381489242499 0.0306168969517
0.5 1.25871208351 2.78918354698 0.144770451414 0.00925411872789
0.5 2.42949354672 2.07836799683 0.0110167901952 0.000250601346415
0.5 0.756490719731 3.69993848072 1.10739249964 0.0990011812296
0.5 2.37347047859 2.12725880006 0.0120783514593 0.00028649607485
0.5 1.39283742832 2.68822263051 0.0973862123942 0.0054681848743
0.5 1.26589946732 2.78297279419 0.141570506027 0.00898787225466
0.5 1.0343448127 3.05648206825 0.315513267454 0.0245059893394
0.5 1.5484233376 2.59792056992 0.0644086894079 0.00310927162386
0.5 0.988511317289 3.13500422172 0.378933885361 0.0303798079027
0.5 2.46191661058 2.04829062617 0.0104554463365 0.000232221541391
0.5 0.750487274842 3.71789448822 1.13963692161 0.102310878356
0.5 2.19793060807 2.25828381218 0.0163452118486 0.000444245016551
0.5 1.22744670133 2.81751160222 0.159813073384 0.0105216960583
0.5 1.93193860763 2.41096595923 0.0271202620069 0.00092012019444
0.5 2.32718922961 2.16488014913 0.0130528611358 0.000320684632195
0.5 2.27877692151 2.20176024518 0.0141795451484 0.000361616340443
0.5 2.36923364362 2.13080398952 0.0121637082387 0.000289445002052
0.5 2.37291665351 2.12772339529 0.0120894662609 0.000286879578568
0.5 1.91859041944 2.4176935125 0.0278670238772 0.000956523930533
0.5 1.30408602562 2.75168114152 0.125997559515 0.00771154760081
0.5 1.84293696814 2.45485790482 0.0326211344682 0.00119716914245
0.5 2.48624787644 2.02482339458 0.0100574232936 0.000219520449976
0.5 1.24857484705 2.79812985286 0.149442107348 0.00964503614892
0.5 1.01959419984 3.08065191885 0.334315976665 0.0262441987068
0.5 2.07091232217 2.3364296982 0.0206525465423 0.000622526165534
0.5 2.20365983443 2.25447011792 0.0161787027701 0.000437717825679
0.5 2.28133317596 2.1998728584 0.0141171258791 0.000359309742219
0.5 0.698473005017 3.87806029705 1.44205586973 0.136859265143
0.5 2.15962072015 2.28309821812 0.0175152180814 0.000490944658018
0.5 1.46106765434 2.64610259021 0.0807942804702 0.00424466264548
0.5 1.69684761269 2.52440519366 0.0450541829298 0.00188943019262
0.5 2.19580079469 2.25969458014 0.0164076796276 0.000446701317739
0.5 0.539734983883 4.41685694618 2.35589456474 0.364855379107
0.5 1.24191467867 2.80412944924 0.15261627382 0.0099121094907
0.5 1.76958765354 2.48987931627 0.0382376591932 0.00149945932606
0.5 2.14513105005 2.29218564242 0.0179848520185 0.000510035290939
0.5 1.70834708467 2.51892682503 0.0438808722024 0.00182064453217
0.5 2.12989903961 2.30157235697 0.0184955770802 0.000531064580721
0.5 0.842322610462 3.45904270363 0.728816594255 0.062723729415
0.5 1.70514536558 2.52045076806 0.0442036680321 0.00183950231039
0.5 2.24254359757 2.22783282702 0.0151028569421 0.000396215038867
0.5 2.21470925673 2.24703577743 0.0158635299062 0.000425428662975
0.5 2.22401429844 2.24069305968 0.0156040318717 0.000415394070376
0.5 1.94791776293 2.40283032141 0.0262589418973 0.000878625189312
0.5 2.23713841198 2.23161641317 0.0152469532243 0.000401687581653
0.5 2.01123338429 2.36957355022 0.0231636983996 0.000734106924149
0.5 1.36710304133 2.70547049236 0.10475034695 0.00603106990451
0.5 2.16929376265 2.27694268463 0.0172102132241 0.000478644374344
0.5 2.31319587868 2.17579126483 0.0133667159227 0.000331939105477
0.5 1.03407566239 3.05691406828 0.315843942245 0.0245365224905
0.5 1.79362634674 2.47846343588 0.0362724889155 0.00139161330446
0.5 0.857071224686 3.4211248147 0.679089995496 0.058132856887
0.5 0.719478936187 3.81245750208 1.31586697592 0.121522801256
0.5 1.81557399621 2.46799742068 0.0345874071061 0.00130084430357
0.5 1.91921828891 2.4173783974 0.0278313267914 0.000954774758066
0.5 2.23713061904 2.23162184885 0.0152471622091 0.000401695523691
0.5 1.55018300742 2.59699979841 0.0641237998666 0.00309027764562
0.5 0.87034226356 3.3879800021 0.637740876446 0.0543208532791
0.5 1.49504637119 2.62672322982 0.0738594825259 0.00375427643777
0.5 2.01942485372 2.36513658843 0.0227973026209 0.000717498440906
0.5 1.82977028174 2.46119523799 0.0335493300301 0.00124584341363
0.5 1.57732305199 2.58299415591 0.059923934469 0.00281360765947
0.5 1.67236478856 2.53612646823 0.0476858401132 0.00204607358325
0.5 1.56522827984 2.58919228251 0.0617516872993 0.00293324302994
0.5 2.27963428334 2.20112798039 0.0141585853771 0.000360840811892
0.5 2.19961651938 2.25716439232 0.0162959885318 0.000442311721223
0.5 1.08338067614 2.98306909507 0.262041922896 0.0195948004545
0.5 1.11106367447 2.94593762671 0.236971241632 0.0173183280699
0.5 2.16107577813 2.28217688142 0.0174689125803 0.000489071236582
0.5 0.807372605739 3.55322113966 0.863990583745 0.0753091049217
0.5 0.636882862157 4.07675568214 1.81746046329 0.196343855662
0.5 1.028472074 3.0659833985 0.322831473546 0.0251820310754
0.5 0.532947726046 4.44261399032 2.3914701575 0.382083611009
0.5 1.51206690493 2.61734127812 0.0706671084429 0.0035332587156
0.5 2.12193685379 2.30641272982 0.0187697920319 0.000542455424953
0.5 1.49466048168 2.62693830187 0.0739339404822 0.00375946832324
0.5 1.36076077534 2.70985408593 0.106672333587 0.00617976410143
0.5 0.559281791837 4.34449923623 2.25279836917 0.320166263647
0.5 2.28757825568 2.19523435977 0.0139660043817 0.000353745700579
0.5 0.928836953547 3.25328095814 0.488458219651 0.0405376147931
0.5 2.35476303905 2.14275637955 0.0124610139652 0.000299773250906
0.5 2.14431307289 2.29269398939 0.0180118283743 0.000511139815567
0.5 0.75483894969 3.70486664379 1.11619573936 0.099899588555
0.5 2.03681950602 2.35560068345 0.0220429065677 0.000683654697354
0.5 2.40753164559 2.09798838326 0.0114185087371 0.000263988512077
0.5 0.505863209942 4.5491321777 2.53366989443 0.461142229688
0.5 0.641886673595 4.06025110771 1.78756692049 0.190521312164
0.5 1.67256100568 2.53603214849 0.0476639941429 0.00204476012115
0.5 0.766440030579 3.67045701814 1.05550318948 0.0937777160124
0.5 1.31961999809 2.73970873588 0.120287544163 0.00725243318237
0.5 1.60421300423 2.56943832063 0.0560975020768 0.00256710316531
0.5 0.719808515102 3.81143756595 1.31392155704 0.121298247794
0.5 2.29612094821 2.18882565933 0.0137625036754 0.000346295924357
0.5 1.79395757167 2.47830585557 0.0362463041641 0.00139019086928
0.5 1.09439792634 2.9679405737 0.251671944997 0.0186506031786
0.5 0.923750367917 3.26424907025 0.499568921953 0.0415662080198
0.5 1.56362034594 2.59002106396 0.0619996346595 0.00294958343849
0.5 2.12148037627 2.3066889081 0.0187856648126 0.000543116987263
0.5 1.77260591477 2.4884472271 0.0379837177256 0.00148540183119
0.5 0.687323647837 3.91333616268 1.51024004426 0.145888684978
0.5 0.638638008967 4.07095813032 1.80699770763 0.194278180093
0.5 0.92588336033 3.25963260159 0.4948712593 0.0411313231268
0.5 2.24247513211 2.22788093001 0.0151046715177 0.000396283875092
0.5 1.10996010283 2.9473627581 0.237910136423 0.0174031472833
0.5 1.1402438872 2.9098134765 0.213785958627 0.0152363480657
0.5 0.714345055406 3.82838436562 1.34632868112 0.125082278341
0.5 1.28375510074 2.76799558453 0.134001275087 0.00836333191395
0.5 1.62889203492 2.5572279024 0.0528515179961 0.00236258217754
0.5 2.44980268627 2.05968568842 0.0106609570273 0.00023890676637
0.5 2.22202971122 2.24205204241 0.0156589304964 0.000417492770616
0.5 2.13316794617 2.29957174449 0.0183844631906 0.000526468298035
0.5 1.58653937118 2.57831509971 0.0585766142873 0.00272619751591
0.5 1.31580017473 2.7426149263 0.12166059369 0.00736237206201
0.5 0.537378953798 4.42575928087 2.36825045948 0.370729427266
0.5 1.03494613595 3.05551811082 0.314776102964 0.0244379278923
0.5 0.669015519463 3.97191861669 1.62271289308 0.162239440214
0.5 1.09016166505 2.97370118269 0.255595666359 0.0190074457702
0.5 1.95849347614 2.39739315012 0.0257075466742 0.000852349710466
0.5 0.625135736458 4.11579221124 1.88681144224 0.210850578131
0.5 2.15427216227 2.28647139369 0.0176867604593 0.00049792146114
0.5 2.30426635327 2.18264540539 0.0135719005896 0.000339359473741
0.5 1.82106572371 2.46536950135 0.0341811477104 0.00127922164523
0.5 1.26537803586 2.78341977608 0.141799614698 0.00900689239049
0.5 1.16077772732 2.88609234542 0.199195978677 0.0139410325801
0.5 0.571491088339 4.3005258589 2.18752605277 0.295557827325
0.5 2.16021739551 2.28272060168 0.0174962113784 0.00049017542193
0.5 1.73321868645 2.50711589992 0.0414712119872 0.00168141532056
0.5 1.19896727742 2.84534118013 0.175292303515 0.0118503078484
0.5 2.00771616481 2.37146890585 0.0233232800201 0.000741374193021
0.5 0.875225601769 3.37602028299 0.623293307846 0.0529892282826
0.5 0.766523246495 3.67021193776 1.05507760776 0.0937353531092
0.5 0.96860135128 3.17237304121 0.41160340886 0.0334117295679
0.5 1.47087871193 2.64041113771 0.0787107473874 0.00409589933827
0.5 2.12413116189 2.30508310805 0.0186937205999 0.000539288243638
0.5 2.40588830297 2.09943259426 0.0114492896537 0.000265043678997
0.5 1.89390704434 2.42998475478 0.0293168138198 0.00102829350899
0.5 1.93961771167 2.40706759695 0.0267019646262 0.000899902951035
0.5 1.59428739245 2.57440869623 0.0574731647784 0.00265512028121
0.5 2.3111904706 2.1773378191 0.0134124580278 0.000333589117905
0.5 0.78775866991 3.60853767537 0.951241359631 0.0835944394226
0.5 0.71577155799 3.82395068598 1.33783540544 0.124081511856
0.5 1.26335627069 2.7851581766 0.142692413597 0.00908107411557
0.5 1.62219150559 2.56052379782 0.0537090460544 0.00241621073432
0.5 2.43041987737 2.07752719947 0.0110002370703 0.000250053999387
0.5 1.69790019158 2.52390313469 0.0449451666188 0.00188301123567
0.5 0.700271838684 3.87239785585 1.43111482621 0.13546300859
0.5 1.76783575927 2.49070941673 0.0383860294444 0.00150768901606
0.5 2.08116186578 2.3305332245 0.0202560839905 0.000605399285177
0.5 1.24080737219 2.80513662744 0.153152333825 0.00995731868979
0.5 1.55074878267 2.59670409649 0.0640324969917 0.00308419891376
0.5 0.737596461315 3.75685062813 1.21107052635 0.10984743535
0.5 1.48659198886 2.63146044771 0.0755126210478 0.0038699310235
0.5 0.850663856217 3.43745951592 0.700189971674 0.0600795446764
0.5 2.28284223137 2.19875557925 0.0140804425594 0.000357956046621
0.5 1.75734019318 2.49568421411 0.0392901259062 0.00155804835967
0.5 2.12303348021 2.30574865732 0.018731727237 0.00054086991481
0.5 1.75023301879 2.49905193406 0.0399174831112 0.00159327585923
0.5 2.12510044411 2.3044947367 0.0186602072183 0.000537896031627
0.5 1.13907864033 2.91120106535 0.214654430882 0.0153138426479
0.5 0.636619349408 4.07762740003 1.81902916151 0.196656201054
0.5 2.27950021041 2.20122685641 0.0141618643967 0.000360961961055
0.5 2.20767795916 2.25177904554 0.0160631811163 0.000433203087701
0.5 1.25371308729 2.79356774239 0.147050577311 0.00944459414499
0.5 1.05892672308 3.0183945269 0.287107012721 0.0218894738787
0.5 2.44115307427 2.06770649338 0.0108107660262 0.000243809449875
0.5 1.95133949496 2.40107587412 0.0260789381102 0.000870022830607
0.5 2.45303083289 2.05666760939 0.010605711338 0.000237106197283
0.5 1.36701304036 2.7055322621 0.104777313453 0.00603315119813
0.5 1.56168539609 2.59102042236 0.0623000148587 0.00296938579665
0.5 2.11297917711 2.31180612094 0.0190843384378 0.000555609724263
0.5 2.14133462843 2.29454094799 0.0181104828096 0.0005151850904
0.5 1.37568237221 2.69962699487 0.102219556244 0.0058362887435
0.5 1.01935400477 3.08105393811 0.33463397294 0.0262736278598
0.5 2.04849486241 2.34910947337 0.0215539827098 0.000661969344951
0.5 1.73787893575 2.5049065202 0.0410382778261 0.00165673746569
0.5 1.21895037467 2.82560167943 0.164241682573 0.0108994811418
0.5 1.8074316589 2.47188648914 0.0352009269573 0.00133368307001
0.5 1.96890762438 2.39199576019 0.0251786296701 0.00082735831379
0.5 1.03328714329 3.05818188104 0.316815300983 0.0246262209119
0.5 1.42515839197 2.66767388308 0.0890386792986 0.00484432848193
0.5 1.39496122666 2.68683592283 0.0968081314196 0.00542448012192
0.5 1.71904688032 2.51384065475 0.0428233810733 0.00175921862068
0.5 1.15835270469 2.88882459389 0.200851082593 0.0140873211326
0.5 1.98434446007 2.3839114141 0.0244192165047 0.000791853857721
0.5 1.45834015141 2.6476993092 0.0813858218687 0.00428710476245
0.5 1.61433051828 2.56440835877 0.0547373496226 0.00248087279403
0.5 1.7515571605 2.49842450945 0.0397996613523 0.00158664453483
0.5 1.1176456744 2.9375300229 0.231469319716 0.0168218573608
0.5 0.847324671694 3.44605690379 0.711490537413 0.061122854005
0.5 1.69973004763 2.52303063983 0.0447564319441 0.00187191181421
0.5 1.33553089087 2.72785761984 0.114774808985 0.00681419977406
0.5 1.7303545692 2.50847414858 0.0417401231922 0.0016968066009
0.5 2.00366830223 2.37364191396 0.0235086388692 0.000749861391447
0.5 0.710409244348 3.84064055524 1.36986827861 0.127891325288
0.5 2.09489005797 2.32253329076 0.0197398147103 0.000583314652195
0.5 0.679978503878 3.93674158883 1.55535723381 0.152209977019
0.5 1.33069440282 2.73141823166 0.116415954153 0.00694413316655
0.5 0.729876120672 3.78042916708 1.25515960773 0.114660061702
0.5 1.53951210496 2.602609283 0.0658760604522 0.00320752315379
0.5 2.49150823617 2.0196468051 0.00997386266886 0.000216868874902
0.5 0.955856263293 3.19738113079 0.434433923735 0.0355302945445
0.5 1.59288707488 2.57511294305 0.0576707141235 0.00266780651624
0.5 1.38654028357 2.69236664332 0.0991261838016 0.0056001538204
0.5 2.42475373264 2.08265315556 0.0111019759387 0.000253422637826
0.5 1.61368774666 2.56472687425 0.0548225190641 0.0024862526261
0.5 2.27544497702 2.20421095512 0.0142614632434 0.000364648591122
0.5 1.69657284739 2.52453627305 0.045082695021 0.00189110993818
0.5 0.563829734496 4.32801799607 2.22858413285 0.310724080947
0.5 1.70598873905 2.52004925656 0.0441183520163 0.00183451321965
0.5 2.11042908498 2.31333153223 0.0191750879425 0.000559421722569
0.5 0.501186843134 4.56819050549 2.55842422729 0.47665927304
0.5 1.5683039434 2.58761001687 0.0612803638184 0.00290227559801
0.5 1.6563051733 2.54387131916 0.0495171667307 0.00215695564591
0.5 1.25226358926 2.79484888001 0.147720289917 0.00950065507323
0.5 2.4677072736 2.04277620952 0.0103589672083 0.000229107657155
0.5 1.68773808577 2.52875610356 0.046011629846 0.00194604695914
0.5 2.09620853003 2.32175866116 0.0196910997627 0.000581242157037
0.5 0.709368808668 3.8438877446 1.37611560838 0.128645831367
0.5 0.747390151342 3.72720638494 1.15653396201 0.104066940254
0.5 2.34222878602 2.15291732512 0.0127258413132 0.000309077532461
0.5 1.52643946583 2.60956902453 0.0681054318023 0.0033581724297
0.5 1.33655556369 2.72710836407 0.114430746048 0.00678702902543
0.5 0.63942151876 4.06837362102 1.80231901205 0.193364207072
0.5 1.66010102776 2.54203602702 0.0490765012469 0.00213014019217
0.5 1.42024691056 2.67072282893 0.0902472892244 0.00493367836476
0.5 1.41087064682 2.67661511438 0.0926126878612 0.00510949675534
0.5 0.897411928712 3.32331538375 0.562483558858 0.0473805940404
0.5 0.978376681836 3.15377088995 0.395128671463 0.0318827230504
0.5 1.14677854678 2.90211853236 0.208998307651 0.0148099024747
0.5 1.74579235165 2.50115612461 0.040315836954 0.00161576535366
0.5 1.01561676574 3.08734436509 0.339632499315 0.0267363332528
0.5 1.92681237282 2.41355676182 0.0274040579411 0.000933908225358
0.5 1.0894238641 2.97471160852 0.256287074903 0.0190703792232
0.5 1.36243736053 2.7086903014 0.106159948265 0.00614005360137
0.5 2.36479541428 2.13449524887 0.0122539328073 0.000292571664416
0.5 2.23972818819 2.22980696992 0.0151776998608 0.000399056154284
0.5 2.16537672487 2.27944404675 0.0173329182929 0.000483581837214
0.5 0.875917663477 3.374335724 0.621278050267 0.0528034577284
0.5 1.19700256837 2.84733806258 0.176429451944 0.0119487707252
0.5 1.78827130416 2.48100980716 0.0366991270604 0.00141484472127
0.5 2.23719617901 2.23157611814 0.0152454041843 0.000401628713483
0.5 2.08237469967 2.32983155515 0.0202098006423 0.000603408923199
0.5 1.68520511286 2.52996793752 0.0462823709452 0.00196213469772
0.5 0.746657834905 3.72941250223 1.16055432131 0.104487095521
0.5 1.151290591 2.89688587935 0.205772739335 0.0145233413909
0.5 0.890560191753 3.33930425554 0.58045021951 0.0490385346305
0.5 1.67870858301 2.53308045424 0.0469859627962 0.00200409551858
0.5 1.81190875589 2.46974908604 0.0348619085769 0.00131550987264
0.5 0.652109191184 4.02674393581 1.72592468119 0.179240078648
0.5 0.900672483374 3.31579561334 0.554176726071 0.0466136917625
0.5 1.41150880325 2.67621108169 0.0924492348149 0.00509730469748
0.5 1.68991288875 2.52771639442 0.0457807528261 0.0019323550196
0.5 1.637298688 2.55311116962 0.051799880024 0.00229722171654
0.5 1.65590146902 2.54406665813 0.0495643259739 0.00215980652189
0.5 2.05353673003 2.34628295801 0.0213470320822 0.000652851261007
0.5 0.61395296499 4.15336053023 1.95169367801 0.225843187789
0.5 0.989090859049 3.13394694577 0.378033905541 0.0302963000531
0.5 1.11819630969 2.93683363027 0.231016530753 0.0167810730661
0.5 0.734597825133 3.76598731101 1.22808647607 0.111689057079
0.5 1.49063486025 2.62918844144 0.0747163486725 0.00381412360164
0.5 0.673254433883 3.95828242289 1.59668483518 0.158273965796
0.5 2.10495858593 2.31658916062 0.0193715730304 0.000567701775564
0.5 1.53795625847 2.60343225589 0.0661365372253 0.00322504139262
0.5 2.28353546084 2.19824148029 0.0140636188786 0.00035733616144
0.5 1.91003944969 2.42197248738 0.0283589219401 0.000980717971909
0.5 1.46834799082 2.64187169549 0.0792416209247 0.00413368916248
0.5 0.979152217519 3.1523162838 0.393858295965 0.0317648162803
0.5 2.25457076649 2.21931684167 0.0147882668249 0.000384326622027
0.5 0.873516595929 3.38019133741 0.628303886163 0.0534509665816
0.5 2.44347896526 2.06555907426 0.0107702251097 0.000242479831542
0.5 1.6221184283 2.56055981905 0.0537184932951 0.00241680327996
0.5 0.905470989622 3.30483599715 0.542227750047 0.0455101663371
0.5 0.923093697068 3.26567533283 0.501026520201 0.0417010964432
0.5 1.98557703773 2.3832614505 0.0243598315666 0.000789095625864
0.5 2.13742429214 2.29695573273 0.0182410291546 0.000520552397657
0.5 2.26257137453 2.21357680476 0.0145835142783 0.000376643310529
0.5 1.4972905334 2.62547460019 0.0734283321178 0.0037242574165
0.5 1.42244955899 2.66935227611 0.0897027046695 0.00489338331109
0.5 1.84777801399 2.45251998583 0.032287941807 0.00117982748001
0.5 0.639473782485 4.06820121128 1.80200693557 0.193303422503
0.5 1.36576372755 2.70639169366 0.105152546468 0.00606212671718
0.5 1.41217114813 2.67579220786 0.0922799709241 0.00508468567218
0.5 2.49695881838 2.01424398329 0.00988820082294 0.000214161302583
0.5 1.99130987403 2.38022948809 0.0240860407725 0.000776411768885
0.5 0.51668224197 4.50582203021 2.47670621545 0.427448193487
0.5 2.18833111609 2.26461275531 0.0166290217245 0.000455441113788
0.5 2.14834659398 2.29018255399 0.0178792924419 0.000505719977005
0.5 0.811937656613 3.54059047868 0.844880497678 0.0735151737841
0.5 2.30524991667 2.18189449478 0.0135491084839 0.000338532811701
0.5 2.27596093871 2.20383220944 0.0142487394183 0.000364177122087
0.5 2.30265863189 2.18387072848 0.0136092593468 0.00034071575601
0.5 0.917885508655 3.2770707789 0.512779463415 0.0427884053337
0.5 1.17116403736 2.87459223173 0.192301786791 0.0133339217168
0.5 1.06464875791 3.00990557923 0.280973752296 0.0213265272517
0.5 1.5787984255 2.58224266582 0.0597056580262 0.00279940095143
0.5 2.43116493028 2.07685019909 0.0109869457795 0.000249614732383
0.5 2.16413540735 2.28023426015 0.0173720301147 0.000485158808064
0.5 1.87933627637 2.43715863348 0.0302169524448 0.00107358028534
0.5 1.15432165804 2.89340714193 0.203641608467 0.0143343559302
0.5 1.48439019614 2.63270301835 0.0759507716538 0.00390071779467
0.5 0.687597746559 3.9124651404 1.50855816301 0.145658674898
0.5 1.5183913201 2.61390511395 0.0695252198247 0.00345495665284
0.5 0.599241909219 4.20346396572 2.03519745126 0.2475270573
0.5 2.44230492087 2.06664389333 0.0107906652353 0.000243149942309
0.5 1.32379432799 2.73656029071 0.118809313996 0.00713442665585
0.5 1.06718865767 3.00618200061 0.278305526941 0.0210819288653
0.5 1.33617533812 2.72738600528 0.114558222964 0.00679709683383
0.5 0.512236932443 4.52348826865 2.50006853431 0.440931119959
0.5 0.5093972665 4.53486795242 2.51502138415 0.44980532277
0.5 1.76865854713 2.49031927302 0.0383162573259 0.0015038174288
0.5 0.972006739522 3.1658359072 0.405765609287 0.0328699267069
0.5 0.72391124204 3.79876633902 1.28981432724 0.118541876046
0.5 2.38377785332 2.11854697041 0.0118737733158 0.000279464676092
0.5 1.03315873392 3.05838856524 0.316973854754 0.0246408630904
0.5 1.6243578916 2.55945668998 0.0534299179414 0.00239872023007
0.5 1.56661626605 2.58847778646 0.0615384266413 0.00291922132226
0.5 2.46745502215 2.04301733953 0.010363146798 0.000229242296496
0.5 1.54705582402 2.5986372795 0.0646311352309 0.00312412509876
0.5 0.672326593152 3.96126375333 1.60238474315 0.159132237836
0.5 2.4641600443 2.04615940844 0.0104179356106 0.00023100939935
0.5 0.806553016784 3.5554988171 0.867469051616 0.0756363287674
0.5 0.782384394078 3.62397856491 0.97660885853 0.0860393393685
0.5 0.521703188683 4.48607652886 2.45036871358 0.412797790555
0.5 2.33996450197 2.15473432828 0.012774429589 0.000310793612103
0.5 2.48774374544 2.02335510319 0.0100335674709 0.000218762586399
0.5 0.519058642861 4.49644965449 2.46423573076 0.420439231844
