10.0 2.33374716299 0.555712171182 0.31248647637 0.202846586778
10.0 1.67708382728 0.634127037188 0.388189908942 0.272026186358
10.0 1.03009550234 0.75069052413 0.50353838297 0.382208570386
10.0 2.06641075908 0.58452866906 0.340043660452 0.227629225869
10.0 2.33600212508 0.555483399318 0.312269658211 0.202653524393
10.0 2.15471002393 0.574616197743 0.330506149832 0.219019836934
10.0 1.95590296454 0.59757508665 0.352608713483 0.239120944122
10.0 1.02096084868 0.752827497795 0.50567495839 0.384283677656
10.0 2.32352679878 0.556752368251 0.313472454271 0.203725270188
10.0 1.0215131111 0.752698014795 0.505545027442 0.384157661169
10.0 2.03275204638 0.58843245541 0.343786256569 0.231048812892
10.0 1.02306227226 0.752334838882 0.505180992224 0.383804870507
10.0 0.744582737033 0.828921658502 0.581786825471 0.458784993709
10.0 1.27201107242 0.700094449972 0.453229355498 0.333620399136
10.0 2.1801624882 0.571841404157 0.327835203218 0.216623911714
10.0 1.05635872035 0.744631890035 0.497517819157 0.376343416345
10.0 0.639827386383 0.865624404857 0.618598555396 0.495101653818
10.0 1.76621929303 0.621803807247 0.376151710169 0.260825410166
10.0 1.66953205884 0.635203413836 0.389238470487 0.273011314171
10.0 1.66246387248 0.636214959801 0.390224849785 0.273937839601
10.0 1.85441079201 0.610221654778 0.364888256194 0.250381873115
10.0 1.87431019701 0.607680394843 0.362429768837 0.248108439086
10.0 1.37785474049 0.680985905216 0.434300459106 0.315543481646
10.0 1.14185300714 0.725962004097 0.478906747818 0.358347277564
10.0 1.64110443643 0.639293537851 0.393237075788 0.276763310664
10.0 1.45969724276 0.667203206919 0.420704305184 0.302610579749
10.0 2.2221486862 0.567330517088 0.323513070115 0.212741332889
10.0 2.16960947744 0.572987874504 0.328937990268 0.217613118883
10.0 0.711532212673 0.839898808502 0.592797625306 0.469627056603
10.0 0.620816071414 0.872939859262 0.625935777527 0.502360600037
10.0 1.69376438026 0.63176571758 0.385891762536 0.269869827123
10.0 2.08478993748 0.582425694322 0.338025757174 0.225794935379
10.0 0.952711471524 0.769459816637 0.522294606856 0.400448561111
10.0 1.57040160163 0.649770071121 0.403545829006 0.286407112007
10.0 0.772132327031 0.8201391874 0.572989508747 0.450125838982
10.0 1.24448890181 0.705339022642 0.458418243696 0.338606037799
10.0 0.803953483821 0.810385571506 0.563220636151 0.440524315888
10.0 1.35964370458 0.684161126849 0.437450997059 0.318532484706
10.0 2.08541244422 0.582354796053 0.337957705768 0.225733146619
10.0 1.31391301956 0.692354275934 0.44553410897 0.326274066167
10.0 0.855699874493 0.795336624273 0.548156539414 0.425740575005
10.0 2.31850408972 0.557265145137 0.313958622198 0.204159085386
10.0 1.59066199703 0.646714378889 0.400544369003 0.283589902869
10.0 0.700993594455 0.843512048337 0.596418923277 0.473194969066
10.0 1.93744118559 0.599820186007 0.354792157621 0.241112230238
10.0 2.45685870006 0.543572578192 0.300953476006 0.192678640206
10.0 1.11955140166 0.73068519257 0.483624690199 0.36288684769
10.0 1.02025154698 0.752994321709 0.505841642758 0.384445159296
10.0 1.82579922157 0.61392455302 0.36847088631 0.253707918515
10.0 0.779439933188 0.817867419942 0.570708207773 0.447884846628
10.0 0.66744342231 0.855389369361 0.608322872231 0.48495462709
10.0 1.55359455449 0.652340413809 0.406061914055 0.288782550136
10.0 1.7204705917 0.628036929772 0.382256559481 0.266476232169
10.0 2.23477823191 0.565988375504 0.32223327977 0.211590006424
10.0 0.797870041231 0.812215605379 0.565061434936 0.442323667595
10.0 2.22812496534 0.566694621187 0.322906292466 0.212195446017
10.0 1.39982773963 0.677215287775 0.430558483712 0.311994336643
10.0 1.95369807135 0.597841954031 0.35286812187 0.239357703769
10.0 0.810191042044 0.808523851293 0.561349816515 0.438691148768
10.0 1.33413466585 0.688696348036 0.441926239592 0.322809826801
10.0 0.784758693764 0.816222636922 0.569066019414 0.446263724058
10.0 1.17856456122 0.71837120504 0.471371091479 0.351058289367
10.0 1.90560224719 0.603746295844 0.358613007416 0.244601445663
10.0 0.654119274468 0.86027146499 0.613228822305 0.489790026769
10.0 0.640911683187 0.865214739342 0.618185802078 0.494695336687
10.0 2.46393355476 0.542894658532 0.300311079046 0.192114920568
10.0 0.58312444981 0.888139318906 0.641188789471 0.517462520897
10.0 0.698609219344 0.844338486709 0.597243630643 0.474012864858
10.0 0.940965496453 0.77245146255 0.525273904533 0.403361512219
10.0 1.8200443278 0.614675858732 0.369199040201 0.254384531801
10.0 2.49229644757 0.540194550457 0.297759071268 0.189874475969
10.0 2.43955627402 0.545239041844 0.302534265035 0.19406582451
10.0 1.85310728001 0.610389188908 0.365050184573 0.25053197006
10.0 2.49696145618 0.53975300471 0.297342929406 0.189508918264
10.0 0.742313846997 0.829657838413 0.582527268465 0.459512228015
10.0 1.37248541924 0.681917196726 0.435225114096 0.316419612796
10.0 0.834588722016 0.801357067757 0.554187647124 0.4316524885
10.0 1.59470100613 0.646110733973 0.399950005065 0.283034108084
10.0 2.04215103346 0.587335765916 0.34273469568 0.230086353333
10.0 1.63285006876 0.640492498687 0.394414874707 0.277865062163
10.0 1.11323316241 0.73204491133 0.484976277049 0.364193769563
10.0 2.45558976533 0.543694471921 0.301068939994 0.192779959273
10.0 2.27737930613 0.561510705444 0.317980288129 0.207763444746
10.0 0.973331308016 0.764316663936 0.517139180311 0.395441990931
10.0 1.87117123239 0.608079177681 0.362816011759 0.248464803639
10.0 0.664835345081 0.856335843557 0.609275909924 0.485893372667
10.0 2.23632637134 0.565824476201 0.322077014002 0.211449381018
10.0 1.18192559369 0.717687020652 0.470693478971 0.350404044642
10.0 1.76313190087 0.622218842791 0.376558554569 0.261201119495
10.0 1.23875621038 0.706446612863 0.459512118227 0.339662359084
10.0 2.12352753739 0.578062689327 0.333828114958 0.222003468825
10.0 1.27122965864 0.700241467982 0.453375271739 0.333760004536
10.0 1.43838126404 0.670720684504 0.424164262051 0.305896937078
10.0 0.925613648276 0.776413732171 0.529225609739 0.407231714181
10.0 0.924894643169 0.776600512304 0.529412855029 0.407414494505
10.0 1.12462869044 0.729599897183 0.482542885855 0.361843913991
10.0 1.57933248256 0.64841737717 0.402218512943 0.285159195519
10.0 2.15248687288 0.574860103861 0.330741175303 0.219230640514
10.0 1.81422924758 0.615437043759 0.369937700606 0.255070748999
10.0 1.36200648254 0.683746454974 0.437039804857 0.318141782282
10.0 2.18581739454 0.571229262629 0.327246805739 0.216096085076
10.0 0.73097200886 0.83337804628 0.586263964706 0.463181052189
10.0 1.52259226396 0.65715470751 0.410777458738 0.293249444468
10.0 1.94694664018 0.59866151679 0.353664865381 0.240084214532
10.0 0.572406913092 0.892646964532 0.645709461029 0.521942019087
10.0 1.85650588764 0.609952693157 0.364628340766 0.250140943297
10.0 1.0591654584 0.743994248684 0.496882166783 0.375727781787
10.0 0.87941812618 0.78874473976 0.541558978822 0.419287432894
10.0 1.27459676445 0.699608670385 0.452746608707 0.333159427512
10.0 1.58777375982 0.647147130967 0.400969987081 0.283988568544
10.0 0.878833356878 0.788904706617 0.541719496226 0.41944412654
10.0 1.65810212767 0.636840910089 0.390836041297 0.27451165537
10.0 1.04962654604 0.746170397661 0.499047430366 0.377829426315
10.0 1.78705311412 0.619022383678 0.373429484387 0.258308325221
10.0 0.646547476781 0.863097129548 0.61605379211 0.492593238308
10.0 1.80118232054 0.617152469709 0.371605679259 0.256618738704
10.0 2.32053161394 0.557057822403 0.313762184926 0.203983844936
10.0 1.76316990978 0.622213730263 0.376553503047 0.261196489705
10.0 1.56760493901 0.650195744152 0.403962869611 0.286800001683
10.0 2.26778683027 0.562512161411 0.318929781869 0.208617008642
10.0 1.76423454962 0.622070544239 0.376413070264 0.261066847755
10.0 0.83003484141 0.802675784588 0.555511528644 0.432945536478
10.0 1.02010391361 0.753028933886 0.505876390537 0.384478837996
10.0 0.523241100976 0.914476068875 0.667620996267 0.543678802892
10.0 2.48981311161 0.540429886072 0.297981073761 0.190069457129
10.0 2.12576214018 0.577813731546 0.333588396237 0.221787718998
10.0 2.11837896697 0.578637262118 0.334381577331 0.22250169688
10.0 2.28631659984 0.560581553399 0.317099682676 0.206972367386
10.0 0.953437861218 0.769276369921 0.522111319607 0.400270185739
10.0 1.56641795484 0.650376598689 0.404140192094 0.286966981366
10.0 2.39186847576 0.549895031307 0.306960974389 0.197955683277
10.0 0.906567791331 0.781413107877 0.534240055877 0.412113269308
10.0 2.22258368225 0.567284255231 0.323468889031 0.212701573863
10.0 2.28397148919 0.560825094493 0.317330369339 0.207179575681
10.0 1.64979346533 0.638037172725 0.39200583043 0.275609466268
10.0 0.513140168409 0.919215395206 0.672386083357 0.548401530954
10.0 2.0632338617 0.584894148247 0.340394344378 0.22794881197
10.0 2.081939046 0.582750362758 0.338337607958 0.226077902982
10.0 1.80546014683 0.616588865551 0.371057071765 0.256109955603
10.0 1.51712041672 0.658013157692 0.411621552886 0.294047912551
10.0 2.4196520022 0.547170327224 0.304369591915 0.195677006933
10.0 1.54894298913 0.653057155084 0.406762987172 0.28944604872
10.0 1.12514878054 0.729489153426 0.48243222563 0.361737300576
10.0 1.10093042884 0.734717757116 0.487626259266 0.366767163625
10.0 2.315450783 0.557577748628 0.314254652585 0.204423577574
10.0 2.12969165417 0.577377136959 0.333167293557 0.221409124582
10.0 1.36643677439 0.6829709335 0.436271271679 0.317411670156
10.0 1.80053452952 0.617237923767 0.371688896549 0.256695980325
10.0 1.95809810743 0.597309552765 0.352350674285 0.238885504119
10.0 1.43936101366 0.670557690961 0.424004243827 0.30574429614
10.0 1.82393356064 0.614167884853 0.36870656494 0.253927085725
10.0 1.92856217173 0.600907833541 0.355850931448 0.24207801967
10.0 1.50711105549 0.659589698442 0.413175490294 0.295515857026
10.0 0.563677485043 0.896375317507 0.649459190288 0.525654135518
10.0 0.621903247751 0.872516765932 0.625508648394 0.501940596766
10.0 0.804003941558 0.810370035659 0.563205418944 0.440509426846
10.0 0.617096210602 0.874395287381 0.627401555767 0.503804779874
10.0 1.97020803738 0.595849412944 0.350933875133 0.237592220733
10.0 0.666756538292 0.855638378699 0.60857341915 0.4852019165
10.0 0.867900446224 0.791917049245 0.544744642457 0.42239247313
10.0 0.566721678907 0.89506950598 0.648142710282 0.524355437298
10.0 1.51364738002 0.658559081824 0.412159258113 0.294556242345
10.0 1.40194141631 0.676855466497 0.430202291553 0.311655686718
10.0 1.89373911839 0.605228783792 0.360053028639 0.245921301795
10.0 1.75889491735 0.622789442179 0.37711795757 0.261717902121
10.0 1.57877688365 0.648501227398 0.402300984538 0.285236493763
10.0 2.17762546284 0.57211655549 0.328099740472 0.216861070199
10.0 2.01503680686 0.590512654082 0.345783174859 0.232878409179
10.0 0.837079078415 0.80063941326 0.553466354262 0.430948743781
10.0 2.04970624987 0.58645769134 0.341893241853 0.22931682836
10.0 1.20175489154 0.713700647541 0.466727808154 0.346594495128
10.0 2.24960600601 0.564421082917 0.320742079132 0.210247805072
10.0 2.04540236613 0.586957529192 0.342372208006 0.229754735848
10.0 2.19188776138 0.570573749014 0.326617575835 0.215531125825
10.0 1.87500517618 0.607592353936 0.362344326303 0.248029652774
10.0 1.70750135401 0.629839352934 0.384015335032 0.268115007194
10.0 1.52533775519 0.656724697216 0.410355207081 0.292849790865
10.0 0.780596469622 0.817509283345 0.570350029178 0.447531419284
10.0 2.34787968935 0.554282437458 0.311130390157 0.201641091685
10.0 2.24931855646 0.564451385986 0.32077087244 0.210273803065
10.0 0.949588315749 0.770250744374 0.52308393102 0.401218113526
10.0 2.33080339244 0.556011445337 0.312770115315 0.203099159712
10.0 0.667361802884 0.855419091949 0.608352732597 0.484983859368
10.0 1.01133440111 0.755098839448 0.507951853454 0.386487057832
10.0 0.718886035932 0.837416277864 0.590299524448 0.467172118331
10.0 1.14812811086 0.724650474222 0.477597611758 0.357085851833
10.0 2.11975865367 0.578483117844 0.334233346578 0.222368037201
10.0 0.504531268579 0.92333046195 0.676519870338 0.552508367049
10.0 0.964987087192 0.766383007267 0.519211275487 0.39745520171
10.0 0.589227343221 0.885615354724 0.638650868035 0.514949368085
10.0 1.22008450639 0.710083322409 0.463119128757 0.343136981751
10.0 1.44752105977 0.669205162509 0.422675337241 0.304479535944
10.0 1.90433562845 0.603904045908 0.358766350356 0.244741896139
10.0 2.06840698194 0.584299230688 0.339823623429 0.227428922519
10.0 1.58319932778 0.647834470578 0.401645881465 0.284621851893
10.0 0.503059131066 0.924041365037 0.677235269005 0.553215782161
10.0 1.0634368594 0.743028239581 0.495917262869 0.374794889831
10.0 2.33820166902 0.555260541252 0.312058219045 0.20246545327
10.0 1.44608827733 0.669441956066 0.422908216225 0.304701056518
10.0 1.56267416577 0.650948144423 0.404699749664 0.287494974932
10.0 0.796010488585 0.812778411267 0.565626460931 0.442876889937
10.0 1.42708217599 0.672608134517 0.426017812932 0.307665245454
10.0 0.928071247293 0.7757764409 0.528587369119 0.406608448871
10.0 0.654024844853 0.860306791225 0.613263769224 0.489824849867
10.0 0.969088277678 0.765365591352 0.518190079474 0.396464013191
10.0 1.40676608996 0.676035616758 0.429392086039 0.31088435902
10.0 1.71519971672 0.628767575862 0.382969850259 0.267140205433
10.0 0.770008363858 0.820803111766 0.573657813723 0.450780065705
10.0 1.1596692183 0.722253523293 0.475214217187 0.354781174122
10.0 0.69995955745 0.843870400142 0.596776396735 0.473549380287
10.0 0.82999750235 0.802686694001 0.555522475599 0.432956253301
10.0 2.22698802875 0.566815512464 0.323021570794 0.212299257329
10.0 1.41282540716 0.675009087656 0.428379460576 0.309919158659
10.0 2.04276345624 0.587264499328 0.342666390919 0.230023890152
10.0 1.57326461076 0.649335218584 0.403119523552 0.286006013458
10.0 1.74706636103 0.62439056824 0.378687717885 0.263168228219
10.0 0.689019800365 0.847682762602 0.600597258931 0.477325398037
10.0 1.53276356266 0.655565779445 0.409218284953 0.291772717727
10.0 1.73540982771 0.625980796231 0.380245627311 0.264609671252
10.0 0.774179886571 0.8195013147 0.572347023243 0.449496529545
10.0 1.17877303519 0.718328716186 0.471329122059 0.351017612446
10.0 2.47370927041 0.541960699735 0.29942729344 0.191339211488
10.0 1.53874178906 0.654635954168 0.40830775852 0.290909606841
10.0 2.21542133883 0.568048170394 0.324198540526 0.213357864517
10.0 0.797175720455 0.812425510224 0.565272357544 0.442530093985
10.0 2.2319816608 0.566285025542 0.322515826955 0.211844327779
10.0 1.44776969446 0.669164055723 0.422634945566 0.30444136328
10.0 0.588382892846 0.885963552096 0.638999542385 0.515296028543
10.0 0.656569261049 0.859364045985 0.612321354167 0.488891262207
10.0 0.57463933101 0.89169987927 0.644762994423 0.520999217586
10.0 1.50718289431 0.659578273881 0.413164288579 0.295505295716
10.0 1.76450294159 0.622034442513 0.376377687412 0.261034181024
10.0 0.599104752643 0.881574606352 0.634604241672 0.510936750101
10.0 2.19995992426 0.569704788891 0.325784181826 0.214782698254
10.0 2.19061831503 0.570710740162 0.326748962393 0.215649091592
10.0 1.64217808992 0.639137996592 0.39308445464 0.276620319836
10.0 0.937712701153 0.773286596098 0.526104726264 0.404176426204
10.0 2.39999488513 0.549094479585 0.306199603291 0.197285589712
10.0 1.80753590925 0.616315781741 0.370791583522 0.255863342482
10.0 1.28302019751 0.698035065677 0.45118060728 0.331666001638
10.0 1.80700761084 0.616385258696 0.370859155693 0.255926187271
10.0 1.25556435944 0.70321228147 0.456318271395 0.336581981819
10.0 2.10293107709 0.58037079268 0.336050569376 0.224006993037
10.0 2.15575985407 0.574500958434 0.330395241206 0.218920243569
10.0 1.71335360336 0.629023945581 0.383220193013 0.267373409163
10.0 0.988730344836 0.760538657296 0.513375386127 0.391763965268
10.0 2.1827891312 0.571556899894 0.327561728443 0.216378572101
10.0 0.510824797657 0.920318405341 0.67348858458 0.549501252037
10.0 1.63408378556 0.640312986889 0.394238271084 0.277699960506
10.0 1.74174687202 0.625114703542 0.37939717249 0.2638245222
10.0 1.44640347825 0.669389835142 0.42285696737 0.304652185694
10.0 1.51799438145 0.657875789288 0.411486527447 0.293920257234
10.0 1.23879363373 0.706439368666 0.459504959564 0.339655414419
10.0 1.699814579 0.630915071136 0.385063374134 0.269094519831
10.0 1.01350563726 0.754584675412 0.507436102113 0.385988358805
10.0 1.09691843876 0.735595638034 0.488496683841 0.367614246471
10.0 1.00572023299 0.756435667126 0.509289613896 0.387782796602
10.0 2.21470325521 0.568124915851 0.324271875459 0.213423794415
10.0 1.37606856023 0.681295439716 0.434607770548 0.31583449741
10.0 1.5986526693 0.645522039858 0.399370128049 0.282492157555
10.0 1.64226735204 0.63912497013 0.393071796261 0.27660844129
10.0 2.37111443008 0.551953592259 0.308918117312 0.199682141718
10.0 1.89235316985 0.605402818339 0.360221881177 0.246076263735
10.0 2.13894530009 0.576351718348 0.33217905677 0.220521153335
10.0 1.60220206925 0.644994633181 0.398850368383 0.282006714245
10.0 0.728833686307 0.834088031983 0.586973151191 0.46388163366
10.0 0.992461062223 0.759630682442 0.512473348938 0.390881820747
10.0 1.41851287472 0.674048990758 0.427433936276 0.309017111614
10.0 0.749473644472 0.827340972677 0.580200351956 0.457222666046
10.0 1.9064746451 0.603637841457 0.358507485743 0.244504824901
10.0 1.57736191524 0.648714837745 0.402510776273 0.285433606778
10.0 2.35286072779 0.553781017593 0.310654287818 0.201218755015
10.0 0.873401598171 0.790395553377 0.543218279152 0.420904012038
10.0 2.00956334568 0.591158661607 0.346404455489 0.233447560407
10.0 1.84711862004 0.61115992539 0.365795794298 0.251223508048
10.0 1.06657986799 0.742320468649 0.495209385432 0.374111890163
10.0 2.1229298039 0.578129305054 0.333892303579 0.222061227821
10.0 1.30704645323 0.693606800379 0.446774740663 0.327462368656
10.0 2.37619785583 0.551447449598 0.30843709603 0.199257278754
10.0 2.25016867601 0.564361810298 0.32068573035 0.210197137437
10.0 1.9061663233 0.603676080253 0.358544791102 0.244538854725
10.0 2.24883426454 0.564502423271 0.32081939317 0.21031742177
10.0 1.16308688343 0.721546972152 0.474513996511 0.354102702086
10.0 0.547275908454 0.903550527573 0.656662919956 0.532796435191
10.0 2.29319927405 0.559868191244 0.316424126158 0.206366130052
10.0 1.7844785056 0.619364421524 0.373763739082 0.25861772554
10.0 1.04025628185 0.748329177389 0.501190663871 0.379919168969
10.0 0.968731225278 0.765453858125 0.518278681251 0.396550151686
10.0 1.8665770494 0.608664357596 0.363382281653 0.248987917713
10.0 0.661446337097 0.857571203758 0.610520906467 0.487116985911
10.0 2.22968158403 0.566529201078 0.322748658418 0.212053664209
10.0 2.07854650063 0.583137562128 0.338709138267 0.226415475064
10.0 1.24006203139 0.706193931435 0.459262398957 0.339421251616
10.0 1.39651187681 0.677780896836 0.431118422061 0.312526472906
10.0 0.857030124126 0.794961052532 0.547782405089 0.425372443105
10.0 2.48372296765 0.541007517235 0.298526659137 0.190548501104
10.0 0.658430554548 0.85867747154 0.611633463311 0.488212057366
10.0 2.30157635869 0.559003117004 0.31560471838 0.205631576675
10.0 1.83235515238 0.613071344275 0.367644527223 0.252940237474
10.0 1.88777404769 0.605978275638 0.360780342996 0.246589453068
10.0 0.533348575427 0.909818395142 0.662952676725 0.539039910533
10.0 2.21021786715 0.568604592639 0.324730593426 0.213836096971
10.0 2.46822919974 0.542483757783 0.299922176287 0.191773571673
10.0 1.37314718646 0.68180208342 0.435110985961 0.316311442291
10.0 1.46067895886 0.667042511097 0.420545987308 0.302460809536
10.0 0.741848391469 0.829809200391 0.582679433884 0.459661507217
10.0 0.592025135331 0.884463345532 0.637499256723 0.513803344923
10.0 1.81961449406 0.614732110892 0.36925353324 0.254435193993
10.0 0.921067932771 0.777596701455 0.530412203754 0.40838771222
10.0 1.88805785262 0.605942539363 0.360745636817 0.246557606514
10.0 2.07629765998 0.583394580377 0.338955839989 0.226639687224
10.0 1.0924885221 0.73656802977 0.489462212942 0.368552983182
10.0 1.4564012577 0.667743056915 0.421236507745 0.303114425272
10.0 2.19008401904 0.570768269122 0.326804343084 0.215698770781
10.0 1.37562767539 0.681371787332 0.434683624709 0.315906438833
10.0 1.49529102559 0.661463557732 0.415027596827 0.29726112969
10.0 1.19991689466 0.714066860103 0.467092987398 0.346944291699
10.0 0.946453913816 0.771048072226 0.523878112746 0.401994227701
10.0 2.12466148869 0.577936304399 0.333706348972 0.221893893207
10.0 2.45002456384 0.544229451096 0.301576214947 0.193225016194
10.0 1.58514402464 0.647541917666 0.401358327662 0.284352285777
10.0 1.44453420752 0.669699295444 0.423161026132 0.304941545156
10.0 1.05237136413 0.745541762568 0.498422923828 0.377221983024
10.0 2.44181774209 0.545020592646 0.302326796484 0.193883686821
10.0 0.777366087703 0.818510771649 0.5713526893 0.448519484747
10.0 2.42162534369 0.546978160486 0.304186827575 0.19551650133
10.0 1.83388430392 0.61287277076 0.367452282332 0.252761552187
10.0 0.638698878328 0.866051763841 0.619029000586 0.495524789178
10.0 1.06548161271 0.742567411464 0.495456618537 0.374350064252
10.0 0.755984428955 0.825246710093 0.578109828574 0.455155500079
10.0 1.48284428166 0.663452688533 0.416996944678 0.299114648204
10.0 1.85748461192 0.609827196737 0.364506959949 0.250028534443
10.0 0.597568262629 0.882197440762 0.63523097798 0.511554516826
10.0 1.72462383029 0.627463154975 0.381695795392 0.265955207187
10.0 1.92694419813 0.601106521635 0.356044420731 0.242254472697
10.0 1.93744297914 0.599819967687 0.354791943669 0.241112035713
10.0 1.50880511194 0.659322284487 0.412911627685 0.295266813003
10.0 0.638093000548 0.866281212154 0.619260561313 0.495752568474
10.0 1.00736377622 0.756043362156 0.508897582648 0.387402741582
10.0 2.1727714565 0.572643815412 0.328606868642 0.217316107977
10.0 1.69740668207 0.631253325685 0.385392678558 0.269402617363
10.0 1.31664982045 0.691856341927 0.445042032826 0.325802116617
10.0 2.40987496133 0.548125217863 0.305277819325 0.196474825386
10.0 1.28439435715 0.697779540218 0.45092607391 0.331423479
10.0 1.6748469982 0.634445396789 0.388499938399 0.272317406369
10.0 0.669785842167 0.854541816929 0.607471749026 0.484113880014
10.0 2.0286881061 0.588907991965 0.344242789625 0.231466834904
10.0 0.786088546469 0.815813195947 0.568657508263 0.445860068457
10.0 1.66944670664 0.635215756744 0.389250352508 0.273022477011
10.0 1.74507228735 0.624661971396 0.378953344387 0.2634139563
10.0 0.587891578672 0.886166186464 0.639202804151 0.515497983593
10.0 2.28267456217 0.560959918715 0.317458044072 0.207294313685
10.0 0.837840195585 0.800420807433 0.55324616358 0.430733975781
10.0 2.03188135617 0.588534412462 0.343884084178 0.2311382102
10.0 1.95943354619 0.597148118625 0.352193907065 0.238742519305
10.0 1.98642651219 0.593906532483 0.349053549851 0.235873262918
10.0 2.12597749971 0.57778983991 0.333565321242 0.221766948693
10.0 1.30923014458 0.693207746775 0.44637918432 0.327083964934
10.0 1.1643974596 0.721276708375 0.474246219592 0.353842979226
10.0 0.516063472861 0.917830674244 0.67100007997 0.547022556635
10.0 0.775452511867 0.819105146081 0.571949191421 0.449105924056
10.0 0.582064109834 0.888580030131 0.641633379796 0.517900913643
10.0 0.961865055626 0.767160660183 0.519991930101 0.398212192805
10.0 1.27883047742 0.698816070266 0.451958267663 0.332407346337
10.0 0.885690341851 0.787035142186 0.539843999913 0.417611690519
10.0 2.05521044285 0.585820068621 0.341282096899 0.228758857551
10.0 1.01756381992 0.753626668315 0.506475456484 0.38505892598
10.0 1.27609248682 0.699328389617 0.452467786037 0.332893364144
10.0 0.660294108815 0.857992819549 0.610945543386 0.487534283518
10.0 2.3709572049 0.551969237393 0.308933065025 0.199695265347
10.0 1.81315023669 0.615578553279 0.370075083549 0.255198288604
10.0 1.40997066231 0.675492330088 0.42885586374 0.310373493364
10.0 2.19840393304 0.569872066896 0.325944555384 0.21492672792
10.0 1.95417172705 0.597784575687 0.352812424616 0.23930684123
10.0 1.69903792525 0.631024070042 0.385169446365 0.269193827749
10.0 1.59763537475 0.645673405463 0.399519336084 0.282631536894
10.0 0.875294410283 0.7898748698 0.542694470516 0.420394376909
10.0 1.43201694666 0.671782170518 0.425206412695 0.306890828874
10.0 2.12235977363 0.578192842414 0.333953534621 0.222116302544
10.0 0.923386829287 0.776992933275 0.52980571696 0.407797381755
10.0 2.42763932027 0.54639330089 0.303630947536 0.195028395308
10.0 1.40799923485 0.675826044383 0.429185673508 0.310687663263
10.0 1.4749763213 0.664719534386 0.418250927816 0.300295088884
10.0 1.08561460562 0.738082873335 0.490969981663 0.370016930042
10.0 1.04016031838 0.748351705187 0.501212821275 0.379940695366
10.0 1.29814122852 0.695238923703 0.448396057032 0.32901196718
10.0 0.543461981254 0.905251700372 0.658369791868 0.53448779058
10.0 0.798153767242 0.812129591082 0.56497540761 0.442239511939
10.0 0.609560088907 0.877380811738 0.630389611648 0.506766755688
10.0 1.53813608589 0.654729935855 0.40839979424 0.290997035605
10.0 0.565013725404 0.89580098024 0.648880751142 0.52508323544
10.0 0.520697202885 0.915659426856 0.668812270203 0.544860033058
10.0 0.986278812872 0.761137268565 0.513969989026 0.392345688497
10.0 1.81684685362 0.615094258641 0.369604844812 0.254761489467
10.0 0.508718762501 0.921323318679 0.674496560947 0.550505172939
10.0 2.39470165882 0.549615475987 0.306695239248 0.19772165066
10.0 1.06529412293 0.742609617614 0.495498762152 0.374390861812
10.0 1.30165662646 0.694593386524 0.447754329629 0.328399248049
10.0 1.34256375221 0.687187141876 0.440439286537 0.321384298989
10.0 2.08475291031 0.582430007775 0.338029805533 0.225798607656
10.0 1.73301486172 0.626308769744 0.380566783892 0.264907599909
10.0 0.967795405161 0.765685987975 0.51851124319 0.396776068361
10.0 1.52111951375 0.657385610476 0.41100431085 0.293464192647
10.0 1.54332931581 0.653924822833 0.407611698637 0.290249896974
10.0 1.55281618693 0.652460240496 0.406179234129 0.288893439599
10.0 2.3358278634 0.555501069595 0.312286413412 0.202668384618
10.0 2.36586152844 0.552477715403 0.30941644914 0.200122545547
10.0 0.546994185943 0.90367572255 0.6567889239 0.53292123814
10.0 1.32041647476 0.691172732466 0.44436681309 0.325153863174
10.0 2.44092767659 0.545106536545 0.302408401977 0.193955278574
10.0 2.14218704122 0.575993630037 0.331833918918 0.22021123965
10.0 1.76394693736 0.622109285929 0.376450940699 0.261101860026
10.0 1.06979554551 0.741599119577 0.494487358443 0.37341504928
10.0 0.820274283348 0.805535333052 0.558366288309 0.435751255609
10.0 1.63414763645 0.640303699092 0.39422914294 0.277691374082
10.0 2.05019908116 0.586400667425 0.341838458449 0.229266727882
10.0 1.23845922599 0.70650417079 0.459568923113 0.339717179262
10.0 2.23790122323 0.565657624074 0.321918192048 0.211306462039
10.0 2.48958435768 0.540451572061 0.29800153232 0.190087407934
10.0 0.99569323555 0.758847012043 0.511694141668 0.390120999438
10.0 1.60411075546 0.644711444308 0.398571361099 0.281746209233
10.0 2.39063264542 0.550017039595 0.307076981328 0.198058013952
10.0 1.51450801272 0.658423431409 0.412025847119 0.294430183481
10.0 1.69377930169 0.631763615819 0.385889714455 0.269867910526
10.0 2.2809125405 0.561143065936 0.31763173809 0.207450226206
10.0 0.763795604928 0.822758187892 0.575623237482 0.452705157385
10.0 2.31450791588 0.557674101776 0.314346179658 0.204505340322
10.0 2.36715477617 0.552348521402 0.309293533036 0.200013928963
10.0 1.54157818553 0.654196061469 0.407877211935 0.290501625064
10.0 1.76915820809 0.6214096374 0.375765443651 0.260468314241
10.0 1.51974161304 0.657601637758 0.411216673394 0.293665168545
10.0 1.09779748063 0.73540324793 0.488305732599 0.367428571016
10.0 1.78904894212 0.618757430436 0.373170759138 0.258068782844
10.0 0.781242177899 0.817309343339 0.570150276448 0.447334321022
10.0 1.38872866757 0.679113043828 0.432439650644 0.313780354093
10.0 1.3074965522 0.693524468966 0.446693050819 0.327384315576
10.0 2.11397723214 0.579129911811 0.334855744372 0.222929056527
10.0 2.4173201003 0.547397570205 0.304585800808 0.195866899241
10.0 1.67989037748 0.63372817904 0.387801563614 0.271661459402
10.0 1.52793381781 0.656319336194 0.409957040608 0.29247265587
10.0 1.01478587453 0.754282228372 0.507132554514 0.385694860939
10.0 1.97628986854 0.595119175176 0.350226473951 0.236945912016
10.0 1.42825406372 0.672411599907 0.425824776956 0.307480935914
10.0 1.45209448034 0.66845047924 0.421933314702 0.30377508461
10.0 1.65429106578 0.637389031962 0.391371653849 0.275014427758
10.0 0.720222546148 0.836967405552 0.589848955764 0.46672786596
10.0 1.5285935499 0.656216256525 0.40985594472 0.292376732915
10.0 1.04182414488 0.747967256054 0.500830792683 0.379567922942
10.0 0.595894417694 0.88287826465 0.635914702918 0.512230345396
10.0 2.47783024775 0.541568091071 0.299056186815 0.191013352264
10.0 2.21170935796 0.568445004169 0.324577927234 0.21369894056
10.0 2.24668359855 0.564729203425 0.321035019487 0.210511503718
10.0 1.54852710813 0.653121302816 0.406825615026 0.289505500037
10.0 2.03483338516 0.588189275676 0.343552919829 0.23083527672
10.0 2.41040676565 0.548073203618 0.305228319259 0.196431323855
10.0 1.34548579583 0.686666137095 0.439925795893 0.320892955137
10.0 2.43086959795 0.546079854075 0.303333025077 0.194766866002
10.0 1.93674016125 0.599905806131 0.354875649357 0.241188276757
10.0 1.11162133482 0.732393257026 0.485322297584 0.364528864641
10.0 1.77177711256 0.621058699453 0.375421647063 0.260150812601
10.0 2.40059882143 0.549035018845 0.306143208454 0.19723586165
10.0 1.45956188931 0.667225306067 0.420726196006 0.302631193663
10.0 0.815985044922 0.806803299107 0.559629688483 0.436997732734
10.0 1.60666800536 0.644332976069 0.398198092047 0.281397720413
10.0 0.934385028659 0.774144046744 0.526957919497 0.405013210611
10.0 2.4578433598 0.543478088095 0.300863930519 0.192600063386
10.0 2.17647869819 0.572240906121 0.328219340889 0.216968468102
10.0 2.06522537966 0.584665032502 0.340174468882 0.227748510838
10.0 1.75858117245 0.622831654622 0.377159458909 0.26175622847
10.0 1.5486515773 0.653102121618 0.406806979858 0.289487706581
10.0 1.98687558192 0.593853132616 0.349001756743 0.235825887303
10.0 2.12766423775 0.577602315592 0.33338448285 0.221604309573
10.0 0.907901013428 0.781058861629 0.533886119196 0.411767575435
10.0 1.56823386464 0.650099663395 0.403869049996 0.286711514446
10.0 1.16069352298 0.722041495848 0.475004101049 0.354577567041
10.0 1.04591598416 0.74702304398 0.499894169404 0.37865402383
10.0 2.09399382216 0.581380506364 0.337021625055 0.224885015143
10.0 1.18019354293 0.718039175861 0.471042610897 0.350740750654
10.0 1.19065834199 0.715921203154 0.468940376205 0.348715977467
10.0 2.26381579636 0.562927962983 0.319324163745 0.208971828236
10.0 1.86046079531 0.609445914732 0.364138230146 0.249687179703
10.0 1.48906566503 0.662456225321 0.416010298805 0.298186206143
10.0 0.961942263391 0.767141416475 0.519972641547 0.39819355697
10.0 1.21299449161 0.711476177505 0.464507137588 0.344468366284
10.0 2.17450779077 0.57245499098 0.328425277278 0.217153234995
10.0 1.49390703687 0.661683897056 0.415245754023 0.297466592742
10.0 1.7199185381 0.628113323595 0.382331089912 0.266545632076
10.0 0.944984337832 0.771422926723 0.524251308303 0.402359198226
10.0 1.79675705479 0.617736588295 0.372174899864 0.257146500629
10.0 1.43683075581 0.670978797159 0.424417833816 0.306138543599
10.0 2.06233700009 0.584997531939 0.340493361025 0.228039061116
10.0 1.09271550021 0.736518230408 0.48941269484 0.368505016242
10.0 1.62158189483 0.642137742748 0.396034124543 0.279377987668
10.0 1.21277763931 0.711518727902 0.464549917329 0.344509321842
10.0 1.15686519718 0.722834091142 0.475790561827 0.355339354044
10.0 0.795568422476 0.812912882926 0.565760835978 0.443008896454
10.0 0.626670280017 0.87066740916 0.623649655687 0.500102538146
10.0 2.44368319437 0.544840439082 0.302155946697 0.193733754096
10.0 2.03134064603 0.588597683623 0.343944755255 0.231193823795
10.0 0.953569214591 0.769243193165 0.522077992887 0.400237890755
10.0 1.31103927868 0.692877831457 0.446052167245 0.326770697746
10.0 1.92071752412 0.601873480091 0.356790759256 0.242935644083
10.0 2.39556075088 0.549530818348 0.30661474746 0.197650811613
10.0 0.631596876207 0.868765950398 0.621748703797 0.498213801798
10.0 1.73315834003 0.626289135468 0.380547514359 0.264889746326
10.0 2.08579265902 0.582311640872 0.337916150842 0.225695462107
10.0 0.699082647428 0.844174180011 0.597080071313 0.473850035167
10.0 1.53157869408 0.65575041754 0.409399318081 0.291944188492
10.0 0.645485977515 0.863494931027 0.616453585782 0.492988217905
10.0 1.01979620126 0.753101260701 0.505948748718 0.384549015107
10.0 0.673914167826 0.853052024577 0.605981714759 0.482636534439
10.0 2.27332452756 0.561933636984 0.318381042368 0.208123680057
10.0 0.721548357424 0.836522868856 0.589403615136 0.466287509923
10.0 2.09658555913 0.581087162984 0.336739539641 0.224629860588
10.0 1.6071518375 0.644261400561 0.398127540319 0.281331891031
10.0 0.87285354786 0.790546321347 0.543369826909 0.421051910035
10.0 2.13817107583 0.576437310608 0.332261612597 0.220595315704
10.0 1.39328881588 0.67833176502 0.431664600739 0.313044867838
10.0 2.45889912442 0.543376822162 0.300767968754 0.19251585505
10.0 1.22465873496 0.709188485892 0.462228861349 0.342281360102
10.0 2.37973674192 0.551095637625 0.308102837874 0.198962329002
10.0 0.701911840038 0.843194426049 0.596102223711 0.472881199428
10.0 1.45115241938 0.668606006691 0.422085977368 0.303919929421
10.0 1.17103266614 0.719911477991 0.472895492768 0.352533699913
10.0 2.24768478948 0.564623680837 0.320934608658 0.210421114527
10.0 2.43582371741 0.545600025978 0.302876974446 0.194366693909
10.0 2.01656304896 0.590332778607 0.345610471428 0.23271996318
10.0 0.89774653041 0.783773481342 0.536592558782 0.414417979838
10.0 1.95804443952 0.597316045807 0.35235697715 0.238891253915
10.0 2.49678744873 0.539769440645 0.297358487445 0.189522566035
10.0 1.99851257817 0.592467728725 0.347665022684 0.234602281748
10.0 2.35900480541 0.553163912751 0.310068470952 0.200699555917
10.0 1.58655860271 0.647329429622 0.401149381854 0.284156619269
10.0 2.03915011668 0.587685343526 0.343069927168 0.230392996782
10.0 1.16723887559 0.720691137263 0.473666889404 0.353281182126
10.0 1.84865943924 0.610961348226 0.365603769652 0.251045347006
10.0 0.681872059589 0.850203677299 0.60313456036 0.47981883972
10.0 1.41353188011 0.674889655257 0.428261812933 0.309806985776
10.0 1.22971346182 0.708202648126 0.461250437256 0.341339043645
10.0 0.556027373306 0.899699872519 0.652789678511 0.528959845636
10.0 1.6288488442 0.6410755204 0.394988198168 0.278401062398
10.0 2.25813722651 0.563523736299 0.31988945196 0.209480501608
10.0 0.673902947312 0.853056383882 0.605985752258 0.482640622894
10.0 0.774808535535 0.81930557012 0.572150511008 0.449303427177
10.0 0.728513820057 0.834195045571 0.587079481377 0.463986631214
10.0 2.28898303837 0.560305030867 0.316837694705 0.20673730243
10.0 1.2089256547 0.712278885501 0.465308540221 0.345235754577
10.0 1.9634103814 0.59666807659 0.351727679541 0.23831713097
10.0 2.39400104763 0.549684674024 0.306760923349 0.197779613125
10.0 1.4408763471 0.670305544662 0.423757124861 0.305508684232
10.0 2.4658088801 0.542715306417 0.300141191997 0.191965854116
10.0 1.88321748058 0.606552795732 0.3613372609 0.247101779811
10.0 2.28876813847 0.56032720858 0.316858797337 0.206756171836
10.0 2.06199217424 0.585037208631 0.340531494318 0.228073874785
10.0 1.03478946531 0.749597816094 0.502450350464 0.381148333492
10.0 1.46813507396 0.665827544668 0.419346622289 0.301327971771
10.0 1.64040194017 0.63939548375 0.393336944963 0.276856778656
10.0 1.16130241898 0.721915787769 0.474879439324 0.354456821024
10.0 2.15220084882 0.574891502011 0.330771422785 0.219257849604
10.0 2.41142520363 0.547973507424 0.305133513261 0.196347997087
10.0 1.66463159272 0.635904416615 0.38992181477 0.273653186762
10.0 1.18042198875 0.717992599172 0.470996587271 0.350696296228
10.0 1.58383902916 0.64773814533 0.401551324828 0.284533108963
10.0 1.33514727409 0.688514527362 0.441747120614 0.322638004682
10.0 0.516618868815 0.917568701825 0.670737010517 0.546762043381
10.0 1.18917204073 0.716220654879 0.469238180063 0.34900207837
10.0 1.67751704701 0.634065432491 0.388129916522 0.271969837891
10.0 1.78879991447 0.618790428338 0.37320302091 0.258098706017
10.0 2.10795763427 0.579805279538 0.335506200986 0.223515508094
10.0 1.05661838854 0.744572904009 0.497459078554 0.376286324553
10.0 1.0641816486 0.742860313432 0.495749419293 0.374632869184
10.0 0.61726551749 0.874328593471 0.627334610768 0.503738862307
10.0 1.4860814288 0.662933544436 0.416483044142 0.298630929493
10.0 0.923640979636 0.776926666709 0.529739465474 0.407732803359
10.0 0.802257434508 0.810893871748 0.563732323227 0.441024647213
10.0 1.28299898369 0.698039093506 0.451184609634 0.33166974831
10.0 2.38533391279 0.550540984392 0.307575265983 0.198496995584
10.0 1.07216703986 0.741068838445 0.4939559011 0.372902763679
10.0 1.3800573356 0.680605517163 0.433922303262 0.315185101725
10.0 1.4904285227 0.662238736978 0.415794772907 0.297983372946
10.0 1.10356536677 0.734142707658 0.487056372713 0.366213279337
10.0 1.09613464854 0.735767648466 0.488667104435 0.367780099953
10.0 0.824149785654 0.804395156123 0.557229606069 0.434631538619
10.0 0.535143953546 0.909003377689 0.66213018103 0.538227732111
10.0 0.83630464203 0.800862400663 0.553690312231 0.431167457163
10.0 1.01531461275 0.754157180174 0.507007349013 0.385573575539
10.0 1.03190262877 0.750269338211 0.503118742418 0.381799838844
10.0 2.45543194475 0.54370963635 0.301083305762 0.19279256506
10.0 1.93274819114 0.600394448289 0.355351114035 0.241621998087
10.0 0.534102203724 0.909476143063 0.662606637271 0.538698479971
10.0 1.5076438628 0.659505716938 0.413092568054 0.295437492772
10.0 1.32788006487 0.689822462204 0.443035584552 0.323875156532
10.0 1.33607409749 0.688348163515 0.44158322845 0.322480840405
10.0 1.68742093522 0.632660976292 0.386762845674 0.270686588382
10.0 0.657325448686 0.859084787068 0.612041502356 0.488615112158
10.0 1.44315947705 0.669926973468 0.423384867617 0.305154509035
10.0 1.08844537233 0.737458268209 0.49034721403 0.369413059225
10.0 2.14779113056 0.575376097976 0.331238556475 0.21967692901
10.0 1.16146486847 0.721882059517 0.474846117108 0.354424453514
10.0 1.14740925455 0.724800515777 0.477747259017 0.35723016948
10.0 2.04912194597 0.586525445733 0.341958007868 0.229376209537
10.0 0.657455618433 0.859036722959 0.611993546543 0.48856757169
10.0 0.78716427673 0.815481851816 0.568327320001 0.445533921591
10.0 1.50286877882 0.660260581887 0.413838173148 0.296140856445
10.0 0.962592076586 0.766979561333 0.519810009349 0.398035693644
10.0 2.2437346988 0.565040609289 0.321331019154 0.210778009802
10.0 1.07493276393 0.740451642853 0.493337996594 0.372306865126
10.0 1.57209795782 0.649512468573 0.403293301803 0.286169370491
10.0 1.53998244287 0.654443463743 0.40811932086 0.290731011299
10.0 0.936039261502 0.773717695955 0.526533317117 0.404596869112
10.0 1.77164861306 0.621075953741 0.375438495348 0.260166381417
10.0 1.10141714079 0.734611506618 0.487521002429 0.366664705904
10.0 2.03121565774 0.588612261514 0.343958786487 0.231206697956
10.0 2.10523582818 0.580111202777 0.335800779704 0.223781302425
10.0 0.935695854051 0.773806141013 0.526621381086 0.404683243594
10.0 1.31236040466 0.692636872837 0.445813844538 0.326542236929
10.0 1.85148855007 0.610597048235 0.365251501278 0.250718678968
10.0 1.57302480058 0.649371581702 0.403155155346 0.286039588843
10.0 1.76852389982 0.621494725955 0.37584876291 0.260545438841
10.0 1.33120117382 0.689224192042 0.442445782964 0.323308862083
10.0 1.66342572647 0.63607719528 0.390090329896 0.273811474827
10.0 1.66800574594 0.635421659166 0.389451056021 0.273210968244
10.0 0.722526503583 0.836194939088 0.589075705895 0.465962983414
10.0 2.32229570859 0.5568777925 0.313591519355 0.203831501613
10.0 1.90092380473 0.604329684455 0.359179831351 0.245120789781
10.0 1.51692511195 0.658043698707 0.411651734891 0.294076541006
10.0 2.13999059592 0.576236212797 0.332067732808 0.220421135349
10.0 1.16847993403 0.720436073652 0.473414320784 0.353036317908
10.0 1.67561050532 0.634336678764 0.388394063115 0.272217950699
10.0 2.24695737305 0.564700439966 0.321007556856 0.21048679887
10.0 1.44628196371 0.669410055785 0.422876723389 0.304671112816
10.0 0.994592325279 0.759113567191 0.511959530462 0.390379983087
10.0 0.877347360713 0.789311490448 0.542128476246 0.419842929501
10.0 0.849590987029 0.797067055918 0.549881479688 0.42743916425
10.0 0.917185890905 0.77861121958 0.531431339981 0.409378760383
10.0 0.683545404478 0.849609843432 0.602538618353 0.479232338045
10.0 1.93637272723 0.599950765195 0.354919203881 0.241228158504
10.0 0.875837329209 0.789725626476 0.542544825567 0.420248379643
10.0 1.62642550745 0.641429186488 0.395336368074 0.278726381722
10.0 1.61939616207 0.642458173033 0.396349794917 0.279672702524
10.0 0.537100481356 0.908117857184 0.661238236752 0.537344264155
10.0 2.11774308645 0.578708286513 0.334450022515 0.222563375973
10.0 2.02735470127 0.589064383213 0.344392750499 0.23160413595
10.0 1.537214573 0.654873138697 0.408539986306 0.291129812841
10.0 1.89920143546 0.604544745485 0.359388902468 0.245312183237
10.0 1.10118034332 0.734663166865 0.487572258499 0.366714702103
10.0 2.14660110684 0.575507085024 0.331364811943 0.219790271342
10.0 0.904674522634 0.781917046173 0.534743465016 0.412605316733
10.0 1.97199530791 0.595634522333 0.35072584277 0.237402017638
10.0 2.11558337425 0.578949860935 0.334682601535 0.22277291883
10.0 2.13568022481 0.576712912932 0.332527282488 0.220833932899
10.0 2.22469223043 0.567059761659 0.3232545593 0.212508860166
10.0 1.92289796168 0.601604597071 0.356529102608 0.242696789037
10.0 1.31033939569 0.693005415689 0.446178734704 0.326891836388
10.0 2.43701145445 0.545484996505 0.302767917543 0.194270848244
10.0 0.793276962705 0.813609805443 0.566458929051 0.443693587353
10.0 1.54684923749 0.653380358744 0.40707913218 0.289745586703
10.0 1.0756485013 0.740292446453 0.493178438136 0.372152825404
10.0 1.67343277526 0.634646896146 0.388696190596 0.272501834226
10.0 0.58182772514 0.888678644688 0.641732615574 0.51799865507
10.0 2.36319610882 0.552744244755 0.309669668529 0.200346611701
10.0 0.50339338561 0.92387935445 0.677072784528 0.553054944262
10.0 1.93100662291 0.600607740272 0.355558945033 0.2418115226
10.0 0.93986693744 0.772733354439 0.525554124351 0.403636289256
10.0 1.49560520362 0.66141337234 0.414978156275 0.297214723111
10.0 1.23300841804 0.707561678175 0.4606150925 0.340726784566
10.0 2.07040408744 0.58406987603 0.339603767156 0.227228779136
10.0 1.80242061077 0.616989188637 0.371446709238 0.256471351498
10.0 0.675413889211 0.852512458575 0.605442945657 0.482102115277
10.0 1.40410742223 0.676487080877 0.429838030963 0.311309109209
10.0 1.43995855477 0.670458015981 0.423906888922 0.305651534457
10.0 2.23125270988 0.566362460128 0.322589546266 0.21191070209
10.0 1.61444183714 0.643186183053 0.397067344941 0.280342303562
10.0 0.986875616967 0.760991254281 0.513825088723 0.392203976063
10.0 1.25871208351 0.702611860817 0.455724540256 0.336010967914
10.0 2.42949354672 0.546213341968 0.303459859269 0.194878218931
10.0 0.756490719731 0.82508457124 0.577948170125 0.454995576008
10.0 2.37347047859 0.551718890192 0.308695114009 0.199485050713
10.0 1.39283742832 0.678408931507 0.431741107755 0.313117555608
10.0 1.26589946732 0.70124732514 0.454373481429 0.334714656934
10.0 1.0343448127 0.749701152613 0.502553086261 0.381248624991
10.0 1.5484233376 0.653137368363 0.406841406847 0.289520249809
10.0 0.988511317289 0.76059212758 0.513428598954 0.391815877721
10.0 2.46191661058 0.543087779756 0.300493978153 0.192275428283
10.0 0.750487274842 0.827013958199 0.579873711937 0.456899913491
10.0 2.19793060807 0.569923034575 0.325993260084 0.214970564349
10.0 1.22744670133 0.708644401158 0.461688516366 0.341761214949
10.0 1.93193860763 0.600493645442 0.355447705494 0.241710077666
10.0 2.32718922961 0.556379148726 0.313118646169 0.203409760674
10.0 2.27877692151 0.561365119734 0.317842347462 0.207639469462
10.0 2.36923364362 0.552141015714 0.309096353865 0.199839546541
10.0 2.37291665351 0.55177388789 0.30874746305 0.199531359385
10.0 1.91859041944 0.602135957719 0.357046289647 0.243169048798
10.0 1.30408602562 0.694148218411 0.447312253108 0.327976656097
10.0 1.84293696814 0.611699855857 0.36631780705 0.251708035322
10.0 2.48624787644 0.540768013352 0.298300228662 0.190349648901
10.0 1.24857484705 0.704552146845 0.457641336773 0.337856551423
10.0 1.01959419984 0.753148806438 0.505996363464 0.384595186138
10.0 2.07091232217 0.584011569481 0.339547838974 0.227177856221
10.0 2.20365983443 0.569307458158 0.325403433196 0.214440714655
10.0 2.28133317596 0.561099315913 0.317590322269 0.207412981451
10.0 0.698473005017 0.844385833612 0.597290803601 0.474059490516
10.0 2.15962072015 0.574078191985 0.329987897444 0.218554741659
10.0 1.46106765434 0.666978951672 0.420483366604 0.30240156296
10.0 1.69684761269 0.631331807905 0.385469178016 0.269474282236
10.0 2.19580079469 0.570152170696 0.326212960292 0.215167922242
10.0 0.539734983883 0.90692841608 0.660045281318 0.536157722067
10.0 1.24191467867 0.705835866774 0.458908670728 0.339079763401
10.0 1.76958765354 0.621352077124 0.375708959684 0.260416209562
10.0 2.14513105005 0.575669003661 0.331521008086 0.219930340148
10.0 1.70834708467 0.629721203257 0.383900162555 0.268007581773
10.0 2.12989903961 0.577353990742 0.333145083984 0.221389228084
10.0 0.842322610462 0.799137338673 0.551955301445 0.429473332744
10.0 1.70514536558 0.630168378723 0.384336177877 0.268414569057
10.0 2.24254359757 0.565166459614 0.32145085076 0.210885780651
10.0 2.21470925673 0.568124274582 0.32427126253 0.213423243301
10.0 2.22401429844 0.567131912226 0.32332340147 0.212570802143
10.0 1.94791776293 0.598543480071 0.353550060541 0.239979511848
10.0 2.23713841198 0.565738270383 0.321995103268 0.211375634272
10.0 2.01123338429 0.590961415515 0.346214701292 0.233273662436
10.0 1.36710304133 0.682854407336 0.4361557312 0.317302058254
10.0 2.16929376265 0.573022491355 0.328971083025 0.21764280981
10.0 2.31319587868 0.557808572697 0.314473498556 0.20461922635
10.0 1.03407566239 0.749763562585 0.502615287219 0.381309217364
10.0 1.79362634674 0.618150824558 0.372578768677 0.257520702111
10.0 0.857071224686 0.794949461876 0.547771115491 0.425361100921
10.0 0.719478936187 0.837217136666 0.59009946984 0.466974900828
10.0 1.81557399621 0.615260789166 0.369766625756 0.254911785215
10.0 1.91921828891 0.602058376843 0.356970836347 0.243100027359
10.0 2.23713061904 0.565739119533 0.321995889165 0.211376341115
10.0 1.55018300742 0.652865785879 0.406575862406 0.289268945184
10.0 0.87034226356 0.791239940059 0.544066238615 0.42173060651
10.0 1.49504637119 0.661502409108 0.415066126831 0.297297540454
10.0 2.01942485372 0.589995964381 0.34528666817 0.232423388149
10.0 1.82977028174 0.613407368777 0.367969889517 0.253242550159
10.0 1.57732305199 0.648720714001 0.402516650312 0.285439011186
10.0 1.67236478856 0.634799182843 0.388844519172 0.272641215469
10.0 1.56522827984 0.650558021392 0.404317824079 0.287134597132
10.0 2.27963428334 0.561276082882 0.317757770174 0.207563465121
10.0 2.19961651938 0.56974170265 0.325819586066 0.214814474993
10.0 1.08338067614 0.738576608894 0.491462604723 0.370494485454
10.0 1.11106367447 0.732513913219 0.485441690205 0.364644826262
10.0 2.16107577813 0.573919026759 0.329834605514 0.218417247696
10.0 0.807372605739 0.809363349181 0.562192825157 0.439518263953
10.0 0.636882862157 0.866741789727 0.619722811417 0.496208258713
10.0 1.028472074 0.751069202032 0.503916213049 0.382576301484
10.0 0.532947726046 0.910000870271 0.663136506656 0.539221361318
10.0 1.51206690493 0.658808065804 0.412404481328 0.294787952744
10.0 2.12193685379 0.578240101935 0.33399897442 0.222157199252
10.0 1.49466048168 0.66156385696 0.415127015824 0.297354754485
10.0 1.36076077534 0.68396500327 0.437256575755 0.318347595615
10.0 0.559281791837 0.898278911246 0.65136951081 0.527545815857
10.0 2.28757825568 0.560450596396 0.3169756793 0.20686102147
10.0 0.928836953547 0.775578072923 0.52838892344 0.406414773437
10.0 2.35476303905 0.55358966627 0.310472739418 0.20105784938
10.0 2.14431307289 0.575759151152 0.331607966144 0.220008336979
10.0 0.75483894969 0.82561390808 0.578476183207 0.455517894791
10.0 2.03681950602 0.587957184543 0.343330712404 0.230631591664
10.0 2.40753164559 0.548354688827 0.305496032865 0.19666667459
10.0 0.505863209942 0.922690305282 0.675874238802 0.551869539874
10.0 0.641886673595 0.864847339966 0.61781514887 0.494330804271
10.0 1.67256100568 0.63477119465 0.388817259291 0.272615553749
10.0 0.766440030579 0.821923243021 0.574784969238 0.451883449735
10.0 1.31961999809 0.691317187212 0.444509361698 0.325290781931
10.0 1.60421300423 0.644696294324 0.398556424348 0.281732264427
10.0 0.719808515102 0.837106636423 0.589988658001 0.466865108329
10.0 2.29612094821 0.559566041134 0.316137944313 0.20610955606
10.0 1.79395757167 0.618106931303 0.372536007948 0.257481078261
10.0 1.09439792634 0.73614847226 0.489045517026 0.368148001409
10.0 0.923750367917 0.776898179937 0.529710947731 0.407704914631
10.0 1.56362034594 0.650803358756 0.404558145897 0.287361418339
10.0 2.12148037627 0.578291011642 0.334048030209 0.222201315264
10.0 1.77260591477 0.620947734843 0.375312998695 0.260050425112
10.0 0.687323647837 0.8482778701 0.601197080052 0.477914748712
10.0 0.638638008967 0.866074639386 0.619052244675 0.495547619558
10.0 0.92588336033 0.776343687981 0.529155684502 0.407163211594
10.0 2.24247513211 0.565173695431 0.321457669188 0.210891978349
10.0 1.10996010283 0.732752895559 0.485678778217 0.36487471882
10.0 1.1402438872 0.726299257939 0.479243915178 0.358671367367
10.0 0.714345055406 0.838946506926 0.591838255423 0.468685677256
10.0 1.28375510074 0.697898241347 0.451044412665 0.3315362631
10.0 1.62889203492 0.641069220345 0.394982015724 0.278395269035
10.0 2.44980268627 0.544250803632 0.301596469068 0.193242888741
10.0 2.22202971122 0.567343192344 0.323525174884 0.212752218281
10.0 2.13316794617 0.57699117556 0.332795493452 0.221074895166
10.0 1.58653937118 0.647332316916 0.401152134174 0.284159185882
10.0 1.31580017473 0.692010691837 0.445194706115 0.325948472884
10.0 0.537378953798 0.907991906176 0.661111909242 0.537218968294
10.0 1.03494613595 0.749561380392 0.502414196385 0.381113001285
10.0 0.669015519463 0.854820450614 0.607751187256 0.484390298628
10.0 1.09016166505 0.737080301862 0.489971094129 0.369047752457
10.0 1.95849347614 0.59726167749 0.352304248032 0.2388431124
10.0 0.625135736458 0.871262076903 0.624245605137 0.500693284066
10.0 2.15427216227 0.574664180368 0.330552409077 0.219061293479
10.0 2.30426635327 0.558726028047 0.31534235566 0.205396590709
10.0 1.82106572371 0.614542366025 0.369069609874 0.254264328844
10.0 1.26537803586 0.701345855081 0.454471129249 0.334808252438
10.0 1.16077772732 0.722024033902 0.474986848014 0.354560835197
10.0 0.571491088339 0.893036425594 0.646098870657 0.522329531478
10.0 2.16021739551 0.574012924063 0.32992502225 0.218498346492
10.0 1.73321868645 0.626281023809 0.380539393656 0.264882237783
10.0 1.19896727742 0.714256289015 0.467282042125 0.347125332018
10.0 2.00771616481 0.591377062302 0.346614579066 0.233640072251
10.0 0.875225601769 0.789893364365 0.542713632628 0.420412866636
10.0 0.766523246495 0.821896962717 0.574758660525 0.451857519206
10.0 0.96860135128 0.765485897294 0.518311005278 0.396581454086
10.0 1.47087871193 0.665382514934 0.418906547547 0.300913155491
10.0 2.12413116189 0.577995444125 0.333763312681 0.221945102666
10.0 2.40588830297 0.548515763705 0.305649183078 0.196801371239
10.0 1.89390704434 0.60520770333 0.360032584824 0.245902537317
10.0 1.93961771167 0.59955421901 0.354533577144 0.240876322693
10.0 1.59428739245 0.646172438147 0.400010843705 0.283091117692
10.0 2.3111904706 0.558014462721 0.314668305753 0.204793457908
10.0 0.78775866991 0.815298854894 0.568145002424 0.445354195544
10.0 0.71577155799 0.838465183731 0.591353364352 0.468209468551
10.0 1.26335627069 0.701729021388 0.454850774819 0.335172172067
10.0 1.62219150559 0.64204849039 0.395946162808 0.279295891554
10.0 2.43041987737 0.546123471379 0.303374463911 0.194803249417
10.0 1.69790019158 0.631183990149 0.385325169847 0.269339436502
10.0 0.700271838684 0.843761899568 0.596668626958 0.473442319847
10.0 1.76783575927 0.621586998813 0.375939127549 0.260628994423
10.0 2.08116186578 0.582839206216 0.338422667791 0.226155156596
10.0 1.24080737219 0.706049984167 0.459120010919 0.33928383426
10.0 1.55074878267 0.652778692457 0.406490595738 0.289188243221
10.0 0.737596461315 0.831195970501 0.584075845744 0.461030102304
10.0 1.48659198886 0.662851703181 0.416402096764 0.298554797069
10.0 0.850663856217 0.796762684519 0.549577471318 0.427139854628
10.0 2.28284223137 0.560942492268 0.317441595305 0.207279482703
10.0 1.75734019318 0.622999221289 0.377323539156 0.26190758843
10.0 2.12303348021 0.578117747525 0.333881168786 0.222051204919
10.0 1.75023301879 0.623960875606 0.3782663438 0.26277873475
10.0 2.12510044411 0.577887524082 0.333659221488 0.221851556899
10.0 1.13907864033 0.726543961879 0.47948830549 0.358906615552
10.0 0.636619349408 0.866842221976 0.619823707633 0.496307570974
10.0 2.27950021041 0.561290038194 0.317770993901 0.207575347395
10.0 2.20767795916 0.568876593777 0.324990896652 0.214070096407
10.0 1.25371308729 0.703566733711 0.456668127156 0.336918706988
10.0 1.05892672308 0.744048552452 0.496936235368 0.375780059005
10.0 2.44115307427 0.545084768551 0.302387732817 0.193937207389
10.0 1.95133949496 0.598128073109 0.353146045256 0.239611165686
10.0 2.45303083289 0.543940049933 0.301302011704 0.192984474455
10.0 1.36701304036 0.682870189442 0.436171431649 0.317316873383
10.0 1.56168539609 0.651099305931 0.404847641377 0.287634675917
10.0 2.11297917711 0.579241647303 0.334963447197 0.223026187291
10.0 2.14133462843 0.576087712649 0.331924621204 0.220292664439
10.0 1.37568237221 0.681362431009 0.434674137037 0.31589752685
10.0 1.01935400477 0.753205245675 0.50605307759 0.384650024729
10.0 2.04849486241 0.586598235314 0.342027880357 0.229439894313
10.0 1.73787893575 0.625642823276 0.379914684497 0.26430327419
10.0 1.21895037467 0.710305547919 0.463340529901 0.343349623118
10.0 1.8074316589 0.616329490434 0.370804915022 0.255875715514
10.0 1.96890762438 0.596005931664 0.351085362419 0.237730760932
10.0 1.03328714329 0.749947031558 0.502797671631 0.381487104308
10.0 1.42515839197 0.672931008859 0.426334881048 0.307967862354
10.0 1.39496122666 0.678045838047 0.431380921613 0.312775736537
10.0 1.71904688032 0.628233963197 0.382449072057 0.266655273599
10.0 1.15835270469 0.722525993801 0.475484615084 0.355043091227
10.0 1.98434446007 0.594155284568 0.349293849261 0.236093064542
10.0 1.45834015141 0.66742509897 0.420923331435 0.302817990595
10.0 1.61433051828 0.643202562167 0.397083495607 0.28035737523
10.0 1.7515571605 0.623781324201 0.378090376158 0.262616109778
10.0 1.1176456744 0.731094375975 0.484031768831 0.363279969275
10.0 0.847324671694 0.79771113837 0.55052561554 0.428072108555
10.0 1.69973004763 0.630926907568 0.385074870453 0.269105325586
10.0 1.33553089087 0.6884456299 0.441679268328 0.32257297988
10.0 1.7303545692 0.62667398331 0.380924140865 0.265239065592
10.0 2.00366830223 0.591856250193 0.347075924052 0.234062626001
10.0 0.710409244348 0.840280150102 0.593181576177 0.470003795699
10.0 2.09489005797 0.581279027429 0.336923994234 0.224796745215
10.0 0.679978503878 0.850877613091 0.603809725176 0.480485198531
10.0 1.33069440282 0.68931522788 0.442535726987 0.323395119139
10.0 0.729876120672 0.833741977554 0.586627336834 0.463539916282
10.0 1.53951210496 0.654516460081 0.408190757068 0.290798755043
10.0 2.49150823617 0.540269205208 0.297829486078 0.18993624568
10.0 0.955856263293 0.768666829762 0.521501486119 0.399677413713
10.0 1.59288707488 0.646381626442 0.400216791968 0.283283474064
10.0 1.38654028357 0.679488537465 0.432812700768 0.314134037219
10.0 2.42475373264 0.546673659086 0.303897447058 0.19526239851
10.0 1.61368774666 0.6432970829 0.397176744515 0.280444491876
10.0 2.27544497702 0.56171218847 0.318171351192 0.207935201726
10.0 1.69657284739 0.631370462227 0.385506810521 0.269509492076
10.0 0.563829734496 0.896309862311 0.649393465874 0.52558932521
10.0 1.70598873905 0.630050545367 0.384221262389 0.268307242914
10.0 2.11042908498 0.579527636618 0.335239068996 0.223274470266
10.0 0.501186843134 0.924949768661 0.678146667391 0.554120280622
10.0 1.5683039434 0.650089086718 0.403858597804 0.286701687981
10.0 1.6563051733 0.637099168096 0.391088402369 0.274748647531
10.0 1.25226358926 0.703844282732 0.456942237424 0.337182740966
10.0 2.4677072736 0.54253386544 0.299969382431 0.191815024973
10.0 1.68773808577 0.632616276181 0.386719287823 0.270645653561
10.0 2.09620853003 0.58112980842 0.336780536542 0.224666954121
10.0 0.709368808668 0.840634269541 0.593538057298 0.470353441038
10.0 0.747390151342 0.828013292151 0.580874286258 0.457887662374
10.0 2.34222878602 0.554853114243 0.311671679941 0.202121715862
10.0 1.52643946583 0.656552468563 0.410186197067 0.292689673987
10.0 1.33655556369 0.688261892545 0.441498273903 0.322399179943
10.0 0.63942151876 0.865778039489 0.618753209813 0.49525375548
10.0 1.66010102776 0.63655379412 0.390555702758 0.274248385801
10.0 1.42024691056 0.673756706966 0.427146655329 0.308742917281
10.0 1.41087064682 0.675339934128 0.428705597029 0.310230190028
10.0 0.897411928712 0.783863626194 0.536681865007 0.414506175892
10.0 0.978376681836 0.763074137694 0.515897669456 0.394231308648
10.0 1.14677854678 0.724931986134 0.477878283046 0.357356803969
10.0 1.74579235165 0.624564002731 0.378857349241 0.263325187409
10.0 1.01561676574 0.754085815244 0.506935650931 0.385504324205
10.0 1.92681237282 0.601122726204 0.356060196636 0.242268866308
10.0 1.0894238641 0.737242696759 0.490132579059 0.369204842016
10.0 1.36243736053 0.683670705034 0.436965054232 0.318070573477
10.0 2.36479541428 0.552584280242 0.309517696814 0.200212150344
10.0 2.23972818819 0.56546426782 0.321734103202 0.211140741312
10.0 2.16537672487 0.573449363156 0.329382134821 0.218011631181
10.0 0.875917663477 0.789703573632 0.542522700219 0.420226749902
10.0 1.19700256837 0.714648650584 0.467673380368 0.347499948402
10.0 1.78827130416 0.618860633557 0.373271501722 0.258162057533
10.0 2.23719617901 0.565732236852 0.321989277719 0.211370378977
10.0 2.08237469967 0.582700830331 0.338289879521 0.226034697839
10.0 1.68520511286 0.632974554286 0.387067948067 0.270972864137
10.0 0.746657834905 0.828250242851 0.581111524437 0.45812140649
10.0 1.151290591 0.723991859766 0.476941259775 0.35645243333
10.0 0.890560191753 0.785713891196 0.538524277001 0.416316828226
10.0 1.67870858301 0.633895976833 0.387965000592 0.27181494478
10.0 1.81190875589 0.615741427622 0.370233276551 0.255345135099
10.0 0.652109191184 0.861019188854 0.6139752722 0.490530817468
10.0 0.900672483374 0.782987519212 0.535810535958 0.41365018935
10.0 1.41150880325 0.675231870134 0.428599072626 0.310128688192
10.0 1.68991288875 0.632308921924 0.386420285539 0.2703652214
10.0 1.637298688 0.639845701961 0.393779144135 0.277270591014
10.0 1.65590146902 0.637157228231 0.39114514577 0.274801880542
10.0 2.05353673003 0.586013744693 0.341467634478 0.228928159152
10.0 0.61395296499 0.875635228666 0.628645358634 0.505033717627
10.0 0.989090859049 0.760450696972 0.513288033787 0.391678568922
10.0 1.11819630969 0.730975833496 0.483914134459 0.36316611946
10.0 0.734597825133 0.83218044557 0.585064802626 0.462000373116
10.0 1.49063486025 0.662205725047 0.4157620027 0.297952712824
10.0 0.673254433883 0.853289483591 0.606218834259 0.482871962564
10.0 2.10495858593 0.580142387849 0.335830852526 0.223808451409
10.0 1.53795625847 0.654757885943 0.40842713559 0.291022899217
10.0 2.28353546084 0.560870347949 0.317373309709 0.207218121976
10.0 1.91003944969 0.603194780186 0.358076402983 0.244110609306
10.0 1.46834799082 0.665793069139 0.419312534844 0.301295743556
10.0 0.979152217519 0.762883387114 0.515707741189 0.394045657518
10.0 2.25457076649 0.563898558107 0.320245453434 0.209800780987
10.0 0.873516595929 0.790363641931 0.543186252835 0.420872961276
10.0 2.44347896526 0.544860144853 0.302174666064 0.193750259505
10.0 1.6221184283 0.642059211929 0.395956705119 0.279305745202
10.0 0.905470989622 0.781705498496 0.534531708782 0.41239805277
10.0 0.923093697068 0.777069099655 0.529882361864 0.407872157558
10.0 1.98557703773 0.59400783061 0.349151559867 0.235962911671
10.0 2.13742429214 0.576519901744 0.332341210999 0.220666823717
10.0 2.26257137453 0.56305844031 0.319447918429 0.209083160578
10.0 1.4972905334 0.661145355475 0.414713088519 0.296965280438
10.0 1.42244955899 0.673385824142 0.426782188783 0.308394986755
10.0 1.84777801399 0.611074947201 0.36571358923 0.251147240846
10.0 0.639473782485 0.865758032212 0.61873363869 0.495234211148
10.0 1.36576372755 0.683088547784 0.436387838201 0.317522304296
10.0 1.41217114813 0.675119821278 0.428488556417 0.31002323011
10.0 2.49695881838 0.539753254478 0.297343164632 0.189509122632
10.0 1.99130987403 0.593324449569 0.348491182284 0.235358638739
10.0 0.51668224197 0.917538903086 0.670707024317 0.546732527138
10.0 2.18833111609 0.570957570187 0.326986003703 0.215861889024
10.0 2.14834659398 0.575315038815 0.331179598912 0.219624096244
10.0 0.811937656613 0.808004359312 0.560829536827 0.438179747334
10.0 2.30524991667 0.558624822006 0.315246481942 0.205310836826
10.0 2.27596093871 0.561658490583 0.318120361285 0.207889368869
10.0 2.30265863189 0.558891581937 0.315499161041 0.205537112059
10.0 0.917885508655 0.778427877208 0.531247381218 0.409199824171
10.0 1.17116403736 0.719884522493 0.472868932331 0.352507827519
10.0 1.06464875791 0.742755196142 0.495644114 0.374531335006
10.0 1.5787984255 0.648497975491 0.402297891604 0.285233430794
10.0 2.43116493028 0.546051199548 0.303305815557 0.194742977643
10.0 2.16413540735 0.573584900605 0.329512625028 0.218128656988
10.0 1.87933627637 0.607043421717 0.36181268758 0.247539594397
10.0 1.15432165804 0.723361742795 0.476314659877 0.355846734273
10.0 1.48439019614 0.663204602175 0.416751366873 0.298883492039
10.0 0.687597746559 0.848181549373 0.601099992417 0.4778194008
10.0 1.5183913201 0.657813443088 0.411425178707 0.293862267503
10.0 0.599241909219 0.881519072698 0.634548673891 0.510881818214
10.0 2.44230492087 0.544973577753 0.302282205567 0.193844607674
10.0 1.32379432799 0.690560702509 0.443763244142 0.324574210587
10.0 1.06718865767 0.742183751527 0.495072559983 0.373979720134
10.0 1.33617533812 0.688329937481 0.441565340091 0.322463681261
10.0 0.512236932443 0.919645186062 0.672815411496 0.548829819966
10.0 0.5093972665 0.920998996392 0.674171382722 0.550181530335
10.0 1.76865854713 0.621476667261 0.375831070937 0.260528925071
10.0 0.972006739522 0.76464386761 0.517466490571 0.395760756891
10.0 0.72391124204 0.83573115627 0.588612412915 0.465504372823
10.0 2.38377785332 0.550695086704 0.307721717094 0.198626181467
10.0 1.03315873392 0.74997693732 0.502827493782 0.381516086013
10.0 1.6243578916 0.641731378574 0.395633981429 0.279004317576
10.0 1.56661626605 0.650346278993 0.404110580316 0.286939054454
10.0 2.46745502215 0.542557878903 0.299992202136 0.191835053143
10.0 1.54705582402 0.653348438438 0.407047923694 0.289715841684
10.0 0.672326593152 0.853624127544 0.606553300304 0.483203965441
10.0 2.4641600443 0.542872929664 0.300290552505 0.192096906563
10.0 0.806553016784 0.809608022268 0.562438640376 0.439759172698
10.0 0.782384394078 0.816955946053 0.569797447323 0.446986033542
10.0 0.521703188683 0.915190976525 0.668340270597 0.544392267823
10.0 2.33996450197 0.555082142375 0.311888806034 0.202314969954
10.0 2.48774374544 0.540626120215 0.29816623533 0.190232028417
10.0 0.519058642861 0.916423849679 0.669583639404 0.545622493084
