5.0 2.33374716299 0.818266671745 0.349013994183 0.17306357436
5.0 1.67708382728 0.964269302794 0.483589428227 0.277842268549
5.0 1.03009550234 1.18141575214 0.698411001332 0.466811395068
5.0 2.06641075908 0.872056002079 0.397054262263 0.208969872773
5.0 2.33600212508 0.817839677383 0.348639521949 0.1727934882
5.0 2.15471002393 0.853589155515 0.380317498484 0.196232075636
5.0 1.95590296454 0.896261073577 0.419436487032 0.226202140706
5.0 1.02096084868 1.18542337802 0.702438761113 0.470554090362
5.0 2.32352679878 0.820207479919 0.350717109786 0.174294075743
5.0 1.0215131111 1.18518018259 0.702194088362 0.470326609127
5.0 2.03275204638 0.879289224659 0.403696660418 0.214060254135
5.0 1.02306227226 1.18449849379 0.701508629611 0.469689346477
5.0 0.744582737033 1.32816589049 0.847333252572 0.607257903804
5.0 1.27201107242 1.087031421 0.603755755318 0.381032230329
5.0 2.1801624882 0.848395944362 0.375665691876 0.192723459273
5.0 1.05635872035 1.17008250963 0.687032557935 0.456295558667
5.0 0.639827386383 1.39742226382 0.917912970085 0.675389960407
5.0 1.76621929303 0.941391297572 0.461747119364 0.259917743344
5.0 1.66953205884 0.966260777356 0.485509180947 0.279422950144
5.0 1.66246387248 0.96813307181 0.487316328661 0.280911552848
5.0 1.85441079201 0.919805009987 0.441448502602 0.243509453472
5.0 1.87431019701 0.915079701064 0.437023022269 0.23998899461
5.0 1.37785474049 1.05139485898 0.568536026267 0.349954850759
5.0 1.14185300714 1.13524278331 0.651937311388 0.424277364584
5.0 1.64110443643 0.973842225708 0.492836113812 0.28546518636
5.0 1.45969724276 1.02581140377 0.54327892086 0.328156899777
5.0 2.2221486862 0.839953376629 0.368145797184 0.187093864672
5.0 2.16960947744 0.850542321787 0.377585461782 0.194169317695
5.0 0.711532212673 1.3488839235 0.868386902391 0.627534601644
5.0 0.620816071414 1.41127420512 0.931990990787 0.689114157149
5.0 1.69376438026 0.959902088364 0.47938825693 0.274385975958
5.0 2.08478993748 0.868152886899 0.393490298693 0.20624572348
5.0 0.952711471524 1.21652628916 0.733940130567 0.499781464196
5.0 1.57040160163 0.993342059797 0.511725820995 0.301193978707
5.0 0.772132327031 1.31166847826 0.830487315522 0.591147226513
5.0 1.24448890181 1.09676357015 0.613472430693 0.389683494846
5.0 0.803953483821 1.29329354976 0.811848486662 0.57331998597
5.0 1.35964370458 1.05731635662 0.57438898139 0.355047585331
5.0 2.08541244422 0.868021254621 0.393370202136 0.206154132589
5.0 1.31391301956 1.07258143931 0.589446570766 0.368299542131
5.0 0.855699874493 1.26504476693 0.783113386843 0.54602914418
5.0 2.31850408972 0.821164589559 0.351557609414 0.174902662468
5.0 1.59066199703 0.987654775128 0.506217599468 0.296576031394
5.0 0.700993594455 1.35567664161 0.875329599761 0.634223269378
5.0 1.93744118559 0.900443187695 0.423337331653 0.229235385916
5.0 2.45685870006 0.795571772499 0.329244483088 0.159026939289
5.0 1.11955140166 1.144065987 0.660785120801 0.432353695212
5.0 1.02025154698 1.18573593963 0.702753230751 0.470846471296
5.0 1.82579922157 0.926694116494 0.447907289872 0.248687058257
5.0 0.779439933188 1.3073848697 0.826140994923 0.586970679455
5.0 0.66744342231 1.37810206935 0.898170146469 0.656282214392
5.0 1.55359455449 0.998121484141 0.516353110661 0.305097649417
5.0 1.7204705917 0.952995225363 0.472773401873 0.268950635258
5.0 2.23477823191 0.837444166996 0.365919701642 0.185438705842
5.0 0.797870041231 1.29674533635 0.815359208496 0.576654743561
5.0 2.22812496534 0.838764273242 0.367090429512 0.18630845215
5.0 1.39982773963 1.04436863252 0.561583121522 0.343937508742
5.0 1.95369807135 0.896758536589 0.419899977012 0.226561899604
5.0 0.810191042044 1.28978816492 0.80827437385 0.569933418633
5.0 1.33413466585 1.06576322975 0.582723028522 0.362355587485
5.0 0.784758693764 1.30428843861 0.823005291945 0.583960287831
5.0 1.17856456122 1.1210586354 0.637789513369 0.411419723716
5.0 1.90560224719 0.907758278345 0.430172738769 0.23458241556
5.0 0.654119274468 1.38731312517 0.907575372662 0.665404693785
5.0 0.640911683187 1.39664554429 0.917121216208 0.674623304483
5.0 2.46393355476 0.79430425642 0.328149806556 0.158261369713
5.0 0.58312444981 1.44004522397 0.961335280599 0.717715175924
5.0 0.698609219344 1.35722788106 0.876918051841 0.635749236888
5.0 0.940965496453 1.22213286505 0.739595627445 0.50507371252
5.0 1.8200443278 0.928092971962 0.449220479888 0.249745333798
5.0 2.49229644757 0.789258801563 0.323806122743 0.155233872494
5.0 2.43955627402 0.798688283385 0.331940324528 0.160916900764
5.0 1.85310728001 0.920116421671 0.441740251541 0.243742349941
5.0 2.49696145618 0.788434526129 0.323098525865 0.154742091991
5.0 0.742313846997 1.32955532914 0.848751284549 0.60861234338
5.0 1.37248541924 1.05313136603 0.570253187151 0.351446103435
5.0 0.834588722016 1.27636726655 0.794580410181 0.556947635069
5.0 1.59470100613 0.986530562347 0.505128678869 0.295666395
5.0 2.04215103346 0.877257771185 0.401826529826 0.212625445483
5.0 1.63285006876 0.97606995353 0.494992993198 0.287247983029
5.0 1.11323316241 1.14659509828 0.663331452779 0.434675426038
5.0 2.45558976533 0.79579954904 0.329441304723 0.159164606096
5.0 2.27737930613 0.829083989762 0.358528098206 0.179984203681
5.0 0.973331308016 1.20687559584 0.724165528759 0.490702325481
5.0 1.87117123239 0.915821492207 0.437717606748 0.240539996305
5.0 0.664835345081 1.37989244839 0.89999256926 0.65805410668
5.0 2.23632637134 0.837137521138 0.365647855481 0.185237024537
5.0 1.18192559369 1.11978259449 0.636516530322 0.410270995614
5.0 1.76313190087 0.942165645235 0.462479690975 0.260516256658
5.0 1.23875621038 1.09881781113 0.615529771728 0.391514038443
5.0 2.12352753739 0.860029747324 0.386118799547 0.200629896924
5.0 1.27122965864 1.08730499134 0.604027937438 0.38127486268
5.0 1.43838126404 1.03232898196 0.549686545434 0.333678937917
5.0 0.925613648276 1.22956701312 0.747092082828 0.512127805131
5.0 0.924894643169 1.22991770242 0.747446452236 0.51246172307
5.0 1.12462869044 1.14204365484 0.658751831813 0.430498561775
5.0 1.57933248256 0.990824936667 0.509288386949 0.299146762818
5.0 2.15248687288 0.854045568016 0.380727315669 0.196542076999
5.0 1.81422924758 0.92951112658 0.450552462796 0.250820519307
5.0 1.36200648254 1.05654290941 0.573624935622 0.354381192438
5.0 2.18581739454 0.847249723683 0.374641861526 0.191953759616
5.0 0.73097200886 1.33658136087 0.855895730598 0.615463679095
5.0 1.52259226396 1.00708225993 0.525030964927 0.312477213514
5.0 1.94694664018 0.89828489205 0.42132314503 0.22766767528
5.0 0.572406913092 1.44856135306 0.9700508027 0.726218859332
5.0 1.85650588764 0.919304958385 0.440979885472 0.243135683218
5.0 1.0591654584 1.1688894134 0.685832486928 0.455193559763
5.0 0.87941812618 1.25265322557 0.770556702391 0.534175348889
5.0 1.27459676445 1.08612728845 0.602856158322 0.380230999537
5.0 1.58777375982 0.988460532583 0.506998210089 0.297228605419
5.0 0.878833356878 1.25295413408 0.770862592932 0.53446250699
5.0 1.65810212767 0.969292504936 0.488436314587 0.281834640586
5.0 1.04962654604 1.17295928621 0.689923166215 0.458955830291
5.0 1.78705311412 0.936198448911 0.456844649444 0.255921558755
5.0 0.646547476781 1.39263373416 0.91302423612 0.670664647482
5.0 1.80118232054 0.932709434816 0.453559089498 0.253253650296
5.0 2.32053161394 0.820777967992 0.35121802295 0.174656682436
5.0 1.76316990978 0.942156104553 0.462470662051 0.260508879009
5.0 1.56760493901 0.994133521734 0.51249199542 0.301838873866
5.0 2.26778683027 0.830952464304 0.360177140968 0.181195241901
5.0 1.76423454962 0.941888967758 0.462217858682 0.260302256402
5.0 0.83003484141 1.27884194876 0.797099112095 0.559342928364
5.0 1.02010391361 1.18580100656 0.702818715894 0.470907350933
5.0 0.523241100976 1.48999802235 1.01228784847 0.767598900662
5.0 2.48981311161 0.789698222096 0.32418358138 0.155496357841
5.0 2.12576214018 0.859565318703 0.385699227644 0.200311115264
5.0 2.11837896697 0.861101553882 0.387087802971 0.201366517637
5.0 2.28631659984 0.827350260569 0.356999789517 0.178864606377
5.0 0.953437861218 1.21618204355 0.733592349302 0.499457160292
5.0 1.56641795484 0.994469855538 0.512817665697 0.302113086732
5.0 2.39186847576 0.807398517961 0.339510202531 0.166262155629
5.0 0.906567791331 1.23894366865 0.756591292554 0.521075272014
5.0 2.22258368225 0.839866719205 0.368068856729 0.187036563474
5.0 2.28397148919 0.82780451265 0.357400098092 0.179157528155
5.0 1.64979346533 0.971510183481 0.490579957459 0.283602554551
5.0 0.513140168409 1.49899224382 1.02147614394 0.776632832312
5.0 2.0632338617 0.872733801556 0.397674795684 0.20944468496
5.0 2.081939046 0.868756188354 0.39404011473 0.206665746631
5.0 1.80546014683 0.931658276174 0.452570461183 0.252452652499
5.0 1.51712041672 1.0086825372 0.52658291607 0.313803928635
5.0 2.4196520022 0.802301688743 0.335075060363 0.163123231946
5.0 1.54894298913 0.99945424837 0.517643148167 0.306189892859
5.0 1.12514878054 1.14183689221 0.658544139384 0.430309125524
5.0 1.10093042884 1.15156028474 0.668341567036 0.43923848302
5.0 2.315450783 0.821747489032 0.352069692491 0.175273887977
5.0 2.12969165417 0.858749713507 0.38496289928 0.199751906173
5.0 1.36643677439 1.05509687321 0.572196173105 0.353136158758
5.0 1.80053452952 0.93286881635 0.453709036524 0.253375219024
5.0 1.95809810743 0.895766698826 0.418975780281 0.225844604358
5.0 1.43936101366 1.03202736936 0.549389558836 0.333422732456
5.0 1.82393356064 0.927147109325 0.448332516581 0.249029559168
5.0 1.92856217173 0.902469747047 0.425229889248 0.230711469383
5.0 1.50711105549 1.01162480114 0.529438041219 0.316249629556
5.0 0.563677485043 1.45563904717 0.977280707525 0.733260469225
5.0 0.621903247751 1.41047184791 0.931173389165 0.688316172932
5.0 0.804003941558 1.29326507041 0.811819468022 0.573292462578
5.0 0.617096210602 1.41402591064 0.93480190088 0.691854710176
5.0 1.97020803738 0.893050303738 0.41644573033 0.223884184973
5.0 0.666756538292 1.37857344009 0.898649354566 0.656748275736
5.0 0.867900446224 1.25862193524 0.776616123426 0.539876713982
5.0 0.566721678907 1.45315492991 0.974748979865 0.730790086453
5.0 1.51364738002 1.00970144613 0.527571088482 0.314649892141
5.0 1.40194141631 1.04369941891 0.560920646378 0.343365466691
5.0 1.89373911839 0.910518094305 0.432754300941 0.236613934497
5.0 1.75889491735 0.943230306248 0.46348779954 0.261340208316
5.0 1.57877688365 0.990981052548 0.509439692362 0.299273589845
5.0 2.17762546284 0.848910962074 0.37612611577 0.193069824531
5.0 2.01503680686 0.883142972712 0.407253680548 0.216793394747
5.0 0.837079078415 1.27501895772 0.793210649294 0.555643525801
5.0 2.04970624987 0.875631463274 0.400331931102 0.211479594334
5.0 1.20175489154 1.11233687678 0.629077602324 0.403589109715
5.0 2.24960600601 0.834516258301 0.363326906668 0.183517827082
5.0 2.04540236613 0.876557214805 0.401182393956 0.212131489948
5.0 2.19188776138 0.846022611115 0.373546740689 0.191131515137
5.0 1.87500517618 0.914915564936 0.436869472075 0.239867217617
5.0 1.70750135401 0.956336620075 0.475968778501 0.27157516425
5.0 1.52533775519 1.00628124795 0.524254649924 0.311814231607
5.0 0.780596469622 1.30670998711 0.825457338747 0.586313786421
5.0 2.34787968935 0.815597776836 0.346674765464 0.171379381431
5.0 2.24931855646 0.834572836348 0.363376966197 0.183554836506
5.0 0.949588315749 1.21800948654 0.735437620395 0.50117963858
5.0 2.33080339244 0.818824756913 0.349503556568 0.173416932135
5.0 0.667361802884 1.37815777166 0.898227151538 0.656337445314
5.0 1.01133440111 1.18968089493 0.706728954175 0.47454248143
5.0 0.718886035932 1.34419636009 0.863618337106 0.622923136896
5.0 1.14812811086 1.13278754836 0.649484656619 0.422039991128
5.0 2.11975865367 0.860814069577 0.386827820844 0.201168828894
5.0 0.504531268579 1.5068168187 1.02947107962 0.7844614342
5.0 0.964987087192 1.21075114895 0.728096996763 0.494345805797
5.0 0.589227343221 1.43525633759 0.956462553685 0.712936109717
5.0 1.22008450639 1.10558120306 0.622309822964 0.397548378021
5.0 1.44752105977 1.02952331305 0.546924360171 0.331298428369
5.0 1.90433562845 0.908052100736 0.430447474617 0.234798283553
5.0 2.06840698194 0.871630517799 0.396665044988 0.208672117292
5.0 1.58319932778 0.989740177178 0.508237693255 0.298266066994
5.0 0.503059131066 1.50817217735 1.03084883632 0.785816523746
5.0 1.0634368594 1.16708034389 0.684012069388 0.453524330215
5.0 2.33820166902 0.817423598539 0.348274701584 0.172530561961
5.0 1.44608827733 1.02996199237 0.547356105883 0.331670327353
5.0 1.56267416577 0.995532549734 0.513846560976 0.302980481174
5.0 0.796010488585 1.29780680523 0.816437053999 0.577680767409
5.0 1.42708217599 1.03582206032 0.553132253994 0.336648281635
5.0 0.928071247293 1.22836930971 0.745883311601 0.510988564247
5.0 0.654024844853 1.38737885157 0.907642930353 0.665469822877
5.0 0.969088277678 1.20884123305 0.726160395617 0.492550001154
5.0 1.40676608996 1.04217601039 0.559413366764 0.342064311587
5.0 1.71519971672 0.954350369698 0.474068279293 0.270013849415
5.0 0.770008363858 1.31291984338 0.831759583206 0.59236933913
5.0 1.1596692183 1.12830444216 0.645012607229 0.417966735599
5.0 0.69995955745 1.35634885526 0.876017760932 0.634884336061
5.0 0.82999750235 1.27886237315 0.797119807894 0.559362626827
5.0 2.22698802875 0.838990248052 0.367290923369 0.186457566215
5.0 1.41282540716 1.04027080374 0.557528652765 0.340438237888
5.0 2.04276345624 0.877125869588 0.401705091932 0.212532316535
5.0 1.57326461076 0.992533453354 0.51094267745 0.300535660247
5.0 1.74706636103 0.946215323383 0.466318169614 0.26365652117
5.0 0.689019800365 1.36353286441 0.88336573735 0.641941591189
5.0 1.53276356266 1.00412207042 0.522162838102 0.310030352274
5.0 1.73540982771 0.949175100916 0.46913150876 0.265962166041
5.0 0.774179886571 1.31046501974 0.829264699148 0.589972348648
5.0 1.17877303519 1.12097937044 0.637710334956 0.411348337586
5.0 2.47370927041 0.792558580948 0.326644566641 0.157210538283
5.0 1.53874178906 1.00239144195 0.520486866262 0.308603929099
5.0 2.21542133883 0.841295679035 0.36933818282 0.187982578391
5.0 0.797175720455 1.29714131064 0.81576124632 0.577037404256
5.0 2.2319816608 0.837998573304 0.36641127544 0.185803692572
5.0 1.44776969446 1.02944723356 0.54684950597 0.331233938055
5.0 0.588382892846 1.43591680791 0.957133280982 0.713594040823
5.0 0.656569261049 1.38560602799 0.905827734452 0.663714924764
5.0 0.57463933101 1.446773936 0.968218892986 0.724436296223
5.0 1.50718289431 1.01160361936 0.52941748821 0.316232000551
5.0 1.76450294159 0.941821639808 0.462154158035 0.260250214787
5.0 0.599104752643 1.42759744525 0.948682322926 0.705328127755
5.0 2.19995992426 0.844395761272 0.37209656663 0.190044510981
5.0 2.19061831503 0.846278973958 0.373775446344 0.191303129557
5.0 1.64217808992 0.973553302131 0.492556544219 0.285234260682
5.0 0.937712701153 1.22369841181 0.741173582734 0.50655565179
5.0 2.39999488513 0.805901349023 0.338205785304 0.16533675863
5.0 1.80753590925 0.931149080533 0.452091756443 0.252065109885
5.0 1.28302019751 1.08319352433 0.599942187446 0.377634535844
5.0 1.80700761084 0.931278588729 0.45221353608 0.252163672137
5.0 1.25556435944 1.09282218836 0.609530219768 0.386175223677
5.0 2.10293107709 0.864331696642 0.390014739246 0.203594640853
5.0 2.15575985407 0.853373819341 0.3801241731 0.196085918606
5.0 1.71335360336 0.954825915534 0.474522973558 0.270387340727
5.0 0.988730344836 1.19982527753 0.717003525368 0.484073997451
5.0 2.1827891312 0.847863269219 0.375189673417 0.192365478045
5.0 0.510824797657 1.50107930641 1.02361416295 0.778724284606
5.0 1.63408378556 0.975736259567 0.494669715839 0.286980736726
5.0 1.74174687202 0.947563777957 0.467599050911 0.264705889889
5.0 1.44640347825 1.02986546198 0.547261100618 0.331588492506
5.0 1.51799438145 1.00842675621 0.526334632254 0.313591509071
5.0 1.23879363373 1.09880439538 0.615516306175 0.391502056104
5.0 1.699814579 0.958328236894 0.477877771081 0.27314413062
5.0 1.01350563726 1.18871751446 0.705757125987 0.473639002075
5.0 1.09691843876 1.15319184952 0.669990033638 0.440738772916
5.0 1.00572023299 1.19218043562 0.709254086964 0.476888615787
5.0 2.21470325521 0.841439192743 0.36946573499 0.188077748711
5.0 1.37606856023 1.05197166597 0.569106519436 0.350449991771
5.0 1.5986526693 0.985434082422 0.504066181693 0.294780236989
5.0 1.64226735204 0.973529296859 0.492533311232 0.285215068525
5.0 2.37111443008 0.811246639697 0.342868513073 0.168653275292
5.0 1.89235316985 0.910841783762 0.433057102855 0.236852709378
5.0 2.13894530009 0.856834437439 0.38323615816 0.198441881384
5.0 1.60220206925 0.984451604216 0.503114274417 0.293986940161
5.0 0.728833686307 1.33791977358 0.857253119256 0.61677174315
5.0 0.992461062223 1.19813544544 0.715287685753 0.482485038428
5.0 1.41851287472 1.03849033196 0.55576842644 0.338920412315
5.0 0.749473644472 1.32518811323 0.844290802044 0.604354908711
5.0 1.9064746451 0.907555919815 0.429983636447 0.234433877727
5.0 1.57736191524 0.991379076195 0.509824906234 0.299596910923
5.0 2.35286072779 0.814661127384 0.345854611125 0.170790467033
5.0 0.873401598171 1.25575910941 0.773712931116 0.537141090296
5.0 2.00956334568 0.884340482122 0.408361318258 0.21764557913
5.0 1.84711862004 0.92155016923 0.443083671221 0.244816058814
5.0 1.06657986799 1.16575472232 0.682676888218 0.452301953718
5.0 2.1229298039 0.860154053234 0.386231133295 0.200715263109
5.0 1.30704645323 1.07492018079 0.59175489249 0.370348249209
5.0 2.37619785583 0.810300804485 0.342042319808 0.168063796451
5.0 2.25016867601 0.834405530306 0.363228940922 0.183445408827
5.0 1.9061663233 0.907627606003 0.430050457097 0.234486361145
5.0 2.24883426454 0.834668174907 0.363461324415 0.18361720998
5.0 1.16308688343 1.12698488117 0.643697357815 0.416771257408
5.0 0.547275908454 1.46926272959 0.991138920378 0.746871588624
5.0 2.29319927405 0.82601992096 0.355827911691 0.178008271646
5.0 1.7844785056 0.936837160758 0.457446691601 0.256411385086
5.0 1.04025628185 1.17699683568 0.693975697343 0.462699248598
5.0 0.968731225278 1.20900710836 0.726328688768 0.492705985482
5.0 1.8665770494 0.916909604807 0.43873631538 0.241349334719
5.0 0.661446337097 1.38222784754 0.902373512557 0.660367514113
5.0 2.22968158403 0.838455067916 0.366816139945 0.186104526382
5.0 2.07854650063 0.869475113408 0.394695979126 0.207166781304
5.0 1.24006203139 1.09834911118 0.615060318024 0.391096193036
5.0 1.39651187681 1.04542085907 0.562624455707 0.344837094234
5.0 0.857030124126 1.26434018082 0.782400877171 0.545352493908
5.0 2.48372296765 0.7907777301 0.325111592187 0.156142121562
5.0 0.658430554548 1.38431403373 0.904505667768 0.662434878288
5.0 2.30157635869 0.824406471062 0.354407640042 0.176972759194
5.0 1.83235515238 0.925105742537 0.446417083166 0.247488521319
5.0 1.88777404769 0.911913306665 0.434059409447 0.237643768828
5.0 0.533348575427 1.48114283889 1.00329173821 0.758745312567
5.0 2.21021786715 0.842336652643 0.370263661045 0.188673614352
5.0 2.46822919974 0.793536167507 0.327487307688 0.157798583684
5.0 1.37314718646 1.05291691955 0.570041256569 0.351261854697
5.0 1.46067895886 1.0255134102 0.542986614127 0.327905088506
5.0 0.741848391469 1.32984118526 0.849042418697 0.608890699718
5.0 0.592025135331 1.43307415903 0.954247016017 0.710763922623
5.0 1.81961449406 0.928197642404 0.449318712837 0.249824593045
5.0 0.921067932771 1.23178938786 0.749337620869 0.514244665423
5.0 1.88805785262 0.911846442538 0.433997202132 0.237594643969
5.0 2.07629765998 0.86995227377 0.395131545692 0.207499631223
5.0 1.0924885221 1.15500086344 0.671818587923 0.442402725822
5.0 1.4564012577 1.02681344212 0.544262056726 0.329003929982
5.0 2.19008401904 0.846386916578 0.373871792054 0.191375431264
5.0 1.37562767539 1.05211417256 0.569247454528 0.350572350459
5.0 1.49529102559 1.01512290495 0.532838140233 0.319168852979
5.0 1.19991689466 1.11302103623 0.629762046794 0.404201786457
5.0 0.946453913816 1.2195037541 0.736944899185 0.502589466212
5.0 2.12466148869 0.859794016589 0.385905811867 0.200468060592
5.0 2.45002456384 0.796800007468 0.330306009961 0.159770380373
5.0 1.58514402464 0.989195588859 0.507710345096 0.297824357072
5.0 1.44453420752 1.03043813338 0.547824667849 0.332074377381
5.0 1.05237136413 1.17178410323 0.68874254506 0.457868225254
5.0 2.44181774209 0.798279639087 0.331586426686 0.16066841675
5.0 0.777366087703 1.30859682198 0.827369741088 0.588151214664
5.0 2.42162534369 0.801942046588 0.334762672713 0.162902931189
5.0 1.83388430392 0.924736123635 0.446070411569 0.247210005909
5.0 0.638698878328 1.39823296803 0.918737767699 0.676189581705
5.0 1.06548161271 1.16621741955 0.683142659169 0.45272847098
5.0 0.755984428955 1.32126116451 0.840273037563 0.600521388539
5.0 1.48284428166 1.01883386054 0.536453774718 0.322278568965
5.0 1.85748461192 0.919071564772 0.440761355942 0.242961348328
5.0 0.597568262629 1.42877991418 0.949885585056 0.706500391303
5.0 1.72462383029 0.951930142233 0.471756796911 0.268115900328
5.0 1.92694419813 0.902840345183 0.4255759104 0.230981660944
5.0 1.93744297914 0.900442779358 0.423336950464 0.229235088887
5.0 1.50880511194 1.01112555871 0.528953321976 0.315834103268
5.0 0.638093000548 1.3986688907 0.91918165755 0.676619888113
5.0 1.00736377622 1.19144733344 0.708512859821 0.476200364794
5.0 2.1727714565 0.849898135389 0.37700905454 0.193734773594
5.0 1.69740668207 0.958953912252 0.478477959487 0.27363753049
5.0 1.31664982045 1.07165259871 0.588530350069 0.367487265336
5.0 2.40987496133 0.804088225931 0.336627821535 0.164219853473
5.0 1.28439435715 1.08271652062 0.599468946314 0.37721302315
5.0 1.6748469982 0.964858297667 0.484156922563 0.278309405895
5.0 0.669785842167 1.37649867874 0.896541332107 0.654696464508
5.0 2.0286881061 0.880170373869 0.404508890503 0.21468390609
5.0 0.786088546469 1.30351783091 0.82222455119 0.583211965477
5.0 1.66944670664 0.966283393371 0.485530944188 0.27944087372
5.0 1.74507228735 0.946720367083 0.466797781816 0.264049433882
5.0 0.587891578672 1.4363013799 0.957524133324 0.713977360715
5.0 2.28267456217 0.828055881643 0.357621707588 0.179319774868
5.0 0.837840195585 1.27460758374 0.792792596624 0.5552453378
5.0 2.03188135617 0.87947786397 0.403870504567 0.214193703949
5.0 1.95943354619 0.895466259686 0.418695840924 0.225627468794
5.0 1.98642651219 0.889439275848 0.413088442867 0.221289140301
5.0 2.12597749971 0.859520583123 0.385658823365 0.200280422433
5.0 1.30923014458 1.0741750522 0.591019359319 0.36969497359
5.0 1.1643974596 1.12647991535 0.643194016709 0.416314141504
5.0 0.516063472861 1.49637260357 1.01879240913 0.774003929852
5.0 0.775452511867 1.3097181812 0.828506810283 0.589244054406
5.0 0.582064109834 1.44088098022 0.962188393823 0.718550691206
5.0 0.961865055626 1.21221137041 0.729576527521 0.495719228606
5.0 1.27883047742 1.08465027191 0.601388557855 0.378923209762
5.0 0.885690341851 1.24944287226 0.767288295928 0.531110054487
5.0 2.05521044285 0.874450383852 0.399247984899 0.21064904975
5.0 1.01756381992 1.18692161274 0.703947183441 0.471956428971
5.0 1.27609248682 1.08560522858 0.602336965383 0.379768392301
5.0 0.660294108815 1.38302385877 0.903186630251 0.661156054046
5.0 2.3709572049 0.811275922186 0.342894108256 0.168671546131
5.0 1.81315023669 0.929774769476 0.450800176519 0.251020731912
5.0 1.40997066231 1.04116730172 0.55841526378 0.341203080449
5.0 2.19840393304 0.844708907757 0.37237555203 0.190253479884
5.0 1.95417172705 0.896651680731 0.419800363344 0.226484560066
5.0 1.69903792525 0.958529953527 0.478071267447 0.273303129616
5.0 1.59763537475 0.98571611635 0.504339440275 0.295007924374
5.0 0.875294410283 1.25477897287 0.772717702452 0.536205363468
5.0 1.43201694666 1.03429320002 0.551623321806 0.335347813182
5.0 2.12235977363 0.860272627829 0.386338301092 0.200796710312
5.0 0.923386829287 1.23065470015 0.748190503648 0.513163316127
5.0 2.42763932027 0.800847882558 0.333812914285 0.162233668537
5.0 1.40799923485 1.04178755567 0.559028859091 0.34173254611
5.0 1.4749763213 1.02119457213 0.538758674917 0.324262889149
5.0 1.08561460562 1.1578245422 0.674672668162 0.445000302566
5.0 1.04016031838 1.17703840777 0.694017384207 0.462737731836
5.0 1.29814122852 1.07797032659 0.594768834631 0.373027744903
5.0 0.543461981254 1.47247988451 0.994432632271 0.750095275596
5.0 0.798153767242 1.29658362439 0.815194816708 0.576498469292
5.0 0.609560088907 1.4196510852 0.940562959134 0.697450070747
5.0 1.53813608589 1.00256648072 0.520656352135 0.308748064573
5.0 0.565013725404 1.45454683769 0.976168167946 0.732173743945
5.0 0.520697202885 1.49224927223 1.01458000575 0.7698599515
5.0 0.986278812872 1.20093916321 0.718135052119 0.485121424581
5.0 1.81684685362 0.928872195446 0.449952258776 0.250335754825
5.0 0.508718762501 1.50298889124 1.02556737556 0.780634748486
5.0 2.39470165882 0.80687590976 0.339054755013 0.165938767692
5.0 1.06529412293 1.1662964658 0.683222490095 0.452801463511
5.0 1.30165662646 1.07676389791 0.593576250514 0.371967012279
5.0 1.34256375221 1.0629527933 0.579951514694 0.359917551913
5.0 2.08475291031 0.868160717632 0.393497434324 0.206251172768
5.0 1.73301486172 0.949785489167 0.469712558517 0.266438846173
5.0 0.967795405161 1.20944219434 0.726769945795 0.493115191088
5.0 1.52111951375 1.00751249922 0.525447823162 0.31283356987
5.0 1.54332931581 1.00106785349 0.519205532358 0.30751525303
5.0 1.55281618693 0.99834408191 0.51656868971 0.305280019235
5.0 2.3358278634 0.817872659557 0.348668444243 0.172814337141
5.0 2.36586152844 0.812226456964 0.343724698418 0.16926499355
5.0 0.546994185943 1.46949961433 0.991381295011 0.747109064833
5.0 1.32041647476 1.07037727844 0.587272245077 0.366373293751
5.0 2.44092767659 0.798440413115 0.331725658645 0.160766162246
5.0 2.14218704122 0.856165296107 0.382633550185 0.197985229598
5.0 1.76394693736 0.941961120287 0.462286134596 0.260358038371
5.0 1.06979554551 1.16440332929 0.681314577454 0.451056451188
5.0 0.820274283348 1.2841898719 0.80255609874 0.564520111574
5.0 1.63414763645 0.975718991244 0.494652929519 0.286966909807
5.0 2.05019908116 0.875525576971 0.40023470016 0.211405085261
5.0 1.23845922599 1.09892461795 0.615636680626 0.391609143389
5.0 2.23790122323 0.836825831872 0.365371656359 0.185032133112
5.0 2.48958435768 0.789738721739 0.324218378683 0.15552056163
5.0 0.99569323555 1.19667650868 0.713807673571 0.481113707006
5.0 1.60411075546 0.983924437733 0.502603367144 0.293561518426
5.0 2.39063264542 0.807626607514 0.339709095145 0.166403438658
5.0 1.51450801272 1.00944878724 0.527325966896 0.314439993479
5.0 1.69377930169 0.959898201397 0.4793845227 0.274382894596
5.0 2.2809125405 0.828397668917 0.357923079974 0.179540619902
5.0 0.763795604928 1.31659709059 0.835506772882 0.595963300032
5.0 2.31450791588 0.821927653759 0.352228001189 0.175388717284
5.0 2.36715477617 0.811985073172 0.343513586663 0.169114153351
5.0 1.54157818553 1.00157266346 0.519694152348 0.307930217319
5.0 1.76915820809 0.940655224804 0.461051232171 0.259349440179
5.0 1.51974161304 1.00791535904 0.525838669412 0.313167469541
5.0 1.09779748063 1.15283380802 0.669628224169 0.440409607184
5.0 1.78904894212 0.935704100127 0.456378672985 0.255542627461
5.0 0.781242177899 1.30633357883 0.825076068428 0.585947607323
5.0 1.38872866757 1.04790183766 0.565080029047 0.346960388045
5.0 1.3074965522 1.07476652982 0.591603165415 0.370213480097
5.0 2.11397723214 0.862019745202 0.387918807064 0.201998656076
5.0 2.4173201003 0.802727076243 0.335444621035 0.163384088956
5.0 1.67989037748 0.963531545593 0.482878668495 0.27725730482
5.0 1.52793381781 1.00552522293 0.52352203636 0.311189005147
5.0 1.01478587453 1.18815033597 0.705185065913 0.473107381181
5.0 1.97628986854 0.891692476883 0.415182639187 0.222907014165
5.0 1.42825406372 1.03545846678 0.552773451711 0.336338853727
5.0 1.45209448034 1.02812564141 0.545550520168 0.33011459515
5.0 1.65429106578 0.970308215835 0.489417890966 0.28264399752
5.0 0.720222546148 1.34334874794 0.862757881274 0.622090601045
5.0 1.5285935499 1.00533329442 0.523336144254 0.311030414498
5.0 1.04182414488 1.1763187074 0.693295068445 0.462069603995
5.0 0.595894417694 1.43007223472 0.951199234895 0.707782227031
5.0 2.47783024775 0.791824792886 0.326012625524 0.156769860669
5.0 2.21170935796 0.842038031104 0.369998095037 0.188475169448
5.0 2.24668359855 0.835091703575 0.363836226505 0.183894510313
5.0 1.54852710813 0.999573612487 0.51775868689 0.306287841592
5.0 2.03483338516 0.878838611249 0.4032815101 0.213741646569
5.0 2.41040676565 0.80399086086 0.336543027982 0.164159989101
5.0 1.34548579583 1.06198280888 0.578994801711 0.359077737519
5.0 2.43086959795 0.800261506475 0.333303966445 0.161875527201
5.0 1.93674016125 0.90060282109 0.423486353301 0.229351517548
5.0 1.11162133482 1.14724244387 0.663984021069 0.435270022597
5.0 1.77177711256 0.940000437773 0.460432267359 0.258844462521
5.0 2.40059882143 0.805790301883 0.338109081863 0.165268231952
5.0 1.45956188931 1.02585250403 0.543319063587 0.328191635302
5.0 0.815985044922 1.28656136837 0.804978940557 0.566814270765
5.0 1.60666800536 0.983219358477 0.501919809753 0.292992784788
5.0 0.934385028659 1.22530516803 0.742793580881 0.508078914877
5.0 2.4578433598 0.795395349085 0.329091845245 0.158920145148
5.0 2.17647869819 0.849144039721 0.376334503808 0.193226669937
5.0 2.06522537966 0.872308768198 0.397285654073 0.209146900726
5.0 1.75858117245 0.943309262352 0.463562564611 0.261401342105
5.0 1.5486515773 0.99953778974 0.51772410379 0.306258534625
5.0 1.98687558192 0.889339732735 0.412996001279 0.221217774095
5.0 2.12766423775 0.859170349016 0.38534259028 0.200040210758
5.0 0.907901013428 1.23828130591 0.755918457746 0.520442473797
5.0 1.56823386464 0.993955382489 0.512319688227 0.301693682875
5.0 1.16069352298 1.12790845351 0.644618018034 0.417607920756
5.0 1.04591598416 1.17455358606 0.691523733483 0.460432602442
5.0 2.09399382216 0.866210367515 0.391721742715 0.204896029754
5.0 1.18019354293 1.12043952221 0.63717197457 0.410862348768
5.0 1.19065834199 1.1164860682 0.633225689451 0.407308507799
5.0 2.26381579636 0.831728434058 0.360862368634 0.1816994752
5.0 1.86046079531 0.91836264733 0.440097251231 0.242432191499
5.0 1.48906566503 1.01697528586 0.534641980197 0.320719545338
5.0 0.961942263391 1.21217526994 0.729539868188 0.495685187346
5.0 1.21299449161 1.10818013078 0.624914964515 0.399870405041
5.0 2.17450779077 0.849544803238 0.376692905258 0.193496622485
5.0 1.49390703687 1.01553409126 0.533238319783 0.319512849392
5.0 1.7199185381 0.953136976634 0.472908754263 0.269061662901
5.0 0.944984337832 1.22020600554 0.737653312815 0.503252584449
5.0 1.79675705479 0.933799364379 0.454584898214 0.254085558359
5.0 1.43683075581 1.03280668665 0.550157485905 0.334084598169
5.0 2.06233700009 0.872925343233 0.397850214065 0.209578939033
5.0 1.09271550021 1.15490796244 0.671724694588 0.442317304797
5.0 1.62158189483 0.97913067244 0.497958323607 0.289703364597
5.0 1.21277763931 1.10825990326 0.624994900245 0.399941709361
5.0 1.15686519718 1.12938972502 0.646094722998 0.418951270116
5.0 0.795568422476 1.29805947467 0.816693582663 0.577925181205
5.0 0.626670280017 1.40696823418 0.927609648459 0.68483380615
5.0 2.44368319437 0.797942886661 0.331294875879 0.160463768358
5.0 2.03134064603 0.879595051187 0.403978563565 0.214276623627
5.0 0.953569214591 1.21611984098 0.733529492884 0.499398552971
5.0 1.31103927868 1.07355875795 0.590410947356 0.369155041336
5.0 1.92071752412 0.904268940737 0.426910645889 0.232025157305
5.0 2.39556075088 0.806717584014 0.338916795112 0.165840885661
5.0 0.631596876207 1.40337082175 0.923957888978 0.681267162331
5.0 1.73315834003 0.949748900784 0.469677744267 0.266410268605
5.0 2.08579265902 0.867940872046 0.393296962336 0.206098212412
5.0 0.699082647428 1.356919626 0.876602263732 0.635445992531
5.0 1.53157869408 1.00446589172 0.522495969657 0.310313962308
5.0 0.645485977515 1.39338592999 0.913793696493 0.671407373674
5.0 1.01979620126 1.18593638672 0.702955249574 0.471034281692
5.0 0.673914167826 1.37368446924 0.893684633174 0.65191847532
5.0 2.27332452756 0.82987273675 0.359224044199 0.180494902402
5.0 0.721548357424 1.34250921481 0.861906035279 0.621266633061
5.0 2.09658555913 0.865664833714 0.391225689985 0.204517704491
5.0 1.6071518375 0.983085958199 0.501790708722 0.292885382626
5.0 0.87285354786 1.25604316547 0.774001293036 0.537412606614
5.0 2.13817107583 0.856994386406 0.383380175565 0.198551118115
5.0 1.39328881588 1.04644627949 0.563639383117 0.345714380725
5.0 2.45889912442 0.795206003777 0.328928298077 0.158805730246
5.0 1.22465873496 1.10391367209 0.620637949147 0.396059425756
5.0 2.37973674192 0.809643456102 0.341468494902 0.167654897761
5.0 0.701911840038 1.35508059191 0.874719221785 0.63363671798
5.0 1.45115241938 1.02841322301 0.54583304456 0.330358008705
5.0 1.17103266614 1.12393220594 0.640654728852 0.414011089876
5.0 2.24768478948 0.834894545327 0.363661642889 0.183765356959
5.0 2.43582371741 0.799363582905 0.332525435699 0.161328013375
5.0 2.01656304896 0.882809633995 0.406945560706 0.216556423152
5.0 0.89774653041 1.24334770098 0.761075120048 0.525285805213
5.0 1.95804443952 0.895778778371 0.41898703905 0.225853336819
5.0 2.49678744873 0.788465244349 0.3231248771 0.154760403925
5.0 1.99851257817 0.886768276776 0.410610090683 0.219377429665
5.0 2.35900480541 0.813508793755 0.344846163858 0.170067526874
5.0 1.58655860271 0.988800043197 0.507327124595 0.297503729566
5.0 2.03915011668 0.877905457063 0.402422343034 0.213082424491
5.0 1.16723887559 1.12538719569 0.642104890401 0.415325597078
5.0 1.84865943924 0.92118084466 0.442737600196 0.244539248517
5.0 0.681872059589 1.36830471124 0.888224885106 0.646625143869
5.0 1.41353188011 1.04004924316 0.557309520487 0.340249266236
5.0 1.22971346182 1.10207893678 0.618798698967 0.394422340288
5.0 0.556027373306 1.46195073872 0.98369190752 0.739549650485
5.0 1.6288488442 0.977153994848 0.496043098695 0.288116944711
5.0 2.25813722651 0.83284032644 0.361844889872 0.182423503035
5.0 0.673902947312 1.37369210026 0.893692368546 0.651926051992
5.0 0.774808535535 1.31009587022 0.828889989379 0.589612551187
5.0 0.728513820057 1.33812008462 0.857456320584 0.616967965557
5.0 2.28898303837 0.826834442003 0.356545265125 0.178532256751
5.0 1.2089256547 1.10967978549 0.626417072831 0.401211242892
5.0 1.9634103814 0.894572769246 0.417863479198 0.224982208163
5.0 2.39400104763 0.807005072881 0.339167314107 0.166018653825
5.0 1.4408763471 1.03156136478 0.548930341462 0.333027075689
5.0 2.4658088801 0.793968653285 0.327860404556 0.158059145829
5.0 1.88321748058 0.912981895324 0.435059900586 0.238434166758
5.0 2.28876813847 0.826875990145 0.356581872265 0.178559014366
5.0 2.06199217424 0.872998954406 0.397917688908 0.209630581879
5.0 1.03478946531 1.17936936249 0.696356378333 0.464904917274
5.0 1.46813507396 1.02325628186 0.540775260788 0.325999861482
5.0 1.64040194017 0.97403126698 0.493019158325 0.285616400695
5.0 1.16130241898 1.12767339358 0.644383576706 0.417394834402
5.0 2.15220084882 0.854104309202 0.380780084101 0.196581975554
5.0 2.41142520363 0.803804359986 0.336381034958 0.164045333727
5.0 1.66463159272 0.967558055788 0.486761123479 0.280454073302
5.0 1.18042198875 1.12035281507 0.637085499561 0.410784280905
5.0 1.58383902916 0.989560920696 0.508064143448 0.298120756272
5.0 1.33514727409 1.06542448594 0.582389143008 0.362061592639
5.0 0.516618868815 1.49587666389 1.0182847955 0.773505712242
5.0 1.18917204073 1.11704510062 0.633784140729 0.407810509371
5.0 1.67751704701 0.964155337928 0.483479633591 0.277751854818
5.0 1.78879991447 0.935765766785 0.456436780359 0.255589871041
5.0 2.10795763427 0.863278263466 0.389059084695 0.202866677732
5.0 1.05661838854 1.16997200513 0.686921372318 0.456193431376
5.0 1.0641816486 1.16676580616 0.683695338728 0.453234117091
5.0 0.61726551749 1.41390023291 0.934673220866 0.691729632927
5.0 1.4860814288 1.01786580415 0.535509904243 0.321466307226
5.0 0.923640979636 1.23053029087 0.748064984572 0.513044884498
5.0 0.802257434508 1.29425279035 0.812824810548 0.574246230202
5.0 1.28299898369 1.08320086541 0.599949497013 0.37764104861
5.0 2.38533391279 0.808606305807 0.340563348831 0.167010541755
5.0 1.07216703986 1.1634095382 0.680312604427 0.450141208396
5.0 1.3800573356 1.0506847645 0.567833612574 0.349345594018
5.0 1.4904285227 1.01656927877 0.534246311857 0.320379401964
5.0 1.10356536677 1.1504921287 0.667262709218 0.438256500624
5.0 1.09613464854 1.15351113887 0.670312932382 0.441032607453
5.0 0.824149785654 1.28205871357 0.800379773886 0.562457357191
5.0 0.535143953546 1.47958939194 1.0017081056 0.757196027047
5.0 0.83630464203 1.27543767989 0.793635919737 0.556048702941
5.0 1.01531461275 1.18791609708 0.704949176192 0.472888048135
5.0 1.03190262877 1.18062690314 0.697618798484 0.466076017298
5.0 2.45543194475 0.795827886644 0.329465783425 0.159181747008
5.0 1.93274819114 0.901513017186 0.424336192076 0.230014166457
5.0 0.534102203724 1.48048934361 1.00262655785 0.758094270143
5.0 1.5076438628 1.01146772471 0.529285532908 0.3161188616
5.0 1.32788006487 1.06786092897 0.584791022548 0.364179745961
5.0 1.33607409749 1.06511475179 0.582083768993 0.361792650553
5.0 1.68742093522 0.961557840816 0.480979546686 0.275694863079
5.0 0.657325448686 1.38508101479 0.905289902805 0.663194409837
5.0 1.44315947705 1.03085989634 0.548239777167 0.332432043607
5.0 1.08844537233 1.15665930119 0.673494813018 0.443928186516
5.0 2.14779113056 0.855010854412 0.381594849412 0.197198649216
5.0 1.16146486847 1.12761068178 0.64432106307 0.417338010897
5.0 1.14740925455 1.13306829978 0.649764833253 0.422295273368
5.0 2.04912194597 0.875757034141 0.400447250624 0.211567969595
5.0 0.657455618433 1.38499027671 0.905197429492 0.663104994482
5.0 0.78716427673 1.3028949469 0.821593904713 0.582607557369
5.0 1.50286877882 1.01287735778 0.53065455387 0.317293533713
5.0 0.962592076586 1.2118706358 0.729231680394 0.495398897184
5.0 2.2437346988 0.835673193079 0.364350869249 0.184275554242
5.0 1.07493276393 1.16225398334 0.679146784075 0.44907713561
5.0 1.57209795782 0.992862757234 0.511261598946 0.300803701994
5.0 1.53998244287 1.00203313321 0.520139935446 0.308309008194
5.0 0.936039261502 1.22450593258 0.741987559128 0.507320666484
5.0 1.77164861306 0.940032582328 0.460462601094 0.258869218139
5.0 1.10141714079 1.1513627781 0.668142123636 0.439056905266
5.0 2.03121565774 0.879622144027 0.404003536087 0.214295795963
5.0 2.10523582818 0.863848395142 0.389576197981 0.203260504233
5.0 0.935695854051 1.22467167359 0.742154750138 0.50747795548
5.0 1.31236040466 1.07310929411 0.589967362177 0.368761328779
5.0 1.85148855007 0.920503459171 0.442102932724 0.244031961241
5.0 1.57302480058 0.992601120994 0.511008317047 0.300590744138
5.0 1.76852389982 0.940814063256 0.461201303867 0.259472024688
5.0 1.33120117382 1.06674598694 0.58369171122 0.363209553117
5.0 1.66342572647 0.967877817999 0.487069821037 0.28070840902
5.0 1.66800574594 0.966664427332 0.485898629783 0.279743664788
5.0 0.722526503583 1.3418903195 0.861278615303 0.620659393935
5.0 2.32229570859 0.820441869459 0.350922907813 0.174443004452
5.0 1.90092380473 0.908844521419 0.43118858341 0.235380958791
5.0 1.51692511195 1.00873978853 0.526638422044 0.313851419843
5.0 2.13999059592 0.856618571613 0.383041645512 0.198294505533
5.0 1.16847993403 1.12491068973 0.6416299916 0.414894907035
5.0 1.67561050532 0.964657050549 0.483963107148 0.278149815526
5.0 2.24695737305 0.835037753157 0.363788476954 0.183859182599
5.0 1.44628196371 1.02990261145 0.547297691904 0.331620048357
5.0 0.994592325279 1.19717306985 0.714311092291 0.481580196212
5.0 0.877347360713 1.25371913297 0.771640777378 0.535193312022
5.0 0.849590987029 1.2682954299 0.786399374893 0.549154868839
5.0 0.917185890905 1.23369507946 0.751265789765 0.516062075923
5.0 0.683545404478 1.36718210066 0.887083473252 0.645522758576
5.0 1.93637272723 0.900686516527 0.423564485498 0.229412387233
5.0 0.875837329209 1.25449847604 0.772432767325 0.535937399798
5.0 1.62642550745 0.977812121851 0.496680686188 0.288644770864
5.0 1.61939616207 0.979727427046 0.498536274632 0.29018257912
5.0 0.537100481356 1.47790390554 0.999987342591 0.755515511132
5.0 2.11774308645 0.861234088828 0.387207561786 0.201457702175
5.0 2.02735470127 0.880459861063 0.404775880405 0.214888961448
5.0 1.537214573 1.00283291906 0.520914345278 0.308967461329
5.0 1.89920143546 0.909245073212 0.431563224616 0.235675804007
5.0 1.10118034332 1.15145885849 0.668239110975 0.439145244728
5.0 2.14660110684 0.855255792854 0.381815163222 0.197365397042
5.0 0.904674522634 1.23988503119 0.757549224045 0.521975609783
5.0 1.97199530791 0.892650851707 0.416074033055 0.223596514459
5.0 2.11558337425 0.861684504653 0.38761526087 0.201767742843
5.0 2.13568022481 0.857509339325 0.383844248057 0.198903013942
5.0 2.22469223043 0.8394469022 0.367696179442 0.18675910521
5.0 1.92289796168 0.903768048763 0.426442689993 0.231659089066
5.0 1.31033939569 1.07379705201 0.590646233244 0.369363825055
5.0 2.43701145445 0.799148579807 0.332339112015 0.161197064226
5.0 0.793276962705 1.29937214698 0.818025233238 0.57919511678
5.0 1.54684923749 1.00005548717 0.518225165011 0.306683309521
5.0 1.0756485013 1.16195570521 0.678845557136 0.448802351145
5.0 1.67343277526 0.965231237547 0.484516222552 0.278605197485
5.0 0.58182772514 1.44106751331 0.962378628784 0.718737188783
5.0 2.36319610882 0.812724351391 0.34416018842 0.169576427793
5.0 0.50339338561 1.50786427548 1.03053579161 0.785508358264
5.0 1.93100662291 0.90191078694 0.424707813759 0.230303977467
5.0 0.93986693744 1.22266092903 0.740128007176 0.505573365264
5.0 1.49560520362 1.0150295775 0.532747242524 0.319090834025
5.0 1.23300841804 1.10088768582 0.617604259094 0.393359624617
5.0 2.07040408744 0.871205119643 0.396276156029 0.208374689212
5.0 1.80242061077 0.932404914734 0.453272617597 0.253021464911
5.0 0.675413889211 1.37266580205 0.892651365435 0.65091451777
5.0 1.40410742223 1.04301483999 0.560243138556 0.34278054835
5.0 1.43995855477 1.03184363232 0.549208424029 0.333266677897
5.0 2.23125270988 0.838143197158 0.366539527413 0.185898971091
5.0 1.61444183714 0.981082786169 0.499849714798 0.29127252185
5.0 0.986875616967 1.20066767264 0.717859393675 0.484866254253
5.0 1.25871208351 1.09170843903 0.60841769583 0.385184710364
5.0 2.42949354672 0.800511109078 0.333520600996 0.162027967635
5.0 0.756490719731 1.32095704778 0.839962263606 0.600224681486
5.0 2.37347047859 0.81080800894 0.342485257311 0.168379733401
5.0 1.39283742832 1.0465901192 0.563781736986 0.345837470435
5.0 1.26589946732 1.08917508916 0.605890410398 0.382933995599
5.0 1.0343448127 1.17956296296 0.696550693101 0.465085011641
5.0 1.5484233376 0.999603390995 0.517787521257 0.306312277561
5.0 0.988511317289 1.19992469776 0.717104516222 0.484167457754
5.0 2.46191661058 0.794665295971 0.328461360692 0.158479160321
5.0 0.750487274842 1.3245741626 0.843662879564 0.603755929328
5.0 2.19793060807 0.844804207587 0.372460467886 0.190317100521
5.0 1.22744670133 1.10290056602 0.619622367759 0.395155400211
5.0 1.93193860763 0.901697871795 0.424508836285 0.230148831762
5.0 2.32718922961 0.819510959669 0.350105641665 0.173851911782
5.0 2.27877692151 0.828812321623 0.358288708108 0.179808582074
5.0 2.36923364362 0.81159723477 0.343174729202 0.168871994094
5.0 2.37291665351 0.810911117507 0.342575296098 0.168444013922
5.0 1.91859041944 0.904758110718 0.427367831074 0.232382942932
5.0 1.30408602562 1.07593194153 0.592754240649 0.371236078103
5.0 1.84293696814 0.922554362122 0.444024769012 0.245569312525
5.0 2.48624787644 0.790329853991 0.324726467832 0.155874007584
5.0 1.24857484705 1.09530560821 0.612013012563 0.388384924438
5.0 1.01959419984 1.18602565591 0.703044896332 0.471117631966
5.0 2.07091232217 0.87109709343 0.396177272628 0.208299071243
5.0 2.20365983443 0.843652000819 0.371434213402 0.18954866986
5.0 2.28133317596 0.828316053963 0.357851083065 0.179487771716
5.0 0.698473005017 1.3573167889 0.877009106436 0.635836604092
5.0 2.15962072015 0.852582733099 0.3794142352 0.195549473287
5.0 1.46106765434 1.02539547552 0.542870972369 0.327805574455
5.0 1.69684761269 0.959099345989 0.478617542245 0.273752250817
5.0 2.19580079469 0.845233270325 0.37284288109 0.190603681921
5.0 0.539734983883 1.47564759569 0.997678364266 0.753263269691
5.0 1.24191467867 1.09768485359 0.614394923428 0.390504240603
5.0 1.76958765354 0.940547700324 0.460949659397 0.259266530353
5.0 2.14513105005 0.855558418867 0.382087534868 0.197571602996
5.0 1.70834708467 0.95611787673 0.475759388371 0.271403120673
5.0 2.12989903961 0.858706707214 0.384924088333 0.19972244143
5.0 0.842322610462 1.27219095842 0.790341878131 0.552910543461
5.0 1.70514536558 0.956946195533 0.476552667042 0.272054987925
5.0 2.24254359757 0.835908299758 0.364559259768 0.184429734252
5.0 2.21470925673 0.841437993112 0.369464668729 0.188076953071
5.0 2.22401429844 0.839581837426 0.367815951513 0.186848258836
5.0 1.94791776293 0.898064903312 0.421118211343 0.227508229386
5.0 2.23713841198 0.836976777586 0.365505407742 0.185131342387
5.0 2.01123338429 0.883974757113 0.408022929453 0.217385173919
5.0 1.36710304133 1.05487984912 0.571981853344 0.352949450613
5.0 2.16929376265 0.85060668351 0.377643089888 0.194212765806
5.0 2.31319587868 0.822178489354 0.352448430967 0.175548659672
5.0 1.03407566239 1.17968013419 0.696668166718 0.46519404576
5.0 1.79362634674 0.934571990779 0.455312320461 0.254676130027
5.0 0.857071224686 1.26431841218 0.782378879266 0.54533166189
5.0 0.719478936187 1.34382034549 0.863236414622 0.622553561391
5.0 1.81557399621 0.929182772308 0.450244000689 0.250571266942
5.0 1.91921828891 0.90461368644 0.427232818091 0.232277263017
5.0 2.23713061904 0.836978319923 0.365506774459 0.185132356246
5.0 1.55018300742 0.999098217853 0.517298846925 0.305898324366
5.0 0.87034226356 1.25734856902 0.775325468936 0.538659569265
5.0 1.49504637119 1.01519548589 0.532908785717 0.319229623808
5.0 2.01942485372 0.882185278056 0.40636867906 0.216112829846
5.0 1.82977028174 0.925731366947 0.447003847196 0.247960217032
5.0 1.57732305199 0.991390009877 0.509835494878 0.299605803136
5.0 1.67236478856 0.965512706231 0.484787822729 0.278828804348
5.0 1.56522827984 0.99480727964 0.513144337448 0.302388315113
5.0 2.27963428334 0.828645820417 0.358141871392 0.179700943839
5.0 2.19961651938 0.844464853932 0.37215811615 0.190090607008
5.0 1.08338067614 1.15874660322 0.675604532876 0.44584870589
5.0 1.11106367447 1.14746656384 0.664209841621 0.435475956881
5.0 2.16107577813 0.852285101347 0.379147151084 0.195347734978
5.0 0.807372605739 1.29136766245 0.809886117579 0.571459587591
5.0 0.636882862157 1.39954075561 0.920068128259 0.677480604267
5.0 1.028472074 1.18212595954 0.699123852121 0.467473515225
5.0 0.532947726046 1.48149003065 1.00364587497 0.75909208852
5.0 1.51206690493 1.01016578857 0.528021731182 0.315035720519
5.0 2.12193685379 0.860360620185 0.386417837089 0.200857161703
5.0 1.49466048168 1.0153101426 0.5330203706 0.319325506006
5.0 1.36076077534 1.05695050442 0.574027599745 0.354732334215
5.0 0.559281791837 1.45925523996 0.980955785789 0.736859736041
5.0 2.28757825568 0.827106121484 0.356784642093 0.178707257503
5.0 0.928836953547 1.22799674907 0.745507311714 0.510634305409
5.0 2.35476303905 0.814303986722 0.345542014459 0.170566274593
5.0 2.14431307289 0.855726959385 0.382239048965 0.19768644632
5.0 0.75483894969 1.32194895898 0.840976931597 0.601193442433
5.0 2.03681950602 0.878409030384 0.402885918816 0.213438064842
5.0 2.40753164559 0.804517520646 0.337001258025 0.164483967099
5.0 0.505863209942 1.50559474539 1.02822672677 0.783239670902
5.0 0.641886673595 1.39594808148 0.916410040893 0.673935134971
5.0 1.67256100568 0.965460663646 0.484737900783 0.278787718677
5.0 0.766440030579 1.31502863122 0.833907312045 0.594430077419
5.0 1.31961999809 1.07064660639 0.587537894769 0.366608459932
5.0 1.60421300423 0.983896225281 0.502576015941 0.293538751755
5.0 0.719808515102 1.34361141101 0.863024254121 0.622348503213
5.0 2.29612094821 0.825456529692 0.35533181631 0.177646293058
5.0 1.79395757167 0.934490283332 0.45523527854 0.254613568816
5.0 1.09439792634 1.15422000207 0.671029499276 0.441684577334
5.0 0.923750367917 1.23047684848 0.748010963598 0.512993918658
5.0 1.56362034594 0.995263702594 0.513586277867 0.302760916154
5.0 2.12148037627 0.860455612572 0.386503708477 0.200922432383
5.0 1.77260591477 0.939793336679 0.460236676366 0.258684860135
5.0 0.687323647837 1.36465978761 0.884514702187 0.643047336538
5.0 0.638638008967 1.39827650816 0.918782255407 0.6762328139
5.0 0.92588336033 1.22943544649 0.746959239602 0.51200261641
5.0 2.24247513211 0.835921817678 0.364571228293 0.184438601233
5.0 1.10996010283 1.14791060241 0.664657539644 0.435883912366
5.0 1.1402438872 1.13587428711 0.652568782884 0.424853735751
5.0 0.714345055406 1.34708641718 0.866555706559 0.625764806399
5.0 1.28375510074 1.08293836602 0.59968898091 0.377408997226
5.0 1.62889203492 0.977142274031 0.49603174183 0.288107547941
5.0 2.44980268627 0.796839940764 0.330340548286 0.159794545054
5.0 2.22202971122 0.839977081044 0.368166844409 0.187109540668
5.0 2.13316794617 0.858029329307 0.384312994494 0.19925864351
5.0 1.58653937118 0.988805418138 0.507332333598 0.297508086455
5.0 1.31580017473 1.07194075939 0.588814592434 0.367739184533
5.0 0.537378953798 1.47766488643 0.999742422052 0.755276676943
5.0 1.03494613595 1.1793010523 0.696287909691 0.464841482657
5.0 0.669015519463 1.37702545021 0.897076263861 0.655217177955
5.0 1.09016166505 1.15595432073 0.672782461975 0.443279834542
5.0 1.95849347614 0.895677722272 0.418892882479 0.225780284927
5.0 0.625135736458 1.4080940546 0.928753512911 0.685951592858
5.0 2.15427216227 0.853679083749 0.3803981439 0.19629307114
5.0 2.30426635327 0.823889667994 0.353952968173 0.176641793909
5.0 1.82106572371 0.927844347622 0.448987081524 0.249557114106
5.0 1.26537803586 1.08935847288 0.606073135253 0.383096762337
5.0 1.16077772732 1.12787598219 0.644585531935 0.417578443648
5.0 0.571491088339 1.44929713814 0.970804914354 0.726951698077
5.0 2.16021739551 0.852460592378 0.37930469564 0.195466717783
5.0 1.73321868645 0.949733512683 0.469663093573 0.266398249755
5.0 1.19896727742 1.11337505964 0.630116083577 0.404518822967
5.0 2.00771616481 0.884745356136 0.408736064321 0.21793400692
5.0 0.875225601769 1.25481454578 0.772753909484 0.5362393431
5.0 0.766523246495 1.31497946313 0.833857154219 0.594381908619
5.0 0.96860135128 1.20906729156 0.726389946478 0.4927628068
5.0 1.47087871193 1.02242820691 0.539965101126 0.325301884137
5.0 2.12413116189 0.859904248865 0.386005402642 0.200543730245
5.0 2.40588830297 0.804818843699 0.337263432742 0.164669466693
5.0 1.89390704434 0.910478892723 0.432717559977 0.236585024289
5.0 1.93961771167 0.899947831787 0.422875020082 0.22887534749
5.0 1.59428739245 0.986645503537 0.505239984855 0.295759365358
5.0 2.3111904706 0.822562174914 0.352785659463 0.175793471084
5.0 0.78775866991 1.30255119028 0.821245832312 0.582274169788
5.0 0.71577155799 1.34617695647 0.865630804589 0.624869996258
5.0 1.26335627069 1.09006986773 0.606782581209 0.383728623422
5.0 1.62219150559 0.978964481727 0.497797268897 0.289569889089
5.0 2.43041987737 0.800343113451 0.333374748184 0.16192533004
5.0 1.69790019158 0.958825609102 0.478354837952 0.273536294395
5.0 0.700271838684 1.35614566509 0.875809744678 0.634684703661
5.0 1.76783575927 0.940986369244 0.461364187746 0.259604972239
5.0 2.08116186578 0.868920786976 0.394190281581 0.206780409873
5.0 1.24080737219 1.09808194083 0.614792453471 0.390857930302
5.0 1.55074878267 0.998936199813 0.5171418525 0.305765246973
5.0 0.737596461315 1.33246177258 0.851711408253 0.611445054319
5.0 1.48659198886 1.01771357798 0.535361264885 0.321338300722
5.0 0.850663856217 1.26772307671 0.785820537341 0.548603554105
5.0 2.28284223137 0.828023373921 0.357593048451 0.179298789237
5.0 1.75734019318 0.94362164867 0.46385845399 0.261643294227
5.0 2.12303348021 0.860132490191 0.386211646006 0.20070045354
5.0 1.75023301879 0.945414410588 0.465558029149 0.263034066021
5.0 2.12510044411 0.859702795605 0.385823405591 0.200405452217
5.0 1.13907864033 1.13633186514 0.653026580303 0.425271816565
5.0 0.636619349408 1.39973080279 0.920261340369 0.677668371614
5.0 2.27950021041 0.828671856111 0.358164828864 0.179717769886
5.0 2.20767795916 0.842845634922 0.370716433939 0.189011932054
5.0 1.25371308729 1.09347867242 0.610186279333 0.386759049492
5.0 1.05892672308 1.16899077199 0.685934573806 0.455287134427
5.0 2.44115307427 0.798399693393 0.331690393227 0.160741402999
5.0 1.95133949496 0.897291043958 0.420396377767 0.226947475436
5.0 2.45303083289 0.796259310262 0.329838579436 0.159442811177
5.0 1.36701304036 1.05490920312 0.572010755282 0.352974663739
5.0 1.56168539609 0.995813748967 0.514118738861 0.303209996914
5.0 2.11297917711 0.86222818115 0.388107531506 0.202142291959
5.0 2.14133462843 0.856341155778 0.382791930012 0.198105191338
5.0 1.37568237221 1.05209649013 0.569229967352 0.350557167384
5.0 1.01935400477 1.18613164805 0.703151492848 0.471216813374
5.0 2.04849486241 0.875891836572 0.400571063834 0.211662859708
5.0 1.73787893575 0.94854664059 0.468533567348 0.265472078695
5.0 1.21895037467 1.10599575621 0.622725414007 0.397918627297
5.0 1.8074316589 0.931174659619 0.452115784108 0.252084555481
5.0 1.96890762438 0.893341186537 0.416716458373 0.224093760845
5.0 1.03328714329 1.1800235457 0.697012871151 0.465513678583
5.0 1.42515839197 1.03641982976 0.553722522922 0.33715686432
5.0 1.39496122666 1.04591390267 0.563112420429 0.345258866729
5.0 1.71904688032 0.953361003193 0.473122609179 0.269237294812
5.0 1.15835270469 1.12881384247 0.645520289602 0.418428547183
5.0 1.98434446007 0.889901099981 0.413517352365 0.22162036017
5.0 1.45834015141 1.02622381314 0.54368348031 0.328505356708
5.0 1.61433051828 0.981113293412 0.499879303081 0.291296962765
5.0 1.7515571605 0.945079933895 0.465240770739 0.262774293169
5.0 1.1176456744 1.144827354 0.661551312839 0.43305240912
5.0 0.847324671694 1.26950680014 0.787624505042 0.550321600322
5.0 1.69973004763 0.958350187604 0.477898829283 0.273161438812
5.0 1.33553089087 1.06529629267 0.582262733652 0.361950294686
5.0 1.7303545692 0.950464394148 0.470359367433 0.266969200687
5.0 2.00366830223 0.885633902636 0.409558860688 0.218567540493
5.0 0.710409244348 1.34960332154 0.869120397104 0.62824268417
5.0 2.09489005797 0.866021634368 0.391550152609 0.204765116736
5.0 0.679978503878 1.36957916086 0.88951869336 0.647877010669
5.0 1.33069440282 1.0669159293 0.583859320108 0.363357363023
5.0 0.729876120672 1.33726681989 0.856590958618 0.616133603961
5.0 1.53951210496 1.00216893484 0.52027142308 0.308420773042
5.0 2.49150823617 0.789398226049 0.323925869043 0.155317132042
5.0 0.955856263293 1.21503801596 0.732436623085 0.498379939112
5.0 1.59288707488 0.987034991478 0.505617348198 0.296074552039
5.0 1.38654028357 1.04860219118 0.565773140229 0.347560385936
5.0 2.42475373264 0.801372502257 0.3342682324 0.16255435752
5.0 1.61368774666 0.981289410299 0.500050021956 0.291438739662
5.0 2.27544497702 0.829460075483 0.358859894918 0.180227612445
5.0 1.69657284739 0.959170810175 0.47868608736 0.273808655714
5.0 0.563829734496 1.4555145653 0.977153960229 0.733136485069
5.0 1.70598873905 0.956727736244 0.47634353034 0.271883149681
5.0 2.11042908498 0.862761158357 0.388590423015 0.202509801185
5.0 0.501186843134 1.50990282618 1.03260638171 0.787548282515
5.0 1.5683039434 0.993935540345 0.512300476662 0.30167750928
5.0 1.6563051733 0.969771123492 0.488898830289 0.282215879799
5.0 1.25226358926 1.09399316487 0.610700658575 0.387216890877
5.0 2.4677072736 0.793629389884 0.327567702162 0.15785473125
5.0 1.68773808577 0.96147487164 0.480899800495 0.27562926375
5.0 2.09620853003 0.8657441621 0.391297838787 0.204572693429
5.0 0.709368808668 1.3502706858 0.869801323924 0.628900184998
5.0 0.747390151342 1.32645357387 0.845584569845 0.605588968419
5.0 2.34222878602 0.816662882206 0.347607896855 0.172050440856
5.0 1.52643946583 1.0059602628 0.523943603897 0.311548659094
5.0 1.33655556369 1.06495402117 0.581925224485 0.361653036056
5.0 0.63942151876 1.39771380784 0.918209535178 0.675677453037
5.0 1.66010102776 0.968760735046 0.487922530316 0.281411176391
5.0 1.42024691056 1.03794906116 0.555233315956 0.338459229621
5.0 1.41087064682 1.0408844598 0.558135458725 0.340961761925
5.0 0.897411928712 1.24351563913 0.761246255059 0.525446458952
5.0 0.978376681836 1.20455157947 0.721804952284 0.48851753533
5.0 1.14677854678 1.13331467557 0.650010943342 0.422519812612
5.0 1.74579235165 0.946537933849 0.466624485471 0.263907466843
5.0 1.01561676574 1.18778252768 0.70481434163 0.472762754707
5.0 1.92681237282 0.90287053239 0.425604114304 0.231003693801
5.0 1.0894238641 1.1562571328 0.673088566153 0.443558434829
5.0 1.36243736053 1.05640204219 0.573485837698 0.354259847623
5.0 2.36479541428 0.812425501313 0.343898856428 0.16938949886
5.0 2.23972818819 0.836464518831 0.365051751257 0.184794782403
5.0 2.16537672487 0.851405958915 0.378359008706 0.194752781605
5.0 0.875917663477 1.25445700623 0.772390599096 0.535897815439
5.0 1.19700256837 1.11410839458 0.630849437119 0.40517592925
5.0 1.78827130416 0.935896687689 0.456560157212 0.255690190045
5.0 2.23719617901 0.836965344807 0.365495276809 0.18512382712
5.0 2.08237469967 0.868663946408 0.393956000577 0.206601501537
5.0 1.68520511286 0.962137709139 0.481537251819 0.276153615863
5.0 0.746657834905 1.32689917564 0.846040047305 0.606023722452
5.0 1.151290591 1.1315550156 0.64825446749 0.420918368949
5.0 0.890560191753 1.24696990276 0.764767276491 0.528747362006
5.0 1.67870858301 0.963841944439 0.483177843736 0.277503507951
5.0 1.81190875589 0.930078302712 0.451085183485 0.251251120455
5.0 0.652109191184 1.38871824998 0.9090150078 0.666795350704
5.0 0.900672483374 1.24188191006 0.759581889 0.523884561844
5.0 1.41150880325 1.04068402179 0.557937249121 0.340790741451
5.0 1.68991288875 0.960906630013 0.480353482666 0.275179915482
5.0 1.637298688 0.974867591156 0.49382889597 0.28628551404
5.0 1.65590146902 0.969878725021 0.489002849013 0.282301625893
5.0 2.05353673003 0.874809248677 0.399577075857 0.21090122738
5.0 0.61395296499 1.41636337129 0.937194130321 0.694180995925
5.0 0.989090859049 1.19966168627 0.716837251407 0.483920093858
5.0 1.11819630969 1.14460724204 0.661329784672 0.432850359123
5.0 0.734597825133 1.33432100346 0.853601702022 0.613257998061
5.0 1.49063486025 1.01650773128 0.534186480318 0.320327907618
5.0 0.673254433883 1.37413355006 0.894139898704 0.652360831012
5.0 2.10495858593 0.863906506541 0.389628918097 0.203300666275
5.0 1.53795625847 1.00261846164 0.520706684742 0.308790869667
5.0 2.28353546084 0.827889008659 0.357474585546 0.179212055732
5.0 1.91003944969 0.906730740584 0.429211984474 0.23382811948
5.0 1.46834799082 1.0231919791 0.540712318968 0.325945676612
5.0 0.979152217519 1.20419578237 0.721443366191 0.488182863189
5.0 2.25457076649 0.833540160754 0.362463574938 0.182880012531
5.0 0.873516595929 1.25569949925 0.773652429419 0.537084093283
5.0 2.44347896526 0.79797974156 0.331326782824 0.160486157519
5.0 1.6221184283 0.978984400808 0.497816572053 0.289585885198
5.0 0.905470989622 1.23948874512 0.757145969822 0.521596680109
5.0 0.923093697068 1.23079795309 0.748335330964 0.513299671882
5.0 1.98557703773 0.889627638686 0.413263378964 0.221424209967
5.0 2.13742429214 0.857148716849 0.383519230737 0.198656547035
5.0 2.26257137453 0.831971833455 0.361077416294 0.181857818782
5.0 1.4972905334 1.0145292178 0.532260666919 0.318672737223
5.0 1.42244955899 1.03726257083 0.554554924659 0.33787440943
5.0 1.84777801399 0.921392118383 0.442935538036 0.244697550063
5.0 0.639473782485 1.39767607318 0.918171208561 0.675640333996
5.0 1.36576372755 1.05531633932 0.572412999603 0.353324903822
5.0 1.41217114813 1.0404760896 0.557731691334 0.340613353383
5.0 2.49695881838 0.788434991775 0.323098925456 0.154742369566
5.0 1.99130987403 0.888358054076 0.41208459082 0.220514466603
5.0 0.51668224197 1.49582039749 1.01822703588 0.773448751029
5.0 2.18833111609 0.846741227696 0.374187604969 0.191612770531
5.0 2.14834659398 0.854896568197 0.381492131831 0.197120871304
5.0 0.811937656613 1.28881267175 0.807278360974 0.568990640669
5.0 2.30524991667 0.823700823442 0.353786815025 0.17652096888
5.0 2.27596093871 0.829359709615 0.358771352599 0.180162646578
5.0 2.30265863189 0.824198462442 0.35422462956 0.176839510198
5.0 0.917885508655 1.23335114004 0.750917538646 0.51573383936
5.0 1.17116403736 1.12388191049 0.640604599382 0.413965681346
5.0 1.06464875791 1.16656867931 0.683496746429 0.453052293156
5.0 1.5787984255 0.990974998461 0.509433828942 0.299268671166
5.0 2.43116493028 0.800207923633 0.333257493816 0.161842809734
5.0 2.16413540735 0.851659524684 0.37858625754 0.194924294495
5.0 1.87933627637 0.913894497468 0.435914105568 0.239110075036
5.0 1.15432165804 1.13037661926 0.647078683255 0.419847062816
5.0 1.48439019614 1.01837145549 0.53600271192 0.321890363858
5.0 0.687597746559 1.36447740605 0.884329235175 0.642868486981
5.0 1.5183913201 1.00831035838 0.526221919597 0.313495089976
5.0 0.599241909219 1.42749186161 0.948575036858 0.705223499979
5.0 2.44230492087 0.798191664949 0.331510247898 0.160614934858
5.0 1.32379432799 1.06923678676 0.586147571716 0.365378291023
5.0 1.06718865767 1.1654984813 0.682418740965 0.452065701451
5.0 1.33617533812 1.0650809287 0.582050426885 0.361763293005
5.0 0.512236932443 1.49980511732 1.02230898249 0.777447888553
5.0 0.5093972665 1.50237219741 1.02493713239 0.780018418661
5.0 1.76865854713 0.940780357573 0.461169441901 0.25944594611
5.0 0.972006739522 1.20748814521 0.724787390376 0.491277999323
5.0 0.72391124204 1.34101582212 0.86039196086 0.619802320791
5.0 2.38377785332 0.808894558338 0.340814718235 0.16718936741
5.0 1.03315873392 1.18007947732 0.697069190194 0.465565787071
5.0 1.6243578916 0.978374404488 0.497225511878 0.289096044919
5.0 1.56661626605 0.994413636789 0.512763237238 0.302067300524
5.0 2.46745502215 0.793674452049 0.327606565742 0.157881875924
5.0 1.54705582402 0.999996128618 0.518167700999 0.306634580225
5.0 0.672326593152 1.37476497713 0.894780829537 0.652984195106
5.0 2.4641600443 0.794263733004 0.328114837882 0.15823693093
5.0 0.806553016784 1.29182875049 0.810355998231 0.57190467484
5.0 0.782384394078 1.30566834304 0.824402429943 0.585300791847
5.0 0.521703188683 1.49135761493 1.01367172755 0.768964357515
5.0 2.33996450197 0.81709043075 0.347982633591 0.172320196619
5.0 2.48774374544 0.790064728569 0.324498535514 0.155715464062
5.0 0.519058642861 1.4937036885 1.01606386308 0.771321962031
