0.1 1.45749032371 2.96964334773 -0.00016093304257 1.27992683947e-07
0.1 0.848991475151 2.98252515109 -0.00129229361472 3.06103430394e-06
0.1 1.52158561281 2.94663757136 -0.000136025589387 9.48345676029e-08
0.1 1.08744671145 3.00195964958 -0.000500653370816 7.46007448697e-07
0.1 1.10965915878 3.0024499243 -0.000463127906103 6.75552476288e-07
0.1 1.94620683028 0.239121451888 -5.20038266385e-05 2.23497530553e-08
0.1 1.29893889656 2.99651665112 -0.000251753957538 2.71333618518e-07
0.1 1.32825044634 2.99357707636 -0.000230867379428 2.42425974084e-07
0.1 1.09483430768 3.00214769424 -0.000487760373788 7.20703073895e-07
0.1 1.65870908372 2.8221209145 -9.71968817732e-05 7.01556566817e-08
0.1 1.33024165463 2.99335164195 -0.000229535426022 2.18984728916e-07
0.1 0.555416098248 2.91724268765 -0.00624572604179 2.85276687649e-05
0.1 1.73844917572 2.53974393015 -8.08875039596e-05 4.25337277528e-08
0.1 0.959132184946 2.9948247467 -0.000811195410527 1.48753299946e-06
0.1 0.684724856744 2.95120309823 -0.00290625754463 9.92979304346e-06
0.1 1.93745867926 0.255917554443 -5.29153910259e-05 2.31405906864e-08
0.1 1.82857343495 0.972456863798 -6.63705364908e-05 2.48192992846e-08
0.1 0.662754180521 2.94569013549 -0.00328102123275 1.17769121285e-05
0.1 1.12419176685 3.00264956583 -0.00044044381362 6.26674795142e-07
0.1 1.07189864737 3.00148508707 -0.000529213189774 8.07238917239e-07
0.1 0.97059990148 2.99576433901 -0.000775061499149 1.39832741948e-06
0.1 0.82098712421 2.97837072233 -0.00146797988467 3.69819592146e-06
0.1 0.849131141076 2.98254478586 -0.00129148543994 3.05798521792e-06
0.1 0.593225803195 2.9268553836 -0.00492942006511 2.07779766569e-05
0.1 1.1943521743 3.00220222641 -0.000348590442651 4.36605442772e-07
0.1 1.26010374917 2.99942648838 -0.000283265983652 3.16482738032e-07
0.1 1.18827635142 3.00233797254 -0.000355523588768 4.49059220386e-07
0.1 1.03948347552 3.00015134814 -0.000595688414068 9.66569858672e-07
0.1 1.50483298662 2.95374981317 -0.000142086184255 1.10110735835e-07
0.1 1.44915044022 2.97192344517 -0.000164571075317 1.31335320038e-07
0.1 1.83358045756 0.888540375611 -6.56651645627e-05 2.44050952231e-08
0.1 1.06255665089 3.00114849163 -0.000547396384026 8.44978177373e-07
0.1 0.517006544261 2.91225804444 -0.00802217978065 3.95713646985e-05
0.1 1.88265477748 0.433168560647 -5.91986520329e-05 2.9648670595e-08
0.1 1.50940433067 2.95189953574 -0.000140418194155 1.08561950511e-07
0.1 0.809955181069 2.9766097076 -0.00154522255712 4.01723516009e-06
0.1 0.935702266897 2.99271348414 -0.000891763364298 1.7761979094e-06
0.1 0.837405927115 2.98086087805 -0.00136161602149 3.35993843199e-06
0.1 0.627246577794 2.93622917418 -0.00402086981123 1.56760386653e-05
0.1 1.06555535072 3.00126082408 -0.000541490613407 8.32814438674e-07
0.1 1.5775459646 2.9144373446 -0.000118191400059 8.80553559249e-08
0.1 1.35145906486 2.99072671404 -0.000215800022773 1.96317832678e-07
0.1 1.3427333636 2.9918565467 -0.000221313578556 2.05250814955e-07
0.1 1.49796705409 2.95641193494 -0.000144635733303 1.12514045151e-07
0.1 1.75594933377 2.39095472941 -7.77700439039e-05 4.18036991572e-08
0.1 1.4424109166 2.97367137958 -0.000167586368634 1.34451029457e-07
0.1 1.3843849154 2.98576074259 -0.000196610412145 1.60200311354e-07
0.1 1.18715584186 3.00236087631 -0.000356821194316 4.51402859223e-07
0.1 1.55884367844 2.92694663041 -0.000123828896974 8.80932746219e-08
0.1 1.65719372173 2.82476030641 -9.75213702951e-05 6.99080779513e-08
0.1 0.701730730169 2.95525986223 -0.00265206798479 8.71788102867e-06
0.1 1.62128056674 2.87483058902 -0.000106252865393 7.34513780405e-08
0.1 1.47029169262 2.96586967698 -0.00015554134722 1.23090821731e-07
0.1 1.82847383125 0.974225069347 -6.63846616323e-05 2.48286922489e-08
0.1 1.41594796872 2.97979047639 -0.000180124012557 1.46831647642e-07
0.1 1.0978672269 3.00221786634 -0.000482603179637 7.11112256972e-07
0.1 1.42234850553 2.97841175023 -0.000176995558088 1.43805919465e-07
0.1 1.94486143796 0.241578392927 -5.21323247264e-05 2.24723304609e-08
0.1 1.67609543414 2.78763020172 -9.33017283466e-05 6.9336784611e-08
0.1 1.31339399577 2.99515331898 -0.000241172088492 2.56638796013e-07
0.1 1.04375997947 3.00035412482 -0.0005863483111 9.51719610301e-07
0.1 1.3983204559 2.98328598058 -0.000189107473157 1.61551746707e-07
0.1 1.11585682507 3.00254691223 -0.00045328013859 6.57967455554e-07
0.1 0.750849620537 2.96589584044 -0.00205746185285 6.07660776432e-06
0.1 1.01090302579 2.99858934345 -0.000663087323688 1.1142437373e-06
0.1 0.951119495978 2.99413192415 -0.000837701780679 1.56735432652e-06
0.1 1.92510739323 0.283406006425 -5.42545960785e-05 2.42229145807e-08
0.1 1.09928306038 3.00224912664 -0.000480213663727 7.06699531782e-07
0.1 1.29030560759 2.9972550254 -0.000258401919902 2.80506364738e-07
0.1 1.38593533245 2.98549726528 -0.000195757155468 1.69598371288e-07
0.1 0.53780575432 2.91389843426 -0.00699786611296 3.31606230771e-05
0.1 1.6218032694 2.87424133051 -0.000106119645193 7.33109544892e-08
0.1 0.578534844508 2.92290801889 -0.00539729341068 2.34612131831e-05
0.1 0.708818756984 2.9568942007 -0.00255420614666 8.2588040084e-06
0.1 0.897421909453 2.98869168 -0.00104608540905 2.26231113496e-06
0.1 1.0179393839 2.99900758891 -0.000645572666815 1.06059888644e-06
0.1 0.992044338794 2.9973590765 -0.000712768563128 1.23927207346e-06
0.1 1.48216544927 2.96204528848 -0.000150740107999 1.18472036667e-07
0.1 1.36776840855 2.98841239513 -0.000206036841647 1.79703628768e-07
0.1 1.29553389502 2.99681453801 -0.000254380157794 2.74916972976e-07
0.1 1.84579769384 0.721498532933 -6.39823491793e-05 2.51353101978e-08
0.1 1.99539343981 0.171981171996 -4.71427509487e-05 1.74729396132e-08
0.1 0.66852394854 2.94716651537 -0.00317706647202 1.12545926219e-05
0.1 1.37270608354 2.98765670158 -0.000203168702956 1.74242262061e-07
0.1 1.19339444911 3.00222491024 -0.000349668424258 4.38540327178e-07
0.1 1.79660768173 1.69281862262 -7.11420375185e-05 3.79299413154e-08
0.1 0.568435750571 2.92031889157 -0.00574995067419 2.55087210501e-05
0.1 1.78329565112 1.98735959568 -7.32416944686e-05 3.91289622585e-08
0.1 1.06380480104 3.00119570515 -0.000544928500349 8.39912876594e-07
0.1 0.674803725797 2.94875035349 -0.00306856356853 1.07023403742e-05
0.1 1.88773509658 0.408643578023 -5.85759790599e-05 2.91555760361e-08
0.1 1.62805111837 2.86692515663 -0.000104531343836 7.15886487486e-08
0.1 0.647942181695 2.941815837 -0.00356743946006 1.32576377413e-05
0.1 0.812628479279 2.97704284784 -0.00152603830002 3.96155116076e-06
0.1 0.687416185013 2.95185740714 -0.00286425975481 9.72373760618e-06
0.1 1.6535013351 2.83097627125 -9.83820985256e-05 6.85496105297e-08
0.1 1.9785585252 0.190877932142 -4.87427805803e-05 1.82266270949e-08
0.1 0.50829895905 2.9128829727 -0.00849882094591 4.26009945145e-05
0.1 0.82666366232 2.97924939279 -0.00143008692912 3.55712632006e-06
0.1 1.0023139688 2.99804868242 -0.000685142349028 1.16840089949e-06
0.1 1.01271613786 2.99869923626 -0.00065853811758 1.10262083195e-06
0.1 1.94825023141 0.235472198313 -5.17883101216e-05 2.21630674647e-08
0.1 1.21416181551 3.00162468592 -0.000327075639136 3.99418108693e-07
0.1 1.97895062554 0.190397849403 -4.87047600939e-05 1.81033106376e-08
0.1 0.69245469948 2.9530706896 -0.00278724858809 9.3580127801e-06
0.1 1.54261615927 2.93626972066 -0.000128934990885 8.9852459938e-08
0.1 0.825371925237 2.97905115377 -0.00143859847479 3.59495143675e-06
0.1 1.05531589981 3.0008608222 -0.000561991690032 8.74253465756e-07
0.1 0.852036028263 2.98295016173 -0.00127477879996 2.99527955045e-06
0.1 1.10421577328 3.00235037693 -0.000472004567303 6.91655731313e-07
0.1 0.53139149923 2.91304444378 -0.00729727880964 3.50340831511e-05
0.1 0.821050306707 2.97838060198 -0.00146755133674 3.68560720619e-06
0.1 1.2833911599 2.99780783704 -0.000263843462612 2.88053420099e-07
0.1 1.50582354322 2.95335421875 -0.000141722765685 1.09772012655e-07
0.1 1.0571120393 3.00093440704 -0.000558326304073 8.67031436836e-07
0.1 1.30121403314 2.99631282727 -0.000250050957595 2.68964839727e-07
0.1 1.70908666277 2.69103606759 -8.64436041942e-05 4.8851825946e-08
0.1 1.9034687473 0.346057006443 -5.66977096999e-05 2.78068343769e-08
0.1 0.758452300442 2.96739883332 -0.00198082427003 5.7613543795e-06
0.1 1.29038337363 2.99724861581 -0.000258341522393 2.80422469904e-07
0.1 0.516651538411 2.91226410631 -0.00804104677812 3.96901149931e-05
0.1 1.90842219386 0.329708358331 -5.61283149777e-05 2.74685821776e-08
0.1 0.663376225178 2.94585027808 -0.00326965230257 1.17199018943e-05
0.1 0.568591483173 2.92035765343 -0.00574430889979 2.54752837099e-05
0.1 0.626444367116 2.93600946343 -0.00403981466343 1.58263658927e-05
0.1 1.89803380513 0.36568369521 -5.73735974369e-05 2.82243913495e-08
0.1 1.93499416754 0.261022964496 -5.31793305018e-05 2.33602229355e-08
0.1 1.29092966301 2.99720346625 -0.000257917737697 2.79833763215e-07
0.1 1.65490310448 2.82865079893 -9.80539511113e-05 6.92411902948e-08
0.1 0.552425237132 2.91659599493 -0.00636655236109 2.9250575918e-05
0.1 1.60233515539 2.89413126959 -0.000111219639316 7.32371915934e-08
0.1 1.12835516849 3.00268887106 -0.000434206805041 6.09541233706e-07
0.1 0.785306467614 2.97240881455 -0.00173698302023 4.7168895803e-06
0.1 1.25394661331 2.99979508431 -0.000288696009457 3.24064066788e-07
0.1 1.20720554326 3.00185149603 -0.000334422947834 4.11629758806e-07
0.1 1.09047683132 3.00203947665 -0.000495314384175 7.38665821808e-07
0.1 1.29282427362 2.99704519342 -0.00025645467708 2.77800740886e-07
0.1 0.891426459987 2.98799532487 -0.00107319102104 2.29360984638e-06
0.1 0.677231967019 2.94935656723 -0.00302782932276 1.05247869383e-05
0.1 1.78051528508 2.04093714998 -7.36693026118e-05 3.93840376221e-08
0.1 1.8105334104 1.35289164939 -6.90334874728e-05 2.84819982157e-08
0.1 0.851538343183 2.98288109377 -0.00127761554367 3.00594289201e-06
0.1 1.67736912203 2.78475546152 -9.30327120389e-05 6.91680749823e-08
0.1 1.65192370293 2.83354364555 -9.87538899245e-05 6.72971293322e-08
0.1 1.31149902246 2.99534144211 -0.000242527511979 2.58516795256e-07
0.1 1.68358171428 2.76992877768 -9.16964560339e-05 6.82583188208e-08
0.1 1.89560843664 0.375075461114 -5.76642537137e-05 2.84281382956e-08
0.1 0.575802146672 2.92219439916 -0.0054901144986 2.40080578461e-05
0.1 1.57704012343 2.91480412142 -0.000118339679686 8.80705446274e-08
0.1 0.662794122771 2.94570041989 -0.00328028727624 1.17730503535e-05
0.1 0.977797526241 2.99632299126 -0.000753428744282 1.34102093297e-06
0.1 0.936817501747 2.99281985289 -0.000887706461178 1.76433210661e-06
0.1 1.36441382275 2.98891102569 -0.000208009628376 1.8327303476e-07
0.1 1.71623699698 2.66186390318 -8.50457424422e-05 4.4159041749e-08
0.1 1.56313429014 2.92425777802 -0.00012250520351 8.81954142648e-08
0.1 0.994298989876 2.99751428299 -0.000706584500404 1.2231496671e-06
0.1 1.56107491406 2.925560623 -0.000123157271745 8.81562468618e-08
0.1 1.03819088757 3.00008853343 -0.000598546100789 9.70692254455e-07
0.1 0.6060426851 2.93038257069 -0.00456046149559 1.86948669377e-05
0.1 1.43213533116 2.97618155715 -0.000172314746221 1.3922360064e-07
0.1 1.52719292343 2.94404184692 -0.000134079768025 9.58725542183e-08
0.1 0.522719564957 2.91234665906 -0.00772519867823 3.7706010398e-05
0.1 0.67113896997 2.94782883872 -0.00313131931135 1.10116274481e-05
0.1 1.42100601458 2.97870611193 -0.000177646002303 1.44438366224e-07
0.1 1.63136532794 2.86283210825 -0.000103707568065 7.0638447686e-08
0.1 0.600560725792 2.92886921807 -0.00471406822563 1.95336153405e-05
0.1 1.41694825645 2.97957903835 -0.000179630505056 1.46356952181e-07
0.1 1.46372794681 2.96784756417 -0.00015827739934 1.25625093745e-07
0.1 0.99456231953 2.99753229588 -0.000705866612144 1.22128730651e-06
0.1 1.0087075066 2.99845427581 -0.000668635003918 1.12763240722e-06
0.1 0.954849821744 2.99445811052 -0.000825225510748 1.53339784359e-06
0.1 1.99644532546 0.170906843757 -4.7044932562e-05 1.74228701385e-08
0.1 1.36177855055 2.98929429262 -0.000209576616176 1.86010230385e-07
0.1 1.53942803657 2.93795720939 -0.000129971867702 9.65269627099e-08
0.1 0.860630075001 2.98412107578 -0.00122703984851 2.83186550414e-06
0.1 1.74746245573 2.47075554153 -7.92573406488e-05 4.27489106861e-08
0.1 1.66230217576 2.81564964857 -9.63838673997e-05 7.03862591968e-08
0.1 1.13124290125 3.00271141269 -0.000429963271965 6.02055998383e-07
0.1 1.28233186237 2.99788949035 -0.000264689762458 2.89224400453e-07
0.1 0.629067163241 2.93672714838 -0.00397824765508 1.54448541874e-05
0.1 0.730562376385 2.96169852428 -0.00228069400288 7.02991609165e-06
0.1 1.96082651664 0.214983318831 -5.04854520825e-05 2.1006833679e-08
0.1 1.96224988286 0.212858620411 -5.03416990087e-05 1.35714765755e-08
0.1 1.19875226228 3.00209220272 -0.000343639025586 4.27849270754e-07
0.1 1.46866986313 2.96636677838 -0.000156211922653 1.23719502275e-07
0.1 1.23477712258 3.00079264319 -0.000306457905787 3.48013143757e-07
0.1 0.623338737278 2.93515725789 -0.0041142126159 1.61856543948e-05
0.1 1.71092024219 2.68391911973 -8.60823367491e-05 4.85218324955e-08
0.1 0.714017140883 2.9580714524 -0.0024852876573 7.95044040666e-06
0.1 1.11501320506 3.00253468927 -0.000454617263281 6.60311018057e-07
0.1 1.87615620479 0.468431455199 -6.00187751926e-05 3.02944636226e-08
0.1 0.821599784168 2.97846642356 -0.00146383095656 3.67719619755e-06
0.1 1.0996359903 3.00225677073 -0.000479620361368 7.05606213653e-07
0.1 1.62302174254 2.87285364515 -0.000105809931914 7.29815676929e-08
0.1 1.47052598968 2.96579734153 -0.00015544476623 1.2299990337e-07
0.1 1.35821779574 2.98980074361 -0.000211668345581 1.89630670047e-07
0.1 1.91862646409 0.299964206942 -5.4973726524e-05 2.68764798187e-08
0.1 0.91936748593 2.99108578706 -0.000953892210798 1.96084744775e-06
0.1 0.536112157208 2.91364934304 -0.00707554288828 3.36338963918e-05
0.1 1.41368587926 2.98026322225 -0.00018124637966 1.47919937233e-07
0.1 1.63233900075 2.86159985239 -0.000103467394226 7.03541093685e-08
0.1 1.23547470171 3.000760214 -0.000305787916264 3.47153616716e-07
0.1 1.39097476638 2.98462024326 -0.000193016239412 1.6630864728e-07
0.1 1.48569956591 2.96084162277 -0.000149347221381 1.17100703018e-07
0.1 1.63306606445 2.86067071519 -0.000103288637055 7.01402260093e-08
0.1 0.962346812919 2.99509427981 -0.000800858754407 1.46495632231e-06
0.1 1.97758750142 0.192075783361 -4.88370952668e-05 1.84902098887e-08
0.1 1.53165958598 2.94189017342 -0.000132572855798 9.77516673899e-08
0.1 0.726904220096 2.96091204501 -0.00232405655648 7.21550388292e-06
0.1 1.84130986067 0.777122112957 -6.45942385884e-05 2.4941227491e-08
0.1 1.28551915522 2.99764082842 -0.00026215350153 2.85712641157e-07
0.1 0.874471359334 2.98592497676 -0.00115468512379 2.56140241106e-06
0.1 1.15054839927 3.00276163705 -0.00040276739486 5.54573481394e-07
0.1 0.993699029249 2.99747356741 -0.000708223515538 1.22740891713e-06
0.1 1.46316401593 2.96801292343 -0.000158515240115 1.25841242354e-07
0.1 0.939217375863 2.99304683096 -0.000879055144436 1.73911901518e-06
0.1 0.801047363198 2.97513452038 -0.00161133710918 4.21454003611e-06
0.1 0.516762300587 2.91226197641 -0.00803515518258 3.96530292177e-05
0.1 1.22335269357 3.00128349345 -0.000317697535517 3.51772796458e-07
0.1 0.763120358018 2.96830292395 -0.00193555435224 5.57215584566e-06
0.1 1.25245800457 2.99988063551 -0.000290028336497 3.25915329526e-07
0.1 1.76301832368 2.31064159846 -7.65581928483e-05 4.10672037307e-08
0.1 1.13830596976 3.00275024871 -0.000419737525556 5.84076983781e-07
0.1 1.70411137843 2.70920758406 -8.74337024065e-05 4.97582666759e-08
0.1 1.90644654738 0.336064654146 -5.63547981819e-05 2.75990048882e-08
0.1 1.66912304959 2.80246677148 -9.48407014844e-05 7.00986023801e-08
0.1 1.4730973373 2.9649954098 -0.000154389683829 1.22000862306e-07
0.1 1.46420950783 2.96770559447 -0.000158074648906 1.25440266452e-07
0.1 0.873926056724 2.9858554057 -0.00115743280375 2.57136439576e-06
0.1 0.559983176559 2.9182788573 -0.00606629573527 2.74280850965e-05
0.1 1.65095004214 2.8351028718 -9.89850151835e-05 6.60733463758e-08
0.1 1.84532425337 0.727079511079 -6.40465591169e-05 2.51227675505e-08
0.1 1.6831592969 2.77098129659 -9.17853601593e-05 6.83239904723e-08
0.1 1.3417538793 2.99197890494 -0.000221942238586 2.06142631717e-07
0.1 1.92404593838 0.286007521647 -5.43716040911e-05 2.43135481197e-08
0.1 1.88247170478 0.434099246352 -5.92219559354e-05 2.96666611886e-08
0.1 1.52478351021 2.94517142611 -0.000134912337756 9.33045460806e-08
0.1 1.27264090005 2.99860040917 -0.000272598754231 3.00099117327e-07
0.1 1.79091025303 1.82572188267 -7.20580841927e-05 3.8440017613e-08
0.1 0.629135611731 2.93674584526 -0.00397667882107 1.5436146829e-05
0.1 1.55445620723 2.92959554524 -0.000125217508251 8.9985401195e-08
0.1 1.35229567832 2.99061446008 -0.000215285142354 1.95500162992e-07
0.1 1.88642820544 0.414719702027 -5.87679268237e-05 2.9281190501e-08
0.1 1.2126930128 3.00167462673 -0.0003286093401 4.02131364191e-07
0.1 0.675896474078 2.94902350651 -0.00305014798499 1.06121890636e-05
0.1 1.89414218961 0.38095816557 -5.78345371116e-05 2.85569021288e-08
0.1 0.924495468809 2.99161103414 -0.000933833541405 1.90059551137e-06
0.1 0.827509122882 2.97937868599 -0.00142448959064 3.53786639524e-06
0.1 1.97179891737 0.199492491738 -4.93902714608e-05 1.88632667069e-08
0.1 1.36818135544 2.98835020727 -0.000205795717547 1.79256898898e-07
0.1 0.93132754968 2.99229055214 -0.000907897644402 1.82363615278e-06
0.1 0.662587246342 2.94564714288 -0.00328409125518 1.1802345193e-05
0.1 1.38926602459 2.98492103399 -0.000193940103457 1.67421826098e-07
0.1 0.684339217028 2.95110892759 -0.00291236677964 9.95894103944e-06
0.1 1.65703922989 2.82502577091 -9.75571613796e-05 6.98757136472e-08
0.1 1.37715370184 2.98695297945 -0.000200653608589 1.69069831323e-07
0.1 0.841831903129 2.98150557049 -0.00133457892709 3.23365458198e-06
0.1 1.2457599158 3.00024845511 -0.000296119378494 3.34300338774e-07
0.1 1.77642375842 2.11423702104 -7.43648457782e-05 3.97641963925e-08
0.1 0.719858842967 2.95937322563 -0.00241055844297 7.61435257338e-06
0.1 1.90948852508 0.326364030638 -5.60064451812e-05 2.7400524041e-08
0.1 1.72729191105 2.60806230686 -8.29483649376e-05 4.33700891341e-08
0.1 1.58731806881 2.90700331659 -0.000115381314465 8.72965391054e-08
0.1 0.964026422981 2.99523319512 -0.000795523366826 1.45271314014e-06
0.1 0.703708733902 2.95571928002 -0.00262425572502 8.60085534975e-06
0.1 1.47850376355 2.9632599826 -0.000152200562746 1.19896525739e-07
0.1 0.525031372733 2.9124726078 -0.00760842228824 3.69709623774e-05
0.1 1.22561830332 3.00119212284 -0.000315427887305 3.47627215325e-07
0.1 1.02466634324 2.99938685896 -0.00062943728825 1.0215328021e-06
0.1 0.877657697527 2.98632538006 -0.00113878802415 2.50372575291e-06
0.1 1.06526779393 3.00125022889 -0.000542053480551 8.33979767938e-07
0.1 1.88898603861 0.402970258898 -5.84279646954e-05 2.90362436874e-08
0.1 0.779998191903 2.9714548172 -0.00178208898093 4.89148299011e-06
0.1 0.544943778811 2.91510555001 -0.00668102993695 3.11634699447e-05
0.1 1.1438284695 3.00276406897 -0.000411975500787 5.70411479816e-07
0.1 1.87231493163 0.491647242773 -6.05065026793e-05 3.06813727816e-08
0.1 1.7730931129 2.16908959145 -7.4862713621e-05 4.00787756757e-08
0.1 1.6727159636 2.79500513829 -9.40377565069e-05 6.97451779474e-08
0.1 1.4216268197 2.9785703796 -0.000177344842725 1.44145770942e-07
0.1 0.856262577237 2.98353098025 -0.00125105931688 2.90974383266e-06
0.1 1.31277901941 2.99521465827 -0.00024161091886 2.57246651423e-07
0.1 1.4879514049 2.96005824592 -0.00014846812287 1.16230031035e-07
0.1 0.534804282394 2.91346782198 -0.00713620958785 3.39987912694e-05
0.1 1.28976389015 2.99729953792 -0.000258823135936 2.81091399074e-07
0.1 0.521187953803 2.91229000641 -0.00780365196323 3.81976581163e-05
0.1 0.696700206344 2.95407972373 -0.00272436426738 9.06463126996e-06
0.1 1.14669089436 3.00276599996 -0.000408021817813 5.63511570017e-07
0.1 1.54239822751 2.93638649018 -0.000129005841783 8.98410535839e-08
0.1 1.95353452311 0.226468113495 -5.12299406409e-05 2.16781352514e-08
0.1 1.50344800701 2.9542980929 -0.000142596092358 1.10587485925e-07
0.1 0.640498698267 2.93982669713 -0.00372294365179 1.41423854615e-05
0.1 0.811169035976 2.97680651899 -0.00153647455069 4.01532320992e-06
0.1 0.780402645076 2.97152812211 -0.00177860133279 4.87641576108e-06
0.1 0.643021109744 2.94050355305 -0.003669380197 1.38127460235e-05
0.1 1.91954678721 0.297511444762 -5.48709219803e-05 2.68288588365e-08
0.1 0.593955772226 2.92705496767 -0.00490744984413 2.06407219057e-05
0.1 0.663816048128 2.94596332979 -0.00326159496165 1.16794868271e-05
0.1 1.42414557245 2.97801334765 -0.000176129591521 1.42960957638e-07
0.1 1.92326425717 0.28795003503 -5.44579655455e-05 2.43800236035e-08
0.1 1.22822896976 3.0010831934 -0.000312837809051 3.42192627768e-07
0.1 1.7843277663 1.96670128431 -7.30874610278e-05 3.90348381339e-08
0.1 1.33806340649 2.99243212173 -0.00022431302869 2.04658353323e-07
0.1 1.98892711218 0.178844990796 -4.77495748716e-05 1.76480636327e-08
0.1 0.601090194424 2.92901516749 -0.00469897729288 1.94480129721e-05
0.1 1.87756989095 0.460352388765 -5.98402325885e-05 3.0152880682e-08
0.1 0.644652934743 2.94093992946 -0.00363517790869 1.3632121165e-05
0.1 1.48869572639 2.95979647091 -0.000148178965348 1.15944089435e-07
0.1 1.64255174517 2.84779668982 -0.000100990513235 6.97120128396e-08
0.1 1.37201542904 2.9877640047 -0.000203566086629 1.75022770725e-07
0.1 1.83874874307 0.811740325532 -6.49466841268e-05 2.46596187426e-08
0.1 0.677756479588 2.94948707512 -0.00301911548983 1.04804834325e-05
0.1 1.21976751138 3.00142213799 -0.000321308815796 3.58478725156e-07
0.1 0.699340179823 2.95470119128 -0.0026861091298 8.8963068357e-06
0.1 1.67023727817 2.8001935985 -9.45903266634e-05 6.99996989466e-08
0.1 1.65010228703 2.83644498199 -9.91876700078e-05 8.65121783906e-08
0.1 1.63917731575 2.85254217544 -0.000101791487857 7.33755213327e-08
0.1 1.48820516621 2.95996915986 -0.000148369461777 1.16132357097e-07
0.1 1.68845469087 2.75727933736 -9.06733115164e-05 6.74698429157e-08
0.1 0.799625583334 2.97489409347 -0.00162221268721 4.26237408663e-06
0.1 1.06256574808 3.00114883827 -0.000547378346338 8.44941254263e-07
0.1 1.46656426856 2.96700428454 -0.000157087853178 1.24533584495e-07
0.1 1.96690898218 0.206150428042 -4.98746819228e-05 1.33228082129e-08
0.1 1.3093836594 2.9955479722 -0.000244051900619 2.60630566849e-07
0.1 1.90152017383 0.352879004286 -5.69610767676e-05 2.79506212021e-08
0.1 0.547482461787 2.91558811133 -0.00657232906845 3.04723519443e-05
0.1 1.07847727785 3.00169902966 -0.000516888528946 7.8089865289e-07
0.1 1.16125701617 3.00271285042 -0.000388567682873 5.27953831593e-07
0.1 1.75189675219 2.43109649183 -7.84757966377e-05 4.22458825065e-08
0.1 1.53171739955 2.94186181405 -0.000132553305843 9.77778935344e-08
0.1 1.86640761986 0.531357972974 -6.1293137812e-05 3.12801982844e-08
0.1 0.855746690628 2.9834604225 -0.00125393033139 2.9193526678e-06
0.1 0.523650380207 2.91239154457 -0.00767794222166 3.74046489785e-05
0.1 0.964556289148 2.99527674654 -0.000793849428994 1.44883786572e-06
0.1 0.745811102654 2.96487859186 -0.00211028358016 6.31389517248e-06
0.1 1.81863207338 1.16807462384 -6.77983239679e-05 2.6775118738e-08
0.1 1.073886155 3.00155175199 -0.000525451498713 7.99225758742e-07
0.1 0.693525437316 2.9533262647 -0.00277122140745 9.28160788194e-06
0.1 1.81464959271 1.25657604076 -6.83804066929e-05 2.77396404415e-08
0.1 0.617080054958 2.93343326781 -0.00426930082727 1.71051854688e-05
0.1 0.767415255672 2.96912238756 -0.00189500005784 5.40079967565e-06
0.1 0.636418786064 2.93872616183 -0.00381166570053 1.45639606226e-05
0.1 0.852842318882 2.9830617984 -0.00127024898785 2.97803454647e-06
0.1 1.63880182238 2.85305862114 -0.000101881910481 7.36742189373e-08
0.1 1.93958446428 0.251651576574 -5.26890348358e-05 2.29499093842e-08
0.1 0.556063224554 2.91738643071 -0.00621992370133 2.83714724026e-05
0.1 0.987639484173 2.99704827868 -0.000725009148506 1.26870007473e-06
0.1 0.632332141447 2.93761684637 -0.00390326480179 1.50534570191e-05
0.1 1.39648073692 2.98362670779 -0.000190077028321 1.62738634386e-07
0.1 1.71783421788 2.65479397563 -8.472996377e-05 4.40484795634e-08
0.1 1.7801041375 2.04860163777 -7.37355493319e-05 3.94219638902e-08
0.1 0.61399755269 2.93258192996 -0.00434825801406 1.74817022959e-05
0.1 0.604702452578 2.93001221256 -0.00459749962353 1.89028225651e-05
0.1 1.69083453326 2.75074246771 -9.01835423095e-05 5.2246424564e-08
0.1 0.951341778471 2.99415155062 -0.000836952210826 1.56527355225e-06
0.1 1.68895004916 2.75593892434 -9.05697598623e-05 6.7386896859e-08
0.1 1.60152771751 2.89487291942 -0.000111425522435 7.39257449126e-08
0.1 1.35014562696 2.99090147532 -0.000216613619039 1.98595545215e-07
0.1 0.509160508422 2.9127726712 -0.00845030785412 4.2294053905e-05
0.1 0.783626858997 2.97210880813 -0.00175109999304 4.7778357084e-06
0.1 0.658672162161 2.94463447267 -0.00335694907254 1.21793417777e-05
0.1 1.87697361366 0.463731128008 -5.99154874455e-05 3.02125364039e-08
0.1 1.80604893819 1.46167106959 -6.97083253286e-05 2.91848369176e-08
0.1 1.39717072639 2.98349942754 -0.000189712672252 1.62293133808e-07
0.1 0.691826776759 2.95292047152 -0.00279670075926 9.40708283419e-06
0.1 1.41117871065 2.98077863175 -0.000182500671431 1.50706102175e-07
0.1 0.834208432462 2.9803881269 -0.00138153460866 3.38768939677e-06
0.1 1.41416633916 2.9801634246 -0.00018100725619 1.4767897451e-07
0.1 0.528928798438 2.91278681577 -0.00741604235263 3.57734452761e-05
0.1 1.40492624196 2.98202560261 -0.000185676562305 1.57357065915e-07
0.1 0.528859541713 2.91278020555 -0.00741941316807 3.57943839217e-05
0.1 1.09225085874 3.00208446731 -0.000492221515897 7.31598428691e-07
0.1 1.52083319442 2.94697736203 -0.000136351279604 9.45553061389e-08
0.1 1.90642585272 0.336132183117 -5.63571751244e-05 2.7600401695e-08
0.1 0.824737548565 2.97895344351 -0.0014427761182 3.60765118924e-06
0.1 0.8581552401 2.98378857773 -0.00124056431184 2.87873283359e-06
0.1 1.91304114292 0.315636362054 -5.56024135402e-05 2.71848352155e-08
0.1 1.76178088957 2.32573141834 -7.67685793432e-05 4.11932352272e-08
0.1 1.43568394204 2.97533478106 -0.000170663637527 1.37571880938e-07
0.1 0.918281636425 2.99097254156 -0.000958202967992 1.97391123231e-06
0.1 1.91854385034 0.300186122797 -5.49829658893e-05 2.6880795542e-08
0.1 0.810597176202 2.97671436882 -0.00154058809927 4.03828968694e-06
0.1 0.81917725036 2.97808665193 -0.00148032213989 3.73907418131e-06
0.1 1.42703410192 2.97736312077 -0.000174748921452 1.41606406823e-07
0.1 0.517618266055 2.91225075586 -0.0079898683817 3.93675202665e-05
0.1 1.5536419046 2.93007632753 -0.000125469500031 9.00007806195e-08
0.1 1.54891819212 2.93279993101 -0.000126951340645 9.00275387076e-08
0.1 1.64188480757 2.84874996098 -0.000101147338179 7.06374989805e-08
0.1 0.82841264572 2.97951630524 -0.00141860037556 3.51719430205e-06
0.1 1.72847760682 2.60154836096 -8.27262230092e-05 4.32827220446e-08
0.1 1.33878320584 2.99234474427 -0.000223843453031 2.03647792992e-07
0.1 0.958311789244 2.994755192 -0.00081386003729 1.49290982692e-06
0.1 0.569308531569 2.9205369286 -0.00571841655429 2.53210993613e-05
0.1 0.9509221467 2.99411447961 -0.000838367979389 1.56921100454e-06
0.1 1.62652780749 2.86875598844 -0.000104925531779 7.20165284464e-08
0.1 1.99071928099 0.176896331723 -4.75804370228e-05 1.76469147371e-08
0.1 0.523727128576 2.91239552312 -0.00767406175268 3.73804184349e-05
0.1 1.70983514756 2.68815952963 -8.62958965808e-05 4.8716843904e-08
0.1 1.9507912963 0.231066299095 -5.15135387978e-05 2.19301968424e-08
0.1 1.74196548019 2.51450965529 -8.0251499466e-05 4.22648755174e-08
0.1 1.09539427775 3.00216092573 -0.000486800050751 7.18918578547e-07
0.1 1.52870814006 2.94332046843 -0.000133558541739 9.65330041802e-08
0.1 1.84039873725 0.789187930959 -6.4719350086e-05 2.48649502469e-08
0.1 1.81385802403 1.27475689982 -6.84967799331e-05 2.7894927274e-08
0.1 1.24982705952 3.00002838891 -0.000292401954041 3.29200261225e-07
0.1 1.51438264101 2.94980857206 -0.000138628590679 1.02283384892e-07
0.1 1.06802935091 3.00135046569 -0.000536669000455 8.22805522216e-07
0.1 0.909136878801 2.98999962511 -0.00099557578957 2.08942169312e-06
0.1 1.08015041212 3.00175036787 -0.000513811156024 7.74292463564e-07
0.1 0.86911273292 2.98523902081 -0.00118204228698 2.68238072928e-06
0.1 1.29252787656 2.99707012627 -0.000256682878633 2.78117894738e-07
0.1 0.82313840657 2.97870580048 -0.00145344339792 3.64193737628e-06
0.1 1.726786137 2.61079316321 -8.3043351702e-05 4.34072233315e-08
0.1 0.694750403422 2.95361766429 -0.00275302489961 9.19675094463e-06
0.1 1.88048410089 0.444428377627 -5.94731023411e-05 2.9862823334e-08
0.1 1.45034985467 2.97160414522 -0.00016404158763 1.30781918421e-07
0.1 1.78847283809 1.87970257208 -7.23968683963e-05 3.86593361566e-08
0.1 1.35120014197 2.99076132557 -0.000215958897709 1.9657043803e-07
0.1 1.93380491508 0.263550145249 -5.33072780937e-05 2.34656127055e-08
0.1 1.81539437771 1.23963939729 -6.82711148883e-05 2.75855783753e-08
0.1 1.38762156663 2.98520708923 -0.000194834531355 1.68495362828e-07
0.1 0.779127183286 2.9712966009 -0.00178962872118 4.92388326862e-06
0.1 1.41828617274 2.97929393088 -0.00017897309227 1.45723141892e-07
0.1 0.748143607335 2.96535178062 -0.00208562251426 6.21390866479e-06
0.1 1.2574629354 2.99958752743 -0.000285579143395 3.19717784297e-07
0.1 1.24211078515 3.00043790778 -0.000299505253948 3.38882029405e-07
0.1 0.646435004453 2.94141504319 -0.00359828288736 1.34381146314e-05
0.1 0.752349428663 2.9661953295 -0.00204206119486 6.01216574245e-06
0.1 1.57999569899 2.91263677414 -0.000117476652208 8.79730151112e-08
0.1 0.966309274985 2.99541990158 -0.000788346310995 1.43428008812e-06
0.1 0.801916532318 2.97528041953 -0.00160473325745 4.19785093132e-06
0.1 1.22990206478 3.00101132536 -0.000311191959067 3.39009893041e-07
0.1 1.97950365929 0.189724177883 -4.86511968265e-05 1.79098174638e-08
0.1 1.45761859954 2.96960721257 -0.000160877873677 1.2794463606e-07
0.1 1.06022222468 3.00105832028 -0.000552049663573 8.544500164e-07
0.1 1.72994966361 2.59323159009 -8.24514758437e-05 4.31736776692e-08
0.1 1.03293681265 2.99982563223 -0.00061034032214 9.83453867976e-07
0.1 1.18141945765 3.0024678485 -0.000363560767497 4.63635898815e-07
0.1 1.84710991643 0.706366721466 -6.38047986714e-05 2.51657616977e-08
0.1 1.4765251978 2.9639027139 -0.000152997134842 1.20666841763e-07
0.1 1.34428443584 2.99166098395 -0.000220319631327 2.03845240438e-07
0.1 1.24314672593 3.00038452997 -0.000298539138788 3.37581996005e-07
0.1 1.31807968473 2.99467597142 -0.000237861061944 2.52058308047e-07
0.1 1.57999028502 2.91264079862 -0.000117478225737 8.79732126615e-08
0.1 1.10215057858 3.00230907249 -0.000475419928816 6.97896768359e-07
0.1 1.50647556059 2.95309219607 -0.000141484145043 1.09550037505e-07
0.1 1.9810035688 0.187917706151 -4.85062914024e-05 1.73256219951e-08
0.1 1.28660251612 2.997554924 -0.00026129844823 2.84527026835e-07
0.1 1.92071458987 0.29444908836 -5.4740797683e-05 2.67696020114e-08
0.1 1.68863791412 2.75678473429 -9.06349977487e-05 6.74392163497e-08
0.1 1.61980228403 2.8764800534 -0.000106630778198 5.4884119923e-08
0.1 0.850596451722 2.98274965025 -0.00128300574373 3.02620078923e-06
0.1 0.687475018449 2.95187165962 -0.00286334631354 9.71933110223e-06
0.1 0.526708092311 2.91259306871 -0.00752504362214 3.64509896956e-05
0.1 1.27589178251 2.99836932955 -0.00026990901647 2.96420712843e-07
0.1 0.752650409426 2.96625525299 -0.00203898621128 5.99934651527e-06
0.1 1.99689890211 0.170447195242 -4.7002829407e-05 1.74009654804e-08
0.1 0.506680530947 2.91312302037 -0.00859062214617 4.31830703844e-05
0.1 1.66337536989 2.81365551527 -9.61413646699e-05 7.03892235708e-08
0.1 0.562858172944 2.91895640893 -0.00595644767567 2.67713969216e-05
0.1 1.28910529335 2.99735342174 -0.000259336385213 2.81804121609e-07
0.1 0.836813047231 2.98077347302 -0.00136528524117 3.37199749368e-06
0.1 0.554720541302 2.91709033123 -0.00627358344521 2.86977280496e-05
0.1 1.52641797408 2.94440745546 -0.000134347014594 9.51959544916e-08
0.1 1.11846607925 3.00258243987 -0.000449211114982 6.50826514738e-07
0.1 1.49410553895 2.95785002865 -0.000146097812462 1.13914324947e-07
0.1 0.564955526104 2.91946170492 -0.00587779197944 2.63033747087e-05
0.1 1.82170638828 1.10352317924 -6.73529163607e-05 2.55702124164e-08
0.1 1.05957738998 3.00103298547 -0.000553343729725 8.57063681028e-07
0.1 1.286416909 2.99756978935 -0.000261444692955 2.84729857233e-07
0.1 1.09003243522 3.00202811871 -0.000496092941241 7.40451065859e-07
0.1 1.60612968311 2.89056369153 -0.000110193259874 6.01931458896e-08
0.1 1.82657217053 1.00873664659 -6.66550420157e-05 2.50165568312e-08
0.1 1.88088017966 0.442336649713 -5.94231977188e-05 2.9823615761e-08
0.1 1.028875318 2.99961391743 -0.000619673639862 1.00464591566e-06
0.1 1.99180940368 0.175728670328 -4.74779149931e-05 1.76197277946e-08
0.1 1.03358949303 2.99985896935 -0.000608859405746 9.8241179099e-07
0.1 1.29155288492 2.99715168933 -0.00025743532808 2.79163515985e-07
0.1 1.76965786309 2.2213122183 -7.54330512648e-05 4.04089816611e-08
0.1 0.907088156454 2.98977593841 -0.00100418752323 2.11709255689e-06
0.1 1.14266598109 3.00276234233 -0.000413594635523 5.73253821894e-07
0.1 1.25861976486 2.99951753743 -0.000284562946751 3.18297313686e-07
0.1 1.67714483119 2.78526557884 -9.30814772011e-05 6.91983003671e-08
0.1 1.35252032779 2.99058422768 -0.000215146852532 1.95280199369e-07
0.1 1.21576411312 3.00156842918 -0.00032541003894 3.96489452e-07
0.1 0.619264234237 2.9340355883 -0.00421441039762 1.67529164223e-05
0.1 0.807234937269 2.97616439792 -0.00156504520672 4.06366287299e-06
0.1 1.70355705272 2.71113507025 -8.7544908396e-05 4.98602055372e-08
0.1 1.59239516116 2.90286031721 -0.000113947696103 8.13088610761e-08
0.1 1.2344306674 3.00080864298 -0.000306791343083 3.48439000284e-07
0.1 1.75036302726 2.44528942591 -7.87450085801e-05 4.24174906404e-08
0.1 0.704343516822 2.95586600212 -0.00261547976273 8.54238564868e-06
0.1 1.18785950874 3.00234656819 -0.000356005591559 4.49929354309e-07
0.1 1.54319221971 2.93596025676 -0.000128747879488 8.98806889179e-08
0.1 0.527790356489 2.9126830444 -0.00747170905688 3.61192023676e-05
0.1 0.598280644731 2.92824145262 -0.00477976384547 1.99070003342e-05
0.1 1.17238805606 3.002602616 -0.000374502396199 4.83728011568e-07
0.1 1.35079647312 2.99081510287 -0.000216258043862 1.98017299973e-07
0.1 1.46317854768 2.96800866285 -0.000158509105704 1.25835676618e-07
0.1 1.77191247773 2.18752456915 -7.50581112656e-05 4.0191557988e-08
0.1 1.04821643721 3.00055663912 -0.000576813842977 9.02060049182e-07
0.1 1.80083491367 1.5900159165 -7.05014667871e-05 3.75523729062e-08
0.1 1.35656900665 2.99003087982 -0.000212668368709 1.91281427924e-07
0.1 1.4916261649 2.95875178898 -0.000147047259743 1.14834255735e-07
0.1 1.40772720466 2.98147367139 -0.000184245325437 1.52245715918e-07
0.1 0.891094169581 2.98795614367 -0.00107471856036 2.29867888623e-06
0.1 1.95373475608 0.226138753275 -5.12093163419e-05 2.16597169756e-08
0.1 1.77478230964 2.14180145321 -7.45842679655e-05 3.99185990643e-08
0.1 0.921084638249 2.99126309943 -0.000947120314783 1.94041434673e-06
0.1 0.806307886896 2.97601138497 -0.00157187501295 4.08344403211e-06
0.1 1.16320248257 3.00269783254 -0.000386063892682 5.05333271311e-07
0.1 1.215165663 3.00158953058 -0.000326030890102 3.97579511118e-07
0.1 1.60250413986 2.89397580288 -0.000111173666912 7.30940910129e-08
0.1 0.607080352802 2.93066947983 -0.00453211629178 1.85355233167e-05
0.1 1.40235300341 2.98252332976 -0.000187003730412 1.58972627434e-07
0.1 1.03777779668 3.00006830361 -0.000599462987699 9.71955871665e-07
0.1 0.753649204464 2.96645368158 -0.0020288234652 5.9570863967e-06
0.1 0.958736808367 2.99479126509 -0.000812478222629 1.49015251132e-06
0.1 0.761734153566 2.96803590309 -0.00194881219092 5.63101280224e-06
0.1 1.21071028188 3.00174064373 -0.000330696922575 4.05838078219e-07
0.1 1.57991328428 2.9126980153 -0.000117500608319 8.79760150513e-08
0.1 1.41248884487 2.98051042004 -0.000181843875021 1.48548820892e-07
0.1 1.87972874716 0.448464709088 -5.95682220221e-05 2.99377463341e-08
0.1 1.54027183337 2.93751489934 -0.000129698232312 8.97075592316e-08
0.1 1.81440049371 1.26227746924 -6.84170042585e-05 2.77893693154e-08
0.1 1.19457302759 3.00219697815 -0.000348342616883 4.36160735841e-07
0.1 0.532805679489 2.9132111433 -0.00723003502352 3.46045326086e-05
0.1 0.843295296067 2.98171617324 -0.00132579754007 3.2223098814e-06
0.1 1.21906844329 3.00144832883 -0.000322022828732 3.90550668153e-07
0.1 1.14494501249 3.00276516637 -0.00041042770198 5.67701831096e-07
0.1 1.71747061883 2.65642251999 -8.48075494681e-05 4.4073767727e-08
0.1 1.0849148001 3.00188971007 -0.000505194729392 7.55721250982e-07
0.1 1.46573408422 2.96725288472 -0.000157434880356 1.24853747354e-07
0.1 1.59640249516 2.89944374199 -0.000112832187088 7.7007322741e-08
0.1 1.53360213275 2.94092965589 -0.000131917756401 9.52989895333e-08
0.1 1.37359799931 2.98751734238 -0.000202657047423 1.73225670988e-07
0.1 1.56181620878 2.92509452882 -0.000122911731352 8.81723691264e-08
0.1 0.870268038439 2.98538785187 -0.00117607656972 2.6579507308e-06
0.1 1.38421294938 2.98578980588 -0.000196705346335 1.60415472893e-07
0.1 1.03609287693 2.99998497646 -0.000603221062354 9.76762300467e-07
0.1 1.51244539715 2.95063201716 -0.000139321655507 1.07549924736e-07
0.1 0.517169344123 2.91225553319 -0.00801354345846 3.95170186217e-05
0.1 1.88726263339 0.410822495259 -5.86312582563e-05 2.92008799469e-08
0.1 0.846631929346 2.9821924078 -0.00130604271447 3.15452857788e-06
0.1 0.740806980647 2.96385215782 -0.0021644071654 6.53935465688e-06
0.1 1.99281315384 0.1746650333 -4.73837552854e-05 1.75849006719e-08
0.1 0.802509562584 2.97537986768 -0.00160024696133 4.18050856908e-06
0.1 1.61375221079 2.88296276284 -0.000108195133156 5.71010720178e-08
0.1 1.41436861002 2.9801213108 -0.000180906705635 1.47582654598e-07
0.1 1.06189891213 3.00112333103 -0.000548702501772 8.47647730423e-07
0.1 1.12041797527 3.00260701481 -0.000446197859139 6.37651494336e-07
0.1 0.966893165746 2.99546726805 -0.000786527975585 1.42930744963e-06
0.1 0.774793548817 2.97050225434 -0.00182773593588 5.1199560775e-06
0.1 1.41983350028 2.97896087984 -0.000178216572607 1.44991642248e-07
0.1 1.85928869887 0.586818040239 -6.21859826809e-05 3.20027365594e-08
0.1 1.06389080325 3.00119893278 -0.000544758966025 8.39563940658e-07
0.1 0.894561494061 2.98836179016 -0.00105891311527 2.286647509e-06
0.1 0.856673370031 2.98358749792 -0.00124875141831 2.90202356443e-06
0.1 0.667281977054 2.94685021224 -0.0031989879501 1.13588599863e-05
0.1 1.62164764953 2.87441722621 -0.000106159285378 7.33528154088e-08
0.1 1.96361765295 0.21085070692 -5.02040380514e-05 1.35073667463e-08
0.1 1.61288041552 2.88386289804 -0.000108397243199 5.70148979366e-08
0.1 0.86592244486 2.98482297912 -0.00119871279196 2.74358660094e-06
0.1 0.744558801495 2.96462370959 -0.00212366995265 6.36901995971e-06
0.1 1.56346734631 2.92404477651 -0.000122403001376 8.8200129771e-08
0.1 0.523304537761 2.91237384562 -0.00769545506803 3.75140238968e-05
0.1 1.12441115545 3.00265183705 -0.000440112170076 6.26042393455e-07
0.1 1.38482103175 2.98568687888 -0.000196369917616 1.70328442969e-07
0.1 0.951183045119 2.99413753761 -0.000837487397868 1.56675836577e-06
0.1 1.26269640613 2.99926404012 -0.000281017770882 3.18681213875e-07
0.1 1.49278021425 2.95833441186 -0.00014660444824 1.14403951599e-07
0.1 0.518656425053 2.91224825651 -0.00793518343754 3.90238296354e-05
0.1 0.579401147562 2.9231359465 -0.00536825621203 2.32908705962e-05
0.1 1.22603973727 3.00117480379 -0.000315007956062 3.46863398153e-07
0.1 0.804405739221 2.97569630856 -0.00158600706479 4.13449433116e-06
0.1 0.829571346547 2.97969212629 -0.00141109214 3.49061339669e-06
0.1 1.90232335223 0.350038999793 -5.68668563134e-05 2.78905805505e-08
0.1 1.68713856167 2.76079060841 -9.0948922538e-05 6.76879167768e-08
0.1 1.95704661656 0.220807596434 -5.08696798837e-05 2.13548512368e-08
0.1 1.95868899559 0.218243877723 -5.07022878999e-05 2.12036042915e-08
0.1 0.787537672953 2.97280419924 -0.00171846349069 4.63221927764e-06
0.1 0.655430086149 2.94378901527 -0.00341895332546 1.25020278687e-05
0.1 1.46743853584 2.96674054778 -0.000156723421496 1.2419589961e-07
0.1 0.780958396207 2.97162868061 -0.00177382286186 4.86218166166e-06
0.1 0.701097394794 2.95511236329 -0.00266102741222 8.7593703895e-06
0.1 1.12865444922 3.00269138716 -0.00043376273348 6.08762187996e-07
0.1 0.66067567211 2.94515368347 -0.00331936930383 1.19847360554e-05
0.1 1.14536723914 3.00276540058 -0.000409844260541 5.66682877012e-07
0.1 1.06176276132 3.00111809869 -0.000548973351881 8.48200291307e-07
0.1 1.25062523705 2.99998399669 -0.000291679282679 3.28202136412e-07
0.1 0.943431165686 2.99343869664 -0.000864133156457 1.69309881204e-06
0.1 1.74610601793 2.48207684699 -7.94983746313e-05 4.29071326888e-08
0.1 1.375402325 2.98723273578 -0.000201627554073 1.7113807084e-07
0.1 1.48861933351 2.95982340409 -0.000148208610593 1.15973359975e-07
0.1 0.595585333251 2.92750126805 -0.00485879680873 2.03588208439e-05
0.1 1.25915928812 2.99948458868 -0.000284090559571 3.17636583701e-07
0.1 0.844443480529 2.98188066466 -0.00131895791783 3.20784234862e-06
0.1 1.1862255514 3.00237940494 -0.000357903203706 4.53359911176e-07
0.1 1.03690482449 3.00002532643 -0.00060140640748 9.74522695329e-07
0.1 0.576137691939 2.92228142568 -0.00547861430798 2.39400349997e-05
0.1 1.04762654008 3.00053033692 -0.000578074254294 9.04282838123e-07
0.1 0.711304825687 2.95745977878 -0.00252097703097 8.11050417964e-06
0.1 1.73361130514 2.5713891493 -8.17730503237e-05 4.28999543152e-08
0.1 1.60797818246 2.88877531952 -0.000109697697516 5.92879314301e-08
0.1 1.95718416362 0.220590832935 -5.08556347593e-05 2.13421844013e-08
0.1 0.801922758309 2.97528146417 -0.00160468607454 4.19766657609e-06
0.1 0.574653142518 2.92189694931 -0.00552972294089 2.42427936354e-05
0.1 0.680616134605 2.95019503291 -0.00297216273105 1.02562043194e-05
0.1 0.828016602985 2.97945605221 -0.00142117807114 3.52626485919e-06
0.1 0.681815543462 2.95049043248 -0.00295273988496 1.01613437064e-05
0.1 1.59139675836 2.90369103666 -0.000114227799969 8.24366367753e-08
0.1 1.52684868935 2.94420453067 -0.000134198419849 9.56439893793e-08
0.1 0.563338610699 2.91907136862 -0.00593831964061 2.6663383345e-05
0.1 0.589298871671 2.92578630195 -0.00504948233602 2.15258538902e-05
0.1 1.99693773495 0.170407940293 -4.69992268945e-05 1.73990848081e-08
0.1 1.97684710623 0.192997819978 -4.89091610089e-05 1.86610152861e-08
0.1 0.575999114032 2.92224556115 -0.00548336032616 2.39680957694e-05
0.1 0.793314456314 2.97381466465 -0.00167160725052 4.46283715318e-06
0.1 1.22286153077 3.0013029169 -0.000318192284006 3.52680626394e-07
0.1 1.09503142796 3.00215236803 -0.000487422053091 7.20074203147e-07
0.1 0.630502950823 2.93711891992 -0.00394507305903 1.52636283877e-05
0.1 1.44938201837 2.97186191242 -0.000164468677694 1.3122844473e-07
0.1 0.582350174659 2.92391731165 -0.0052707208889 2.2708731153e-05
0.1 0.780304752173 2.97151038903 -0.00177944469546 4.88006443498e-06
0.1 1.65867490405 2.82218101096 -9.72045660003e-05 7.01513062362e-08
0.1 0.822296838882 2.97857504125 -0.00145912824444 3.66099730145e-06
0.1 1.23525593549 3.00077041485 -0.000305997832188 3.4742345815e-07
0.1 1.71571035342 2.66414814546 -8.51476953164e-05 4.41951906297e-08
0.1 0.79053780668 2.97333131214 -0.00169392848094 4.55021186408e-06
0.1 1.73891145225 2.53653902702 -8.0803525397e-05 4.24984999871e-08
0.1 1.01178452312 2.9986430028 -0.00066086990329 1.10755515147e-06
0.1 1.32763666963 2.99364588576 -0.000231286283692 2.42995236727e-07
0.1 1.74777736369 2.46807485964 -7.92015146489e-05 4.27124790982e-08
0.1 0.775023479267 2.97054470018 -0.00182568903158 5.11142060013e-06
0.1 1.86336891104 0.553924472563 -6.16551992756e-05 3.1588830789e-08
0.1 1.10897184143 3.00243875965 -0.000464234740612 6.77553065736e-07
0.1 1.63260622237 2.86125928288 -0.000103401635047 7.02756552472e-08
0.1 0.68716468322 2.95179663887 -0.00286816862221 9.74261874812e-06
0.1 1.81620554554 1.22138684384 -6.81523076459e-05 2.7407043815e-08
0.1 1.33055963915 2.99331531593 -0.000229323216842 2.18450002137e-07
0.1 1.08398213942 3.00186323279 -0.000506867983996 7.59327347861e-07
0.1 1.97133191065 0.200112376734 -4.94362828561e-05 1.29294959259e-08
0.1 0.768770495348 2.96937840639 -0.00188241742342 5.34855197818e-06
0.1 0.503925244121 2.91363856327 -0.00874933848255 4.41905185087e-05
0.1 0.955441451302 2.99450925765 -0.0008232692491 1.52815533864e-06
0.1 0.728099078296 2.96117012841 -0.00230980725416 7.15419779837e-06
0.1 0.702437675506 2.9554243501 -0.00264211633433 8.6706694423e-06
0.1 1.23698174457 3.00068941701 -0.00030434673964 3.45288318015e-07
0.1 0.823048783097 2.97869189476 -0.00145404895971 3.64393824899e-06
0.1 0.521428451566 2.91229746392 -0.00779128011608 3.81200494964e-05
0.1 0.86422132894 2.98459923963 -0.00120772137385 2.80940506491e-06
0.1 1.69733468951 2.73155645243 -8.88408204628e-05 5.10165405683e-08
0.1 0.772126491464 2.97000743615 -0.00185171507438 5.22195400577e-06
0.1 0.955929581662 2.99455144289 -0.000821659570804 1.50683478393e-06
0.1 1.61497333505 2.8816876406 -0.000107876969315 5.68546863804e-08
0.1 1.0173533244 2.99897365143 -0.000647002692659 1.06398070973e-06
0.1 1.6738930018 2.79247687755 -9.37768648755e-05 6.96100836539e-08
0.1 1.48136539229 2.96231345852 -0.000151057696173 1.18783053946e-07
0.1 0.684864394945 2.95123714852 -0.00290405126638 9.91928800796e-06
0.1 1.98388261845 0.184531620086 -4.8229638158e-05 1.6840003167e-08
0.1 1.29404158993 2.99694238967 -0.000255520087902 2.76501693485e-07
0.1 1.67210497213 2.79630107952 -9.41735098384e-05 6.98119089043e-08
0.1 1.24340031068 3.00037151207 -0.000298303241669 3.37263629712e-07
0.1 1.74431493158 2.49648920023 -7.98180624315e-05 4.31193649055e-08
0.1 0.591673492888 2.92643221041 -0.00497646244066 2.11007408597e-05
0.1 1.21758966486 3.00150283009 -0.000323539780191 3.93191817453e-07
0.1 1.80075114313 1.59207334198 -7.05141892413e-05 3.75598567589e-08
0.1 1.65655595716 2.82585464738 -9.7669237175e-05 6.97643940101e-08
0.1 0.697977224898 2.95438093728 -0.0027057288642 8.98111373265e-06
0.1 1.34568677188 2.99148222863 -0.000219427742935 2.02580985971e-07
0.1 1.22475698566 3.00122720366 -0.000316288327397 3.49195292666e-07
0.1 1.59792097579 2.89811409791 -0.000112413106816 7.71012205068e-08
0.1 1.37678819487 2.98701165045 -0.000200843476578 1.6950499806e-07
0.1 0.969271180726 2.99565860194 -0.000779147955275 1.40931643493e-06
0.1 1.24677050558 3.0001947245 -0.000295190184728 3.33031547308e-07
0.1 1.2115840037 3.00171191923 -0.000329774961961 4.04198357905e-07
0.1 1.76885821448 2.23285754875 -7.55666003912e-05 4.04867813405e-08
0.1 1.32634506702 2.99378962824 -0.00023215809585 2.44198202099e-07
0.1 1.16358058572 3.00269473041 -0.000385579635012 5.04416750126e-07
0.1 1.66870630687 2.8033082362 -9.49347781102e-05 7.01327569137e-08
0.1 1.31207398969 2.99528468296 -0.000242115243859 2.57945424001e-07
0.1 1.84396031058 0.743527750375 -6.42319912477e-05 2.50794788255e-08
0.1 1.83229411312 0.909179185511 -6.58455032732e-05 2.45005899062e-08
0.1 1.27201227578 2.99864413726 -0.000273121526756 3.00813549892e-07
0.1 1.9726048241 0.198430572421 -4.93109944191e-05 1.8732133452e-08
0.1 0.559973591609 2.91827662934 -0.00606666589589 2.74303044795e-05
0.1 1.5572710808 2.92790749743 -0.000124314575515 8.99115899132e-08
0.1 0.969248898658 2.99565682182 -0.000779216658117 1.4095018174e-06
0.1 1.81793637636 1.18315429895 -6.78995947572e-05 2.69752756876e-08
0.1 1.2205749303 3.00139154621 -0.000320486600854 3.56952107418e-07
0.1 1.88859459772 0.404730665401 -5.84744377565e-05 2.90734858035e-08
0.1 1.82793871252 0.983792019181 -6.64606110552e-05 2.4879918893e-08
0.1 1.68833166628 2.75761064046 -9.0699044976e-05 6.74903712589e-08
0.1 0.887631638029 2.98754490747 -0.00109078348918 2.3524665326e-06
0.1 1.83077137854 0.934426287037 -6.60597658564e-05 2.46234246335e-08
0.1 1.1099708114 3.00245521791 -0.00046262714865 6.74648544552e-07
0.1 1.30223108653 2.99622041609 -0.000249294286073 2.67912607252e-07
0.1 1.52814472995 2.94358961005 -0.000133752164181 9.63124772224e-08
0.1 1.0848463729 3.00188778014 -0.000505317234056 7.55985319842e-07
0.1 1.25230677344 2.99988925012 -0.000290164120986 3.26103728898e-07
0.1 1.49707221071 2.95674888296 -0.000144969048701 1.12835176147e-07
0.1 1.6938088186 2.74221518505 -8.95696353324e-05 5.16810251644e-08
0.1 1.46026155368 2.96885536066 -0.000159746415096 1.26947866576e-07
0.1 1.63892873731 2.85288452368 -0.000101851326211 7.35748304802e-08
0.1 1.93798656595 0.254846569053 -5.28590681692e-05 2.30933419776e-08
0.1 1.55379178492 2.92998809335 -0.000125422862963 8.99981652924e-08
0.1 1.24962847373 3.00003937177 -0.000292582102188 3.29448775268e-07
0.1 1.83514057864 0.864340223971 -6.54472554366e-05 2.42995089793e-08
0.1 1.42189918449 2.97851064519 -0.000177212919808 1.44017474473e-07
0.1 1.66423056525 2.81204611739 -9.59486730144e-05 7.03757185784e-08
0.1 1.66451365874 2.81150906847 -9.58849940755e-05 7.03684703894e-08
0.1 1.11178368801 3.00248512104 -0.000459727990864 6.6943061625e-07
0.1 1.17856378537 3.00251481331 -0.000366976309517 4.69875823926e-07
0.1 0.568632778478 2.92036795506 -0.00574281397963 2.54664244946e-05
0.1 1.95887942341 0.217949908573 -5.06829236241e-05 2.118606934e-08
0.1 1.80691279297 1.44050798517 -6.95775195041e-05 2.90539012646e-08
0.1 1.66093582907 2.81814679327 -9.66937314507e-05 7.03443480121e-08
0.1 0.98850088253 2.99710968549 -0.000722587554511 1.26270826811e-06
0.1 1.9073551416 0.333115189412 -5.62505308496e-05 2.75383110817e-08
0.1 0.776569802312 2.97082928123 -0.00181199639784 5.05471249745e-06
0.1 1.85260135732 0.648082165516 -6.30684151549e-05 2.52766916964e-08
0.1 1.04869520738 3.00057787325 -0.000575796669863 9.00242642875e-07
0.1 1.69565189683 2.73672051574 -8.91873709512e-05 5.13328801331e-08
0.1 0.948050375178 2.99385858048 -0.00084813817725 1.59671096223e-06
0.1 0.587925944344 2.92541444307 -0.00509233604274 2.16739728481e-05
0.1 1.30718518441 2.99575887274 -0.00024564870005 2.62846740797e-07
0.1 1.5494516434 2.93249773555 -0.000126781225484 9.00304025682e-08
0.1 0.735591239951 2.96276457905 -0.00222263829193 6.78554367369e-06
0.1 1.77258571614 2.17707679593 -7.4946609818e-05 4.01271591926e-08
0.1 1.8780616615 0.457597417357 -5.97782176307e-05 3.01037533756e-08
0.1 1.70277150949 2.71383481764 -8.77028082152e-05 5.00049760425e-08
0.1 0.540806721765 2.91437692103 -0.00686262703573 3.22830025688e-05
0.1 0.810788397264 2.97674544107 -0.00153921106424 4.03046559485e-06
0.1 1.07399382635 3.00155531411 -0.000525248665461 7.98792900765e-07
0.1 1.72121345688 2.63909598805 -8.40990702406e-05 4.38103589965e-08
0.1 1.70094044131 2.71998738099 -8.80722722933e-05 5.03438189408e-08
0.1 1.03368320851 2.99986374054 -0.000608647139987 9.82244441516e-07
0.1 0.67882743527 2.94975282307 -0.0030014271261 1.0393491792e-05
0.1 0.596628066152 2.92778734515 -0.00482808424398 2.01825122086e-05
0.1 1.30283227985 2.99616509781 -0.000248848340603 2.67292570149e-07
0.1 1.48474611828 2.96116924306 -0.000149721401735 1.1747018089e-07
0.1 1.75843130413 2.36433746836 -7.73417880436e-05 4.15403864353e-08
0.1 1.88785583131 0.408089933664 -5.8561775405e-05 2.91440190611e-08
0.1 1.53928338577 2.93803272979 -0.000130018267361 9.65532671401e-08
0.1 0.803804549574 2.97559612994 -0.00159049337257 4.14578672787e-06
0.1 0.631171310301 2.93730109495 -0.00392966783099 1.51808888139e-05
0.1 1.90043872901 0.356766732203 -5.70883637408e-05 2.80332207422e-08
0.1 1.98631303125 0.181753862753 -4.79976081645e-05 1.74155996957e-08
0.1 1.42323439652 2.9782159153 -0.000176567993093 1.43389156008e-07
0.1 1.15511570082 3.00274748347 -0.000396606376664 5.44152886846e-07
0.1 0.603068470217 2.92956095567 -0.00464306874274 1.91597089957e-05
0.1 1.31464952384 2.99502721872 -0.000240279279118 2.55402620176e-07
0.1 1.23158233509 3.00093751783 -0.000309549985014 3.35807594793e-07
0.1 0.515211705665 2.91230428431 -0.00811805544762 4.01751344656e-05
0.1 0.787812152805 2.97285266733 -0.00171620055877 4.62113519338e-06
0.1 0.949148621498 2.99395688421 -0.000844384932182 1.58656135716e-06
0.1 1.45873973415 2.96929009186 -0.000160396697235 1.27523314104e-07
0.1 1.25187294914 2.99991380923 -0.000290554076665 3.26644485181e-07
0.1 0.773142958285 2.97019655956 -0.00184253868774 5.18221966523e-06
0.1 0.79598788891 2.97427512587 -0.00165045971429 4.37631871168e-06
0.1 0.865363980304 2.98474950698 -0.00120166100056 2.7714385532e-06
0.1 0.759771267808 2.96765563824 -0.00196784125338 5.71250147313e-06
0.1 0.770600399683 2.96972222773 -0.00186559895926 5.28380286155e-06
0.1 1.84178245457 0.770969433534 -6.45294620535e-05 2.49735716976e-08
0.1 1.43063182747 2.97653412827 -0.000173020357232 1.3992477455e-07
0.1 0.651074260054 2.94264456111 -0.0035043940811 1.29237292352e-05
0.1 1.25150345082 2.99993469585 -0.000290886728625 3.27105410588e-07
0.1 1.672046318 2.79642468333 -9.41865556405e-05 6.98181856201e-08
0.1 0.685252423406 2.95133176614 -0.00289792833813 9.89019727887e-06
0.1 0.558949421974 2.91803980282 -0.00610637187784 2.76686063937e-05
0.1 1.08301423836 3.00183537083 -0.000508612408542 7.63085130949e-07
0.1 0.693679731711 2.95336303858 -0.00276892125768 9.27073837463e-06
0.1 0.641272943671 2.94003475279 -0.00370638662095 1.40091344895e-05
0.1 1.06430708447 3.00121450855 -0.000543939289958 8.37875201325e-07
0.1 0.61292864273 2.93228648079 -0.00437610955313 1.76392789022e-05
0.1 1.94426007252 0.242690774666 -5.21953973055e-05 2.25270239231e-08
0.1 0.904939446217 2.98953908768 -0.00101328886733 2.14701324815e-06
0.1 0.835608694061 2.98059576696 -0.00137276083681 3.39738059686e-06
0.1 1.64994721543 2.83668893942 -9.92249215776e-05 8.65612038373e-08
0.1 0.950777043 2.99410164156 -0.000838858235768 1.57058236618e-06
0.1 1.28573275461 2.99762386277 -0.000261984639834 2.8547855291e-07
0.1 0.920323356541 2.99118476783 -0.000950115469446 1.94943981769e-06
0.1 0.655376563702 2.94377501344 -0.0034199876686 1.25074385122e-05
0.1 0.532640614601 2.91319106464 -0.00723784622251 3.46531930713e-05
0.1 0.947650232993 2.99382260988 -0.000849510887865 1.65214105386e-06
0.1 1.79658504116 1.6933618588 -7.1145598918e-05 3.79319640944e-08
0.1 0.701398574654 2.95518263125 -0.00265675128213 8.73961863589e-06
0.1 0.826614505433 2.97924186653 -0.00143040981405 3.55824314101e-06
0.1 1.09892117641 3.00224123086 -0.000480822987295 7.07823373832e-07
0.1 1.64440891245 2.84510086213 -0.000100546070833 8.83446834649e-08
0.1 1.64142921154 2.84939677485 -0.000101254413532 7.11950542294e-08
0.1 0.907429217378 2.98981328153 -0.00100274742998 2.11243095799e-06
0.1 1.98348517371 0.184992957101 -4.82677133373e-05 1.64363251066e-08
0.1 0.518312273216 2.91224777004 -0.00795325256924 3.9137449075e-05
0.1 1.41304528031 2.98039576662 -0.000181565823931 1.4825734176e-07
0.1 1.17989388782 3.00249336808 -0.0003653804022 4.66956754101e-07
0.1 1.61516013783 2.88149113742 -0.000107828409037 5.67971608193e-08
0.1 1.1238922179 3.00264641897 -0.000440897138147 6.27539292892e-07
0.1 0.858257459265 2.9838025613 -0.00124000203643 2.87685759572e-06
0.1 0.510025690596 2.91267311039 -0.00840193566226 4.1987858272e-05
0.1 0.934556948236 2.9926035775 -0.000895954387908 1.78848050964e-06
0.1 0.76711422795 2.96906532692 -0.0018978098818 5.41250463436e-06
0.1 0.80645259452 2.97603527224 -0.00157080646891 4.0802090327e-06
0.1 1.16450703959 3.00268683292 -0.000384396300207 5.02182090798e-07
0.1 0.896230079968 2.98855483379 -0.00105140425694 2.26541330658e-06
0.1 1.00538549276 2.99824578578 -0.000677135336299 1.14848873411e-06
0.1 1.39952731661 2.98305965134 -0.000188474784469 1.60774802734e-07
0.1 1.50770706975 2.95259378096 -0.000141034746457 1.09132820143e-07
0.1 0.955324902552 2.99449919488 -0.000823654167093 1.52918550071e-06
0.1 1.64866954143 2.83868112014 -9.95300374041e-05 8.69676811303e-08
0.1 1.33421942636 2.99289081874 -0.000226896071721 2.12438928377e-07
0.1 1.5235436799 2.94574410142 -0.000135342780658 9.52265612573e-08
0.1 0.859611979381 2.9839848156 -0.00123258117081 2.85149196141e-06
0.1 0.508259678286 2.91288829403 -0.00850103690644 4.26150372414e-05
0.1 0.944518740164 2.9935387758 -0.000860329840048 1.6823451968e-06
0.1 1.36860191873 2.98828668384 -0.000205550543525 1.78800163136e-07
0.1 0.677182243381 2.94934418988 -0.00302865554494 1.05291326784e-05
0.1 0.687554470805 2.95189117359 -0.00286211331908 9.7133866751e-06
0.1 0.85453178911 2.98329463921 -0.00126072426345 2.9426325775e-06
0.1 0.593991807703 2.92706482591 -0.00490636814362 2.06344493393e-05
0.1 0.999880872781 2.99788956615 -0.000691568756064 1.18459675206e-06
0.1 0.986906031735 2.99699597543 -0.000727079082796 1.27384562379e-06
0.1 1.56022216271 2.92609354458 -0.000123385904285 8.81347880767e-08
0.1 1.07401361116 3.00155596811 -0.000525211405077 7.98713376936e-07
0.1 1.73183597711 2.58219276844 -8.21010954911e-05 4.30330842496e-08
0.1 1.1614155527 3.00271167988 -0.000388362886184 5.27562673005e-07
0.1 0.966416197403 2.99542858716 -0.000788012775493 1.43336759349e-06
0.1 1.50500077005 2.95368301523 -0.000142024551474 1.10053232405e-07
0.1 1.33080481474 2.9932872249 -0.000229159728444 2.18038613075e-07
0.1 0.666693814104 2.94669993654 -0.00320962402169 1.14123184114e-05
0.1 0.648025523921 2.94183792416 -0.00356574221655 1.32484318585e-05
0.1 0.93290859038 2.99244424671 -0.000902031581822 1.80632842956e-06
0.1 0.738273804365 2.96332586873 -0.00219243143917 6.65836604102e-06
0.1 1.81203988812 1.31715391972 -6.87649101706e-05 2.8226471134e-08
0.1 1.95739196858 0.220264163133 -5.08344246231e-05 2.13230472687e-08
0.1 0.915492891062 2.99068009558 -0.000969442952518 2.00800785623e-06
0.1 1.43903177508 2.97451702785 -0.000169124097782 1.36017212112e-07
0.1 0.577922607625 2.92274740979 -0.00541791982785 2.35823993366e-05
0.1 1.53839466215 2.93849477188 -0.000130310804776 9.67150305428e-08
0.1 1.13156265691 3.00271368006 -0.000429493180236 6.01231645279e-07
0.1 1.5662256107 2.92225619772 -0.000121586252585 8.8222856596e-08
0.1 1.21243723499 3.0016832348 -0.000328877717963 4.0260667785e-07
0.1 0.537415348015 2.91383964068 -0.00701568688 3.32696402342e-05
0.1 0.598711027803 2.92835984702 -0.00476727597833 1.98359262897e-05
0.1 0.901426797096 2.98914618526 -0.00102845133137 2.19834955767e-06
0.1 0.59823694347 2.92822943367 -0.00478103436698 1.99142328084e-05
0.1 1.59061527865 2.90433567285 -0.000114447660569 8.33357656246e-08
0.1 1.58027981849 2.91242529063 -0.000117394112552 8.7962553725e-08
0.1 1.71017432668 2.68684306981 -8.6229068912e-05 4.86558006621e-08
0.1 1.40702908973 2.98161224049 -0.000184600750109 1.52558784955e-07
0.1 0.953728383748 2.99436070418 -0.00082894956664 1.54342889174e-06
0.1 1.18364968842 3.00242843388 -0.000360921307979 4.58832653201e-07
0.1 1.80333046638 1.52857552135 -7.01242110174e-05 3.73292908762e-08
0.1 1.42837481176 2.97705670038 -0.000174096161921 1.40979073134e-07
0.1 1.70158965685 2.71782805382 -8.79410511684e-05 5.02234606238e-08
0.1 0.899411270232 2.98891859793 -0.00103727691637 2.22958855259e-06
0.1 1.31180483374 2.99531128111 -0.000242308126654 2.58212728102e-07
0.1 1.1526872259 3.00275622561 -0.000399890010672 5.50199972137e-07
0.1 0.992145609979 2.99736611192 -0.000712489351131 1.23854111751e-06
0.1 0.648512179776 2.94196670132 -0.00355580091599 1.31944960035e-05
0.1 1.42550203127 2.97770947875 -0.000175479505556 1.42324329688e-07
0.1 0.883595196338 2.98705770926 -0.00110991852528 2.41747182916e-06
0.1 0.759930219485 2.96768652646 -0.00196629212749 5.70726742287e-06
0.1 1.13572803351 3.00273868894 -0.000423436840137 5.90580789267e-07
0.1 0.712903670772 2.95782092707 -0.00249987772452 8.01593335797e-06
0.1 0.553256461821 2.91677324601 -0.00633270096373 2.90023733328e-05
0.1 1.54506572194 2.93494262296 -0.000128141256375 8.99542001607e-08
0.1 1.51079707349 2.95132271438 -0.000139914701398 1.08096835754e-07
0.1 1.13922956264 3.00275349323 -0.000418426943864 5.81764761167e-07
0.1 1.81537639425 1.24004637439 -6.82737514975e-05 2.75894015158e-08
0.1 1.19903789376 3.00208469463 -0.000343322480815 4.27288368065e-07
0.1 1.10403720381 3.00234685372 -0.00047229866192 6.92193822715e-07
0.1 1.80371825843 1.51901576293 -7.00641300065e-05 3.7294594175e-08
0.1 1.50923409827 2.95196961824 -0.000140479886058 1.08619001059e-07
0.1 1.07168067701 3.00147767025 -0.000529627774324 8.08112420071e-07
0.1 1.82808066026 0.981242932702 -6.6440454151e-05 2.48662050132e-08
0.1 1.92605172065 0.28112573284 -5.4150754602e-05 2.41419348084e-08
0.1 1.37301965117 2.98760800573 -0.000202988623901 1.7388598679e-07
0.1 1.81650293501 1.21474764896 -6.81088098708e-05 2.73382871256e-08
0.1 0.605535354835 2.93024235595 -0.00457448245138 1.877329677e-05
0.1 1.59908162465 2.89708390317 -0.000112094105821 7.60610297289e-08
0.1 1.33329073142 2.99299965433 -0.000227509178613 2.13929505248e-07
0.1 1.84447554145 0.737249132493 -6.41618657062e-05 2.50973017012e-08
0.1 1.76547213165 2.27931638378 -7.61354259662e-05 4.08205583472e-08
0.1 1.90598693948 0.337573995431 -5.64076091459e-05 2.76301796755e-08
0.1 0.891101871527 2.98795705136 -0.00107468312267 2.29856121123e-06
0.1 1.42227149658 2.97842870558 -0.000177032787598 1.43842169368e-07
0.1 1.23069349592 3.00097676515 -0.00031041720657 3.37502572078e-07
0.1 0.818018267928 2.97790362164 -0.0014882936204 3.77312804509e-06
0.1 1.63141128076 2.86277425955 -0.000103696213348 7.06250818571e-08
0.1 0.734592307831 2.96255416756 -0.00223404110559 6.83302113676e-06
0.1 1.64723060444 2.84088705091 -9.98700381311e-05 8.69832329562e-08
0.1 0.530793332764 2.91297829145 -0.00732592269511 3.52129254788e-05
0.1 1.99688689323 0.170459337774 -4.70039435362e-05 1.74015469287e-08
0.1 0.614886763816 2.93282762231 -0.00432529297801 1.73517926012e-05
0.1 0.894715597011 2.98837967357 -0.00105821746282 2.28363204917e-06
0.1 1.7386425813 2.53840828717 -8.08523558201e-05 4.25189938387e-08
0.1 1.62175641787 2.87429431685 -0.000106131577424 7.33235621413e-08
0.1 0.78217847387 2.97184876081 -0.00176338825756 4.82987537884e-06
0.1 0.575521115603 2.92212148296 -0.00549973945849 2.40652366511e-05
0.1 1.24228812439 3.00042891952 -0.000299339590266 3.38659557096e-07
0.1 1.47862416506 2.96322055488 -0.000152152258026 1.19849655236e-07
0.1 0.631248802316 2.93732221089 -0.00392793264975 1.51865930471e-05
0.1 1.53437665422 2.94054252809 -0.000131657540424 9.59612468916e-08
0.1 1.9120045787 0.318702384344 -5.5719975555e-05 2.72460762202e-08
0.1 0.723345609242 2.96013921376 -0.00236727328989 7.42062125983e-06
0.1 1.11093162472 3.00247148803 -0.000461087694803 6.71874464044e-07
0.1 1.55396659212 2.92988504409 -0.000125368523104 8.99949910474e-08
0.1 1.62293424302 2.8729538944 -0.000105832133251 7.30053192075e-08
0.1 1.25727757468 2.99959867233 -0.000285742392216 3.1994584971e-07
0.1 1.61346761132 2.8832575513 -0.000108269466512 5.71079279791e-08
0.1 1.40161254344 2.98266489863 -0.000187387824372 1.59441918169e-07
0.1 1.58357523196 2.90993107135 -0.000116442098723 8.78281860016e-08
0.1 1.45512163611 2.97030549304 -0.000161956019085 1.28873100216e-07
0.1 1.76716986325 2.2565057073 -7.58495530645e-05 4.06523020979e-08
0.1 0.763956903752 2.96846290688 -0.00192758125181 5.53787606692e-06
0.1 1.84894365603 0.686024729478 -6.35577118077e-05 2.52025511844e-08
0.1 0.629028240379 2.93671651594 -0.00397915221293 1.54498103523e-05
0.1 1.52482187204 2.94515339449 -0.000134899042088 9.30336178938e-08
0.1 0.543603297831 2.91486123197 -0.00673920225231 3.15086860032e-05
0.1 0.919751362178 2.9911256672 -0.000952373372539 1.9562559492e-06
0.1 0.641655751069 2.94013752394 -0.00369827594375 1.3965878364e-05
0.1 1.34933313343 2.99100872263 -0.000217126274247 1.99318466834e-07
0.1 1.71066444932 2.6849263241 -8.61326186333e-05 4.85677303444e-08
0.1 0.898574529484 2.98882348211 -0.0010409733229 2.24306640169e-06
0.1 1.61866603555 2.87772985115 -0.000106922385674 5.53843380062e-08
0.1 1.63944361881 2.85217457327 -0.000101727482342 7.31547369946e-08
0.1 0.657004956173 2.94420031873 -0.00338861807009 1.23440513087e-05
0.1 1.53832722046 2.93852969665 -0.000130333803311 9.6727316551e-08
0.1 0.522817846175 2.91235099953 -0.0077201963699 3.76746728589e-05
0.1 0.52020731496 2.91226631552 -0.00785432490725 3.85156878065e-05
0.1 1.90461225272 0.342159526195 -5.65658254457e-05 2.77253695296e-08
0.1 1.3913607261 2.98455180301 -0.000192808337419 1.66057545028e-07
0.1 0.724153010469 2.96031547675 -0.00235738224121 7.37656189586e-06
0.1 1.84375832881 0.746011204036 -6.42595079777e-05 2.50719039429e-08
0.1 0.848235085224 2.98241874786 -0.00129668140499 3.07761088879e-06
0.1 1.44942570825 2.97185029225 -0.000164449368137 1.31208282894e-07
0.1 1.29234780034 2.99708524285 -0.000256821646077 2.78310744826e-07
0.1 1.31233398161 2.99525894745 -0.000241929111432 2.57687502537e-07
0.1 0.777587801278 2.97101580105 -0.00180305132912 4.98112002049e-06
0.1 1.50890978231 2.95210288262 -0.000140597508482 1.08727815075e-07
0.1 1.30983969929 2.99550373464 -0.000243722256711 2.60173323899e-07
0.1 1.78885256175 1.87142226494 -7.23361785092e-05 3.86251072427e-08
0.1 1.40622198463 2.98177160883 -0.000185012736809 1.52921404822e-07
0.1 1.999889695 0.167468468932 -4.6726356699e-05 1.55788008025e-08
0.1 1.02440773232 2.99937265181 -0.000630048246011 1.02302288074e-06
0.1 1.40082753123 2.98281419227 -0.000187796105093 1.59941710961e-07
0.1 0.841737248353 2.98149190426 -0.00133514941176 3.23528278266e-06
0.1 0.982458887808 2.99667212359 -0.000739789709375 1.30589277952e-06
0.1 1.83262097913 0.903875440376 -6.57996209989e-05 2.44756043511e-08
0.1 0.827385866076 2.97935987275 -0.0014253536433 3.54067991322e-06
0.1 1.59531393446 2.90038508304 -0.000113133830694 7.81411789163e-08
0.1 0.850092671477 2.98267895053 -0.00128593860026 3.03708801998e-06
0.1 1.40058674003 2.98285982297 -0.000187921561792 1.60095491733e-07
0.1 1.4431744478 2.97347807239 -0.000167241306117 1.3409752679e-07
0.1 1.23239869908 3.00090106556 -0.000308756154872 3.34248307374e-07
0.1 1.08181037862 3.00180007917 -0.000510780486303 7.67780442433e-07
0.1 1.81928870086 1.15399612157 -6.77029018695e-05 2.65671384527e-08
0.1 1.16518501902 3.00268078638 -0.000383533230353 5.00556340456e-07
0.1 1.18823220476 3.00233888711 -0.00035557459582 4.49151277202e-07
0.1 1.20647559255 3.00187389315 -0.000335206495688 4.12999555433e-07
0.1 1.24496799185 3.00029012378 -0.00029685008031 3.352948912e-07
0.1 0.86961759369 2.98530393869 -0.0011794306887 2.67155801393e-06
0.1 1.91792085807 0.301868370225 -5.50526984411e-05 2.69135628279e-08
0.1 0.973642866224 2.9960034271 -0.000765821062649 1.37364446752e-06
0.1 0.999713370901 2.9978785144 -0.000692013937733 1.18572537649e-06
0.1 1.54870862136 2.93291828043 -0.000127018259948 9.00259626489e-08
0.1 1.16788894444 3.00265474871 -0.000380107692314 4.94147671052e-07
0.1 0.560524351448 2.91840493809 -0.006045439233 2.73031028251e-05
0.1 1.26395724899 2.99918347274 -0.000279932505364 3.16885843959e-07
0.1 1.00655992268 2.99832003105 -0.000674104277639 1.14103400487e-06
0.1 0.56963427599 2.92061850225 -0.00570669981248 2.52510881013e-05
0.1 1.82526551053 1.03327919088 -6.68415951103e-05 2.51549875164e-08
0.1 1.14545353616 3.00276544517 -0.000409725139342 5.66475029623e-07
0.1 1.43536361414 2.97541210769 -0.000170811862688 1.37720808379e-07
0.1 1.10241460234 3.00231395685 -0.000474981573895 6.97095780046e-07
0.1 1.05904377364 3.00101188092 -0.000554417466345 8.59224955466e-07
0.1 1.13968315877 3.0027549277 -0.000417785131334 5.80632826586e-07
0.1 0.918207084927 2.99096475422 -0.000958519917198 1.97481236084e-06
0.1 0.616439486844 2.93325641345 -0.00428557061637 1.71826056969e-05
0.1 1.41662464158 2.97964760368 -0.000179789978289 1.46510447376e-07
0.1 1.34252670286 2.99188243342 -0.00022144621108 2.0543869911e-07
0.1 1.18777237206 3.00234835375 -0.000356106457416 4.50111505133e-07
0.1 1.93246824959 0.266441903465 -5.34515393918e-05 2.35835762293e-08
0.1 0.793736839227 2.97388770603 -0.00166824381376 4.45069063262e-06
0.1 1.10356838382 3.00233754925 -0.000473071882192 6.93609432264e-07
0.1 1.90849832851 0.329467471022 -5.61196047983e-05 2.74636697169e-08
0.1 0.905475213661 2.98959835776 -0.00101100145794 2.13945936705e-06
0.1 1.07519927485 3.00159485334 -0.000522984463772 7.9395620315e-07
0.1 1.56059586566 2.92586051691 -0.000123318497492 8.81445810873e-08
0.1 1.13724355999 3.0027457887 -0.000421262938672 5.86748632075e-07
0.1 0.557573065884 2.91772551467 -0.00616021441887 2.79924243772e-05
0.1 1.22104579247 3.00137353669 -0.000320008325995 3.56066312026e-07
0.1 1.72027212895 2.64357352406 -8.42790674678e-05 4.38772259943e-08
0.1 1.33999696827 2.992196106 -0.000223062779233 2.07751043883e-07
0.1 0.712222597993 2.95766720015 -0.00250883897521 8.05613460369e-06
0.1 0.937713595196 2.99290493442 -0.000884463645436 1.75486597122e-06
0.1 1.49323911909 2.95816732679 -0.000146428798472 1.14233871515e-07
0.1 1.32212859831 2.99424894136 -0.000235044996036 2.48172897264e-07
0.1 1.75817021436 2.36721464536 -7.73866967908e-05 4.15678330117e-08
0.1 1.01677271321 2.99893983921 -0.000648423317613 1.06734433441e-06
