0.5 1.45749032371 2.36649865912 -0.0196685102659 -0.000263996049341
0.5 0.848991475151 2.42101518392 -0.113697405988 -0.0160281819454
0.5 1.52158561281 2.30469166327 -0.01676437952 -0.000174202244743
0.5 1.08744671145 2.46446261316 -0.0549282188921 -0.00299030181682
0.5 1.10965915878 2.46609829751 -0.0513970651433 -0.00257126254455
0.5 1.94620683028 0.946857497251 -0.00656017164751 -4.65271989222e-06
0.5 1.29893889656 2.44790117708 -0.0298815276745 -0.000734300777849
0.5 1.32825044634 2.438586741 -0.0275887195898 -0.000607155385557
0.5 1.09483430768 2.46507844624 -0.0537244513921 -0.00284356140987
0.5 1.65870908372 2.07122385034 -0.0121152393664 -6.94892389978e-05
0.5 1.33024165463 2.4378747987 -0.0274405932434 -0.00059938633307
0.5 0.555416098248 2.88332252481 -0.100720418122 -0.126900152018
0.5 1.73844917572 1.83539292387 -0.0101313731972 -3.90564642378e-05
0.5 0.959132184946 2.44437405175 -0.0812482798646 -0.00728802162257
0.5 0.684724856744 2.45063535823 -0.171702394631 -0.0525860366236
0.5 1.93745867926 0.980758696224 -0.00667565955928 -5.37647207991e-06
0.5 1.82857343495 1.46290291222 -0.00834595266538 -1.86842972455e-05
0.5 0.662754180521 2.47701012419 -0.176372495526 -0.0614571811112
0.5 1.12419176685 2.46680788624 -0.049224743502 -0.00233058751623
0.5 1.07189864737 2.46294168848 -0.0575597115068 -0.0033254135751
0.5 0.97059990148 2.44673767287 -0.0784291325501 -0.00672159059048
0.5 0.82098712421 2.4166150086 -0.123465944702 -0.0196319832162
0.5 0.849131141076 2.42104046606 -0.11365004592 -0.0160120055689
0.5 0.593225803195 2.66557898133 -0.161138499292 -0.0991969669532
0.5 1.1943521743 2.46578644052 -0.0400989833144 -0.00145773623687
0.5 1.26010374917 2.45714008171 -0.0332739397773 -0.000945676649205
0.5 1.18827635142 2.46618795249 -0.0408077456958 -0.00151765335705
0.5 1.03948347552 2.45885432587 -0.0635027684564 -0.00415625701549
0.5 1.50483298662 2.32302328357 -0.0174703778746 -0.000194270035178
0.5 1.44915044022 2.37302841268 -0.020089388474 -0.00027859368595
0.5 1.83358045756 1.43996058501 -0.00825857982227 -1.78576090916e-05
0.5 1.06255665089 2.46188684146 -0.0592075552882 -0.00354547467968
0.5 0.517006544261 3.20546091598 0.0873063505461 -0.160543555939
0.5 1.88265477748 1.21425383146 -0.00745907853051 -1.09275947652e-05
0.5 1.50940433067 2.31818763888 -0.0172742085825 -0.000188566145406
0.5 0.809955181069 2.41535143155 -0.127453661347 -0.0212678752937
0.5 0.935702266897 2.43935346999 -0.0873271851389 -0.00860449868801
0.5 0.837405927115 2.41902027088 -0.117672282906 -0.0174296883112
0.5 0.627246577794 2.54773932739 -0.176863744081 -0.0787421643155
0.5 1.06555535072 2.46223677728 -0.0586730294625 -0.00347321533205
0.5 1.5775459646 2.22969218214 -0.0146431585228 -0.000120565783611
0.5 1.35145906486 2.42962194773 -0.0259197848804 -0.000522704469409
0.5 1.3427333636 2.43316630695 -0.0265328030426 -0.00055300109418
0.5 1.49796705409 2.3300604874 -0.0177700557918 -0.000203124002675
0.5 1.75594933377 1.77113204447 -0.00975057749517 -3.42047898916e-05
0.5 1.4424109166 2.37808255824 -0.0204374520149 -0.000290952594662
0.5 1.3843849154 2.41421810755 -0.0237532364944 -0.000422765086527
0.5 1.18715584186 2.46625511316 -0.040940017993 -0.00152900338742
0.5 1.55884367844 2.2573459653 -0.015313890561 -0.000136500415704
0.5 1.65719372173 2.07485596449 -0.0121573271195 -7.0233223908e-05
0.5 0.701730730169 2.43655931548 -0.166799214365 -0.046562770351
0.5 1.62128056674 2.15291653711 -0.0132089044527 -8.98889539598e-05
0.5 1.47029169262 2.35585523185 -0.0190427918846 -0.000243016794071
0.5 1.82847383125 1.46335816735 -0.00834770231038 -1.87008182025e-05
0.5 1.41594796872 2.39612029718 -0.0218758321213 -0.000344969364882
0.5 1.0978672269 2.46531086802 -0.0532388027389 -0.00278550751243
0.5 1.42234850553 2.39201071253 -0.0215170811224 -0.000331089047612
0.5 1.94486143796 0.95200172191 -0.00657777181716 -4.76133259688e-06
0.5 1.67609543414 2.0274311987 -0.0116450039606 -6.15736332593e-05
0.5 1.31339399577 2.44357504352 -0.0287237931667 -0.000668542826826
0.5 1.04375997947 2.45946060165 -0.0626817489839 -0.00403528439458
0.5 1.3983204559 2.40665675385 -0.0229016971775 -0.000386469259848
0.5 1.11585682507 2.46643688006 -0.050457737393 -0.00246565711179
0.5 0.750849620537 2.41654067163 -0.149543095971 -0.0326641266001
0.5 1.01090302579 2.45432753854 -0.0692951892666 -0.0050680017887
0.5 0.951119495978 2.44268179755 -0.0832784566254 -0.00771306243159
0.5 1.92510739323 1.03038660534 -0.00684299758422 -6.51886075946e-06
0.5 1.09928306038 2.46541517081 -0.0530138154951 -0.00275883045633
0.5 1.29030560759 2.45024781236 -0.0305991520934 -0.000776665297871
0.5 1.38593533245 2.41340898275 -0.0236566384436 -0.00041856465221
0.5 0.53780575432 3.02076405911 -0.0399188240785 -0.141652698233
0.5 1.6218032694 2.15188463245 -0.0131928167511 -8.95702554729e-05
0.5 0.578534844508 2.73778963376 -0.145312864493 -0.109320157862
0.5 0.708818756984 2.43199682106 -0.16452894318 -0.0442516859349
0.5 0.897421909453 2.43091489184 -0.0982124315491 -0.011308784154
0.5 1.0179393839 2.45551521545 -0.0678186159388 -0.0048256880969
0.5 0.992044338794 2.45093125435 -0.0734228480349 -0.00578168652631
0.5 1.48216544927 2.34527385136 -0.0184837053429 -0.000225074720499
0.5 1.36776840855 2.42240643334 -0.0248184615329 -0.000470397597099
0.5 1.29553389502 2.44884739982 -0.0301621551024 -0.000750709198314
0.5 1.84579769384 1.38363406085 -0.00805013191755 -1.59159965626e-05
0.5 1.99539343981 0.776787834823 -0.00595484896236 -1.3472633151e-06
0.5 0.66852394854 2.46904009206 -0.175377845623 -0.059001431168
0.5 1.37270608354 2.42006392542 -0.0244962445803 -0.000455832143329
0.5 1.19339444911 2.46585388383 -0.0402097507693 -0.00146699673413
0.5 1.79660768173 1.60550072051 -0.00893132241078 -2.46531471993e-05
0.5 0.568435750571 2.79637813577 -0.129459409116 -0.116749671086
0.5 1.78329565112 1.66203140591 -0.00918984734699 -2.7491002142e-05
0.5 1.06380480104 2.4620340232 -0.0589844231814 -0.00351522554138
0.5 0.674803725797 2.46125004665 -0.174093919042 -0.0564324391877
0.5 1.88773509658 1.19137740814 -0.00738185722051 -1.03341496634e-05
0.5 1.62805111837 2.13932310095 -0.0130024778091 -8.58545736816e-05
0.5 0.647942181695 2.5015299142 -0.177934015334 -0.0681988469842
0.5 0.812628479279 2.41562779325 -0.126480940501 -0.0208593016359
0.5 0.687416185013 2.44808209358 -0.170987341471 -0.0515858630897
0.5 1.6535013351 2.08358589617 -0.0122606261667 -7.21693129731e-05
0.5 1.9785585252 0.831025152223 -0.00615396461255 -2.356110553e-06
0.5 0.50829895905 3.28612505639 0.169838561673 -0.168894678008
0.5 0.82666366232 2.41738298957 -0.121442719648 -0.0188403559616
0.5 1.0023139688 2.4528177809 -0.071144083846 -0.0053809590078
0.5 1.01271613786 2.45463837663 -0.0689114500001 -0.0050043898984
0.5 1.94825023141 0.939093325714 -0.00653355188393 -4.52328112936e-06
0.5 1.21416181551 2.46403125011 -0.0378849329965 -0.00127871807724
0.5 1.97895062554 0.829714987376 -0.00614923420265 -2.3318633934e-06
0.5 0.69245469948 2.44364579302 -0.169582569263 -0.0497618589843
0.5 1.54261615927 2.27915782032 -0.0159261860806 -0.000151790702703
0.5 0.825371925237 2.41720155343 -0.121901298219 -0.0190176053213
0.5 1.05531589981 2.46099937276 -0.0605203610793 -0.00372637117955
0.5 0.852036028263 2.42157241517 -0.112669293096 -0.0156793018393
0.5 1.10421577328 2.46575802322 -0.0522382783291 -0.00266794734575
0.5 0.53139149923 3.07573316741 -0.0087672231625 -0.147313166548
0.5 0.821050306707 2.41662314044 -0.123443313661 -0.019622989425
0.5 1.2833911599 2.45200317996 -0.0311885530266 -0.000812426663826
0.5 1.50582354322 2.32198579928 -0.0174276431278 -0.000193023025938
0.5 1.0571120393 2.46122514511 -0.0601917607741 -0.00368061703613
0.5 1.30121403314 2.44725367115 -0.0296956896897 -0.000723528095363
0.5 1.70908666277 1.93292694311 -0.0108120541131 -4.85615712235e-05
0.5 1.9034687473 1.12185163496 -0.00714890058128 -8.57837038822e-06
0.5 0.758452300442 2.41536072616 -0.146690673654 -0.0309120351664
0.5 1.29038337363 2.45022744779 -0.0305925977112 -0.000776272554799
0.5 0.516651538411 3.20873574913 0.090253027247 -0.160879134611
0.5 1.90842219386 1.10044982759 -0.00707742972258 -8.07004317833e-06
0.5 0.663376225178 2.47611134468 -0.176274528862 -0.0611879985053
0.5 0.568591483173 2.79541642804 -0.129741616917 -0.116632166205
0.5 0.626444367116 2.54986182284 -0.17672360295 -0.0791786522875
0.5 1.89803380513 1.14561790206 -0.00722834462099 -9.15144468803e-06
0.5 1.93499416754 0.990499723948 -0.00670862367868 -5.58763866103e-06
0.5 1.29092966301 2.45008399922 -0.0305466011835 -0.000773519368281
0.5 1.65490310448 2.08029165816 -0.0122212846918 -7.14711450625e-05
0.5 0.552425237132 2.90511253061 -0.0924475844306 -0.129323107443
0.5 1.60233515539 2.18841898778 -0.0138082650997 -0.000102166820875
0.5 1.12835516849 2.46695668262 -0.0486215822433 -0.00226605251424
0.5 0.785306467614 2.41390565355 -0.136579139936 -0.0254364840317
0.5 1.25394661331 2.45830589111 -0.0338523039663 -0.000984510019492
0.5 1.20720554326 2.46472698505 -0.0386459395133 -0.00133881550349
0.5 1.09047683132 2.46472353607 -0.0544310291378 -0.00292918299159
0.5 1.29282427362 2.44958106807 -0.0303877030398 -0.000764048341554
0.5 0.891426459987 2.429607779 -0.100026319357 -0.0118057333241
0.5 0.677231967019 2.45846929495 -0.173547050592 -0.0554673533047
0.5 1.78051528508 1.67357447982 -0.00924500626198 -2.81093044492e-05
0.5 1.8105334104 1.54438233341 -0.00867023125903 -2.18920570153e-05
0.5 0.851538343183 2.42148047509 -0.112836853902 -0.0157357986127
0.5 1.67736912203 2.0240656518 -0.0116112945661 -6.10227845148e-05
0.5 1.65192370293 2.08726441615 -0.0123050878514 -7.29624298391e-05
0.5 1.31149902246 2.4441711513 -0.0288724857798 -0.000676806876918
0.5 1.68358171428 2.00733252395 -0.0114491888678 -5.83967699099e-05
0.5 1.89560843664 1.15631248084 -0.00726414767984 -9.42141758768e-06
0.5 0.575802146672 2.75289597317 -0.141483635143 -0.111292259964
0.5 1.57704012343 2.23047788262 -0.0146608243883 -0.000120971904011
0.5 0.662794122771 2.47695211605 -0.176366275124 -0.0614398634772
0.5 0.977797526241 2.44818066594 -0.0767107772305 -0.00638957737055
0.5 0.936817501747 2.43959728411 -0.087027948996 -0.00853657207323
0.5 1.36441382275 2.42395541686 -0.0250403757708 -0.000480735504843
0.5 1.71623699698 1.91036533221 -0.010641277658 -4.60817104908e-05
0.5 1.56313429014 2.25124873905 -0.0151567889014 -0.000132694540705
0.5 0.994298989876 2.45135268256 -0.0729160853706 -0.00569112368881
0.5 1.56107491406 2.25419292063 -0.0152319484583 -0.000134509851921
0.5 1.03819088757 2.45866727093 -0.0637531731499 -0.00419355979332
0.5 0.6060426851 2.6139024509 -0.16979039393 -0.0910126283424
0.5 1.43213533116 2.38541941748 -0.0209820877284 -0.000310755270092
0.5 1.52719292343 2.29816910857 -0.0165357868441 -0.00016794182836
0.5 0.522719564957 3.1531305229 0.0440624187785 -0.155202294831
0.5 0.67113896997 2.46568888312 -0.174867136608 -0.0579187266223
0.5 1.42100601458 2.39288564208 -0.021591740334 -0.000333964215819
0.5 1.63136532794 2.13248658794 -0.0129028217733 -8.39196167483e-05
0.5 0.600560725792 2.63480967612 -0.166579952789 -0.0944405660727
0.5 1.41694825645 2.39548829091 -0.0218192962267 -0.000342826816455
0.5 1.46372794681 2.36140864907 -0.0193606279297 -0.000253570258236
0.5 0.99456231953 2.45140164957 -0.0728570989931 -0.00568064380229
0.5 1.0087075066 2.45394778631 -0.0697629164484 -0.00514614564241
0.5 0.954849821744 2.44347377329 -0.0823270713195 -0.0075120641833
0.5 1.99644532546 0.773534417682 -0.00594267277069 -1.28138822948e-06
0.5 1.36177855055 2.4251481882 -0.0252163610965 -0.000488979460733
0.5 1.53942803657 2.28322023233 -0.0160499379692 -0.000155069318825
0.5 0.860630075001 2.42320773788 -0.109805544146 -0.0147357778408
0.5 1.74746245573 1.80286050944 -0.0099330197707 -3.64614900185e-05
0.5 1.66230217576 2.06249534222 -0.0120162808032 -6.784420774e-05
0.5 1.13124290125 2.46704479014 -0.048208127792 -0.00222238366258
0.5 1.28233186237 2.45226280688 -0.031280023907 -0.000818050132554
0.5 0.629067163241 2.54302148044 -0.177150593293 -0.077759478089
0.5 0.730562376385 2.42185165566 -0.157010267343 -0.037831103238
0.5 1.96082651664 0.892626780732 -0.00637255804915 -3.57257403364e-06
0.5 1.96224988286 0.887511907222 -0.00635465115379 -3.46764721318e-06
0.5 1.19875226228 2.46545629301 -0.0395945775942 -0.00141584091577
0.5 1.46866986313 2.35724661707 -0.0191207211788 -0.000245588569154
0.5 1.23477712258 2.46144509593 -0.0357295219118 -0.00111642226059
0.5 0.623338737278 2.55834037022 -0.176098509151 -0.0808883775998
0.5 1.71092024219 1.92721382309 -0.0107679449629 -4.79151843134e-05
0.5 0.714017140883 2.42907444967 -0.162798331232 -0.0426271385818
0.5 1.11501320506 2.46639379313 -0.0505844578076 -0.002479769541
0.5 1.87615620479 1.24376092914 -0.00755931155771 -1.17410577381e-05
0.5 0.821599784168 2.41669426451 -0.123246603083 -0.0195449489427
0.5 1.0996359903 2.46544077477 -0.0529578979866 -0.00275222207558
0.5 1.62302174254 2.14946802184 -0.0131554372616 -8.88494900993e-05
0.5 1.47052598968 2.35565317923 -0.0190315654608 -0.000242682507925
0.5 1.35821779574 2.42672699979 -0.0254567369027 -0.000500415154211
0.5 1.91862646409 1.0572091018 -0.00693287409581 -7.06904325036e-06
0.5 0.91936748593 2.43575799702 -0.0918252981659 -0.00966598549467
0.5 0.536112157208 3.035056477 -0.0322580238093 -0.143132582644
0.5 1.41368587926 2.39753547928 -0.0220043480638 -0.0003500951698
0.5 1.63233900075 2.13045476342 -0.0128736678088 -8.34079452567e-05
0.5 1.23547470171 2.46134357457 -0.0356591217714 -0.00111131730626
0.5 1.39097476638 2.41072404716 -0.0233458045384 -0.000405200462942
0.5 1.48569956591 2.34198646774 -0.0183211385934 -0.000219917794798
0.5 1.63306606445 2.12893073862 -0.0128519939022 -8.29948189188e-05
0.5 0.962346812919 2.44504400996 -0.0804478286118 -0.00712441500776
0.5 1.97758750142 0.83427948401 -0.00616569866846 -2.4169150391e-06
0.5 1.53165958598 2.29282744061 -0.0163563853811 -0.000163100978056
0.5 0.726904220096 2.42319880573 -0.158320344547 -0.0388441469763
0.5 1.84130986067 1.40436593126 -0.00812593466606 -1.66009081629e-05
0.5 1.28551915522 2.45147443756 -0.0310057468131 -0.000801238088522
0.5 0.874471359334 2.4260004551 -0.105315507483 -0.0133362762484
0.5 1.15054839927 2.46732113743 -0.0455441159604 -0.00195203553627
0.5 0.993699029249 2.4512408364 -0.0730505770049 -0.00571507584874
0.5 1.46316401593 2.36187623342 -0.0193882256695 -0.000254495308505
0.5 0.939217375863 2.44011968061 -0.0863873756905 -0.00839228109202
0.5 0.801047363198 2.41458493978 -0.130721507311 -0.0226886651174
0.5 0.516762300587 3.20771377588 0.0893302439099 -0.160774388186
0.5 1.22335269357 2.4629765492 -0.0369059015894 -0.00120353917359
0.5 0.763120358018 2.41482261271 -0.144932784081 -0.0298825704276
0.5 1.25245800457 2.45857597973 -0.0339938825391 -0.000994217646278
0.5 1.76301832368 1.74391023088 -0.00960163711378 -3.23837993885e-05
0.5 1.13830596976 2.46721032324 -0.047213431144 -0.00211921953768
0.5 1.70411137843 1.94817992513 -0.0109328613809 -5.03988743172e-05
0.5 1.90644654738 1.10895480086 -0.00710582933742 -8.27105289419e-06
0.5 1.66912304959 2.04546852276 -0.0118307784623 -6.46664001701e-05
0.5 1.4730973373 2.3534181329 -0.0189087638388 -0.00023853449042
0.5 1.46420950783 2.36100818019 -0.0193370985781 -0.000252768151903
0.5 0.873926056724 2.4258873373 -0.105489499413 -0.0133887641716
0.5 0.559983176559 2.85134887462 -0.112053165621 -0.123266062602
0.5 1.65095004214 2.08951949225 -0.012332626048 -7.34558607656e-05
0.5 1.84532425337 1.3858226073 -0.00805809055281 -1.59881359267e-05
0.5 1.6831592969 2.00848709493 -0.0114601319206 -5.85721673878e-05
0.5 1.3417538793 2.433550864 -0.0266026828622 -0.000556514125434
0.5 1.92404593838 1.03474395366 -0.00685761648277 -6.61745942684e-06
0.5 1.88247170478 1.21508157174 -0.007461879755 -1.09496411396e-05
0.5 1.52478351021 2.3009962484 -0.0166335469043 -0.000170608163582
0.5 1.27264090005 2.45452055998 -0.0321316180442 -0.000871387503572
0.5 1.79091025303 1.62994176759 -0.00904090763173 -2.58435169514e-05
0.5 0.629135611731 2.54284678753 -0.177160552891 -0.0777227473618
0.5 1.55445620723 2.26343517495 -0.0154765884317 -0.000140496665992
0.5 1.35229567832 2.42927078015 -0.0258618965207 -0.000519894773764
0.5 1.88642820544 1.19724476125 -0.00740162776579 -1.04869015562e-05
0.5 1.2126930128 2.46418541593 -0.0380441640541 -0.00129117327289
0.5 0.675896474078 2.4599833037 -0.173851114507 -0.0559962318144
0.5 1.89414218961 1.16280353935 -0.00728589823839 -9.58362750711e-06
0.5 0.924495468809 2.43689117466 -0.0903899165399 -0.00931898037356
0.5 0.827509122882 2.41750340049 -0.121143158603 -0.0187252507424
0.5 1.97179891737 0.853963963327 -0.00623622505163 -2.79709801366e-06
0.5 1.36818135544 2.4222133699 -0.0247913060061 -0.000469146517074
0.5 0.93132754968 2.43839512542 -0.088510583784 -0.00887634067404
0.5 0.662587246342 2.4772530031 -0.176398388187 -0.0615296401642
0.5 1.38926602459 2.41164385487 -0.0234506055462 -0.000409683208147
0.5 0.684339217028 2.45101212791 -0.171802706669 -0.0527308187233
0.5 1.65703922989 2.07522464079 -0.0121616279533 -7.0309445292e-05
0.5 1.37715370184 2.4178890283 -0.0242100998171 -0.000442958933704
0.5 0.841831903129 2.41975750643 -0.116142260131 -0.0168801285903
0.5 1.2457599158 2.45973603764 -0.0346395770768 -0.00103878041629
0.5 1.77642375842 1.69038504991 -0.00932693990523 -2.91125248399e-05
0.5 0.719858842967 2.42618171921 -0.160798198636 -0.0408701253753
0.5 1.90948852508 1.09587651665 -0.00706215949097 -7.9625202738e-06
0.5 1.72729191105 1.87397956372 -0.0103836845782 -4.24894269156e-05
0.5 1.58731806881 2.21408217045 -0.0143068999416 -0.000112983780399
0.5 0.964026422981 2.44539177562 -0.0800328459211 -0.00704046194808
0.5 0.703708733902 2.43521596717 -0.166176971991 -0.0459064015924
0.5 1.47850376355 2.34861260362 -0.0186539029688 -0.000230468789682
0.5 0.525031372733 3.13221315392 0.0286005074625 -0.153073097871
0.5 1.22561830332 2.46269257357 -0.0366690446324 -0.00118571888943
0.5 1.02466634324 2.45660704889 -0.0664382224594 -0.00460535932283
0.5 0.877657697527 2.42666531869 -0.104303655574 -0.0130338583757
0.5 1.06526779393 2.46220370796 -0.0587240569702 -0.00348007404698
0.5 1.88898603861 1.18577275399 -0.0073629938761 -1.0189110617e-05
0.5 0.779998191903 2.41390362601 -0.138571984936 -0.0264362814648
0.5 0.544943778811 2.96247873198 -0.0683430613511 -0.135532552824
0.5 1.1438284695 2.46728817792 -0.0464519381601 -0.00204203412296
0.5 1.87231493163 1.26131013815 -0.00761935538271 -1.22367962098e-05
0.5 1.7730931129 1.70390901047 -0.00939427729698 -2.98997494556e-05
0.5 1.6727159636 2.03625507671 -0.0117345022029 -6.30562012025e-05
0.5 1.4216268197 2.3924819127 -0.0215571775505 -0.000332631632953
0.5 0.856262577237 2.42236553454 -0.111253797336 -0.015207768602
0.5 1.31277901941 2.44376949107 -0.0287719569038 -0.000671213403135
0.5 1.4879514049 2.33985779873 -0.0182184528477 -0.000216742704817
0.5 0.534804282394 3.04620620033 -0.026075286386 -0.144282698338
0.5 1.28976389015 2.4503890903 -0.0306448557747 -0.000779406819112
0.5 0.521187953803 3.16708050338 0.0549228085725 -0.156623249457
0.5 0.696700206344 2.44023670076 -0.168337800246 -0.0482725526236
0.5 1.14669089436 2.46731031651 -0.0460627259885 -0.00200318233116
0.5 1.54239822751 2.27943778042 -0.0159346085951 -0.000152007702149
0.5 1.95353452311 0.919291366513 -0.00646535507968 -4.12607783473e-06
0.5 1.50344800701 2.32446439253 -0.0175303410207 -0.000196026739054
0.5 0.640498698267 2.51637408022 -0.178057670687 -0.0718350579891
0.5 0.811169035976 2.41547442591 -0.127011473141 -0.021081411085
0.5 0.780402645076 2.41389936615 -0.138419961674 -0.0263587426745
0.5 0.643021109744 2.51113654458 -0.178072675073 -0.0705836842854
0.5 1.91954678721 1.05336888934 -0.00692002453094 -6.98181257314e-06
0.5 0.593955772226 2.66236729771 -0.161743832851 -0.0987148138654
0.5 0.663816048128 2.4754817394 -0.176203866236 -0.0609982469052
0.5 1.42414557245 2.39082862523 -0.0214176756559 -0.000327301488084
0.5 1.92326425717 1.03796159018 -0.00686840671443 -6.68026427218e-06
0.5 1.22822896976 2.46235322404 -0.0363983549569 -0.00116552164706
0.5 1.7843277663 1.65772221368 -0.00916947420284 -2.72691696593e-05
0.5 1.33806340649 2.43497612507 -0.0268679787708 -0.00056993727812
0.5 1.98892711218 0.79713499192 -0.0060303584916 -1.70719431875e-06
0.5 0.601090194424 2.63271472941 -0.16692013317 -0.0941047800966
0.5 1.87756989095 1.23732089626 -0.00753736672907 -1.15597355628e-05
0.5 0.644652934743 2.50786327823 -0.178050551115 -0.0697846699409
0.5 1.48869572639 2.33914830218 -0.01818466346 -0.000215692765567
0.5 1.64255174517 2.10849460551 -0.0125732448539 -7.77719253105e-05
0.5 1.37201542904 2.42039611901 -0.0245410387415 -0.000457864932691
0.5 1.83874874307 1.41617910226 -0.00816964754244 -1.70042301827e-05
0.5 0.677756479588 2.45788460354 -0.173425460796 -0.0552609291215
0.5 1.21976751138 2.46340650535 -0.0372842742711 -0.00123226411054
0.5 0.699340179823 2.43825956798 -0.167538532154 -0.0473679428935
0.5 1.67023727817 2.04263007394 -0.0118008208456 -6.41632581326e-05
0.5 1.65010228703 2.09147345924 -0.0123566643634 -7.38281902591e-05
0.5 1.63917731575 2.11588337412 -0.0126715546402 -7.95948705248e-05
0.5 1.48820516621 2.33961624024 -0.0182069245706 -0.000216386095612
0.5 1.68845469087 1.9938338632 -0.0113239633432 -5.64059666466e-05
0.5 0.799625583334 2.41448621207 -0.131246597912 -0.0229241150011
0.5 1.06256574808 2.46188790772 -0.0592059256379 -0.00354525322981
0.5 1.46656426856 2.35903413195 -0.0192224673554 -0.000248951256152
0.5 1.96690898218 0.870976943186 -0.00629655641147 -3.13053177937e-06
0.5 1.3093836594 2.44482632223 -0.0290395749007 -0.000686155449685
0.5 1.90152017383 1.13033959063 -0.0071772591381 -8.78218660807e-06
0.5 0.547482461787 2.94256631351 -0.0771128525075 -0.133401692505
0.5 1.07847727785 2.46362183148 -0.056429769136 -0.00317906648237
0.5 1.16125701617 2.46723043392 -0.0441387269079 -0.00181695434906
0.5 1.75189675219 1.78641430317 -0.00983717881891 -3.52941310775e-05
0.5 1.53171739955 2.29275744311 -0.0163540787896 -0.000163039134508
0.5 1.86640761986 1.28842469516 -0.00771281576493 -1.29963010067e-05
0.5 0.855746690628 2.42226729376 -0.11142585377 -0.0152645393645
0.5 0.523650380207 3.14468718503 0.0377059539319 -0.154342739195
0.5 0.964556289148 2.44550076772 -0.0799023469891 -0.00701418633706
0.5 0.745811102654 2.41754779001 -0.151421798154 -0.0338788250946
0.5 1.81863207338 1.50807262804 -0.0085228069094 -2.03899176134e-05
0.5 1.073886155 2.46315280073 -0.0572156772349 -0.00328047740646
0.5 0.693525437316 2.44275821792 -0.169273685018 -0.0493822207889
0.5 1.81464959271 1.52598969249 -0.00859495009282 -2.11188816608e-05
0.5 0.617080054958 2.57674572156 -0.174408893986 -0.0844327917914
0.5 0.767415255672 2.41444335257 -0.143313294732 -0.0289654231967
0.5 0.636418786064 2.52532044263 -0.177899193054 -0.0739015349342
0.5 0.852842318882 2.42172211486 -0.112398194206 -0.0155882110339
0.5 1.63880182238 2.11669738334 -0.0126825515053 -7.98000848804e-05
0.5 1.93958446428 0.972423673535 -0.00664736755924 -5.1968595205e-06
0.5 0.556063224554 2.87869570751 -0.102418327678 -0.126380229931
0.5 0.987639484173 2.45009657071 -0.0744235132901 -0.00596286082677
0.5 0.632332141447 2.534900223 -0.177560740596 -0.0760244470167
0.5 1.39648073692 2.40769275567 -0.0230118348535 -0.000391096021506
0.5 1.71783421788 1.90522148978 -0.0106035808129 -4.5542562551e-05
0.5 1.7801041375 1.67527439851 -0.00925319726133 -2.82036021883e-05
0.5 0.61399755269 2.58649515849 -0.173340261987 -0.0862276915437
0.5 0.604702452578 2.61885587858 -0.169066965784 -0.0918407703996
0.5 1.69083453326 1.98712025445 -0.0112634277596 -5.54551652142e-05
0.5 0.951341778471 2.44272913128 -0.0832214612262 -0.007700932109
0.5 1.68895004916 1.99244305998 -0.0113113303769 -5.62069114961e-05
0.5 1.60152771751 2.18985270499 -0.0138345346865 -0.000102722917697
0.5 1.35014562696 2.43016936507 -0.0260109770064 -0.0005271586783
0.5 0.509160508422 3.27813377311 0.160639386239 -0.168057535191
0.5 0.783626858997 2.41389137131 -0.137209002345 -0.0257486807421
0.5 0.658672162161 2.48315687099 -0.176955687208 -0.0632513347952
0.5 1.87697361366 1.24003572578 -0.0075466132466 -1.16359011517e-05
0.5 1.80604893819 1.56426046858 -0.00875326313261 -2.27580544319e-05
0.5 1.39717072639 2.40730557277 -0.0229703860755 -0.000389363794766
0.5 0.691826776759 2.44417503069 -0.169762081275 -0.0499858641361
0.5 1.41117871065 2.39908274977 -0.0221478133488 -0.000355791489322
0.5 0.834208432462 2.41850958832 -0.118786331344 -0.0178379938609
0.5 1.41416633916 2.39723668744 -0.0219769774284 -0.000349013953082
0.5 0.528928798438 3.09739625382 0.00486172700261 -0.149526287452
0.5 1.40492624196 2.40283906895 -0.0225106247539 -0.000370321057522
0.5 0.528859541713 3.09800946588 0.00525961094576 -0.149588833941
0.5 1.09225085874 2.46487128469 -0.054142264169 -0.0028940050499
0.5 1.52083319442 2.30555174875 -0.0167953428723 -0.000175059519331
0.5 1.90642585272 1.10904412625 -0.00710612756245 -8.27317073526e-06
0.5 0.824737548565 2.41711379687 -0.122126928815 -0.0191052705449
0.5 0.8581552401 2.42272795859 -0.110624367268 -0.0150013296204
0.5 1.91304114292 1.08073029427 -0.00701152603985 -7.6092203588e-06
0.5 1.76178088957 1.7487265836 -0.00962750138865 -3.2698902509e-05
0.5 1.43568394204 2.38293481329 -0.0207920369993 -0.0003037286925
0.5 0.918281636425 2.43551809576 -0.0921321904187 -0.00974117200981
0.5 1.91854385034 1.05755432539 -0.00693402898342 -7.07689805803e-06
0.5 0.810597176202 2.41541595503 -0.127219692395 -0.0211690861276
0.5 0.81917725036 2.41638649977 -0.124115239704 -0.0198914201756
0.5 1.42703410192 2.38890219769 -0.0212589590489 -0.000321279184719
0.5 0.517618266055 3.19982301104 0.0823044128325 -0.159966354638
0.5 1.5536419046 2.26454938931 -0.0155070134248 -0.000141250521171
0.5 1.54891819212 2.27091569771 -0.0156849422765 -0.000145700320917
0.5 1.64188480757 2.10996551198 -0.0125925901988 -7.81292083412e-05
0.5 0.82841264572 2.41763379095 -0.120823542702 -0.0186030281575
0.5 1.72847760682 1.86996756015 -0.0103565101714 -4.21155046615e-05
0.5 1.33878320584 2.43470097715 -0.0268159842678 -0.000567316905597
0.5 0.958311789244 2.44420237596 -0.0814538556812 -0.00733041887091
0.5 0.569308531569 2.79101282448 -0.131024441882 -0.116092353144
0.5 0.9509221467 2.44263975522 -0.083329091363 -0.00772384870615
0.5 1.62652780749 2.14242475432 -0.0130485642271 -8.67518228189e-05
0.5 1.99071928099 0.79143505805 -0.00600932172964 -1.59634336533e-06
0.5 0.523727128576 3.14399224924 0.037189843172 -0.154272001699
0.5 1.70983514756 1.93060074865 -0.0107940218216 -4.82968262537e-05
0.5 1.9507912963 0.929521319526 -0.0065006354179 -4.33259739689e-06
0.5 1.74196548019 1.82284601611 -0.0100534156792 -3.80267048916e-05
0.5 1.09539427775 2.46512230369 -0.0536343256426 -0.00283274882024
0.5 1.52870814006 2.29637157494 -0.0164746635818 -0.000166285243968
0.5 1.84039873725 1.40857029356 -0.00814144011383 -1.67443562275e-05
0.5 1.81385802403 1.52953705856 -0.00860937993373 -2.1265990355e-05
0.5 1.24982705952 2.45904242793 -0.0342458172134 -0.00101141688573
0.5 1.51438264101 2.31278111131 -0.0170635905653 -0.000182561079409
0.5 1.06802935091 2.46251754477 -0.0582360195285 -0.00341481009051
0.5 0.909136878801 2.43349439017 -0.0947536994852 -0.0103989068001
0.5 1.08015041212 2.46378631812 -0.0561462080793 -0.00314292852928
0.5 0.86911273292 2.42489903954 -0.107035674823 -0.0138611731122
0.5 1.29252787656 2.44966028864 -0.0304124955221 -0.000765522125058
0.5 0.82313840657 2.41689716062 -0.122696784326 -0.019328090339
0.5 1.726786137 1.87568434788 -0.0103953027749 -4.26677694864e-05
0.5 0.694750403422 2.44176588416 -0.168916119587 -0.0489512053507
0.5 1.88048410089 1.22408162365 -0.00749237585215 -1.1192482574e-05
0.5 1.45034985467 2.37210831114 -0.0200282209288 -0.000276439039915
0.5 1.78847283809 1.64028802933 -0.00908820942361 -2.63634254913e-05
0.5 1.35120014197 2.42973022373 -0.0259377318593 -0.000523579464565
0.5 1.93380491508 0.995229380306 -0.00672461970876 -5.72831636724e-06
0.5 1.81539437771 1.52264766544 -0.00858140007326 -2.09811447355e-05
0.5 1.38762156663 2.41251996796 -0.0235521327337 -0.000414044242011
0.5 0.779127183286 2.41391580394 -0.138899563562 -0.0266040381117
0.5 1.41828617274 2.39463706481 -0.0217439508534 -0.000339892412948
0.5 0.748143607335 2.41705810857 -0.150553522746 -0.0333110747104
0.5 1.2574629354 2.45764977102 -0.0335205911738 -0.000962177583255
0.5 1.24211078515 2.46033012839 -0.0349973965178 -0.00106393902157
0.5 0.646435004453 2.50438867976 -0.177999048102 -0.0689213880622
0.5 0.752349428663 2.41627670995 -0.148981811837 -0.0323108994906
0.5 1.57999569899 2.22585652608 -0.0145579705456 -0.00011861731795
0.5 0.966309274985 2.44586235641 -0.079472159339 -0.00692800399571
0.5 0.801916532318 2.4146486351 -0.130400956433 -0.0225459273326
0.5 1.22990206478 2.46212905219 -0.0362260980746 -0.00115276442165
0.5 1.97950365929 0.827871039415 -0.00614256987306 -2.29806758711e-06
0.5 1.45761859954 2.36639578511 -0.0196621192048 -0.000263777683724
0.5 1.06022222468 2.46160741798 -0.0596273682363 -0.00360277971838
0.5 1.72994966361 1.86495738833 -0.0103228632291 -4.16552520817e-05
0.5 1.03293681265 2.45788916542 -0.0647821178755 -0.0043488291005
0.5 1.18141945765 2.46656583445 -0.0416249422973 -0.00158844100244
0.5 1.84710991643 1.37756682361 -0.00802812320646 -1.5717432247e-05
0.5 1.4765251978 2.35038795321 -0.0187466908832 -0.000233437834685
0.5 1.34428443584 2.43255182339 -0.0264225881414 -0.000547484954937
0.5 1.24314672593 2.46016402985 -0.0348953905354 -0.00105674200404
0.5 1.31807968473 2.44206234227 -0.0283599421128 -0.000648550179494
0.5 1.57999028502 2.22586505918 -0.0145581581496 -0.000118621590966
0.5 1.10215057858 2.46561820624 -0.0525613887862 -0.00270561243989
0.5 1.50647556059 2.32129978948 -0.017399582512 -0.000192206485309
0.5 1.9810035688 0.822892312342 -0.00612454004937 -2.20877789855e-06
0.5 1.28660251612 2.45120132471 -0.030913152128 -0.000795606400421
0.5 1.92071458987 1.04851051375 -0.00690374711194 -6.87184312636e-06
0.5 1.68863791412 1.99331983503 -0.0113192886546 -5.63322694269e-05
0.5 1.61980228403 2.15581923827 -0.0132545263799 -9.07958938453e-05
0.5 0.850596451722 2.42130733728 -0.113154519811 -0.0158432900377
0.5 0.687475018449 2.44802773877 -0.170971424437 -0.0515641307575
0.5 0.526708092311 3.11716033501 0.0180455847897 -0.151540509166
0.5 1.27589178251 2.45378628475 -0.0318429508937 -0.000853089873637
0.5 0.752650409426 2.41622551664 -0.148869076619 -0.0322404687158
0.5 1.99689890211 0.772136487377 -0.00593743170541 -1.25386849398e-06
0.5 0.506680530947 3.30112472278 0.187802090366 -0.170473711483
0.5 1.66337536989 2.05985633855 -0.0119868783655 -6.73169164078e-05
0.5 0.562858172944 2.83203800903 -0.118458703821 -0.121019015472
0.5 1.28910529335 2.45056018177 -0.0307005287339 -0.000782753267802
0.5 0.836813047231 2.41892381935 -0.117878308473 -0.0175046730254
0.5 0.554720541302 2.88832961612 -0.0988593708423 -0.12746065545
0.5 1.52641797408 2.29908258989 -0.0165671539013 -0.000168795050987
0.5 1.11846607925 2.46656376329 -0.0500680522991 -0.00242253515128
0.5 1.49410553895 2.33390243362 -0.0179413402181 -0.000208277755327
0.5 0.564955526104 2.81834993321 -0.122806156222 -0.119399622661
0.5 1.82170638828 1.49416703882 -0.00846763509852 -1.98396492799e-05
0.5 1.05957738998 2.46152907442 -0.0597439062547 -0.00361877840108
0.5 1.286416909 2.45124830462 -0.0309289905616 -0.000796568291535
0.5 1.09003243522 2.46468600691 -0.0545036329738 -0.00293806464273
0.5 1.60612968311 2.18159634438 -0.0136856197778 -9.95905935032e-05
0.5 1.82657217053 1.47204069412 -0.00838122144211 -1.90205015906e-05
0.5 1.88088017966 1.22228610373 -0.00748628654274 -1.11430495856e-05
0.5 1.028875318 2.4572681128 -0.0655898118195 -0.00447294026909
0.5 1.99180940368 0.787990355552 -0.00599656104088 -1.52987418568e-06
0.5 1.03358949303 2.4579873961 -0.0646533293788 -0.00432921865517
0.5 1.29155288492 2.44991951001 -0.030494226478 -0.000770390702337
0.5 1.76965786309 1.71770384979 -0.00946444378668 -3.07300706969e-05
0.5 0.907088156454 2.43304180301 -0.0953504408729 -0.0105523927774
0.5 1.14266598109 2.46727561107 -0.0466110595838 -0.00205803540184
0.5 1.25861976486 2.45742822019 -0.033412269923 -0.000954924970424
0.5 1.67714483119 2.02465990389 -0.0116173331165 -6.11194748636e-05
0.5 1.35252032779 2.42917614146 -0.0258463783413 -0.000519140649294
0.5 1.21576411312 2.46385842567 -0.0377121083439 -0.00126527192079
0.5 0.619264234237 2.57011590776 -0.175067317989 -0.0831807130295
0.5 0.807234937269 2.41509142945 -0.12844734824 -0.0216919842439
0.5 1.70355705272 1.94985635737 -0.0109464240431 -5.06018148757e-05
0.5 1.59239516116 2.20563872739 -0.014135895594 -0.00010921190631
0.5 1.2344306674 2.46149495189 -0.0357645461241 -0.00111896663368
0.5 1.75036302726 1.79213556841 -0.00987019941672 -3.56568610642e-05
0.5 0.704343516822 2.4347966698 -0.165975346271 -0.0456976598444
0.5 1.18785950874 2.46621318503 -0.0408568950721 -0.00152185998182
0.5 1.54319221971 2.27841619104 -0.015903948716 -0.000151304595589
0.5 0.527790356489 3.10750255022 0.0115102142571 -0.150556655749
0.5 0.598280644731 2.64402152453 -0.165037301936 -0.0958981736529
0.5 1.17238805606 2.46694483679 -0.0427301073565 -0.00168686409147
0.5 1.35079647312 2.42989864674 -0.0259657411858 -0.000524946614322
0.5 1.46317854768 2.36186420524 -0.0193875139188 -0.000254471429528
0.5 1.77191247773 1.70866745391 -0.00941828982508 -3.01831692767e-05
0.5 1.04821643721 2.46007144696 -0.0618384530829 -0.00391309774161
0.5 1.80083491367 1.58714373317 -0.00885107279171 -2.37908500251e-05
0.5 1.35656900665 2.42744553456 -0.0255688495502 -0.00050575616584
0.5 1.4916261649 2.33632673602 -0.018052364995 -0.000211653625697
0.5 1.40772720466 2.40117366568 -0.022347157675 -0.000363708075118
0.5 0.891094169581 2.42953570314 -0.100127716961 -0.0118339265438
0.5 1.95373475608 0.91854894915 -0.00646278568676 -4.11093654879e-06
0.5 1.77478230964 1.69706827557 -0.00936005171477 -2.94983927572e-05
0.5 0.921084638249 2.43613825059 -0.0913422826611 -0.00954838039949
0.5 0.806307886896 2.41500789318 -0.128786871028 -0.0218384573474
0.5 1.16320248257 2.46719447993 -0.0438887583756 -0.00179348805561
0.5 1.215165663 2.463923746 -0.0377765505313 -0.00127027685356
0.5 1.60250413986 2.18811813774 -0.0138027749396 -0.000102050791968
0.5 0.607080352802 2.61013574398 -0.170324361714 -0.0903757237568
0.5 1.40235300341 2.40434454945 -0.0226619548616 -0.000376506510466
0.5 1.03777779668 2.45860712301 -0.0638334374622 -0.00420555453357
0.5 0.753649204464 2.41606003083 -0.148494750974 -0.0320078167282
0.5 0.958736808367 2.44429142628 -0.0813472813702 -0.00730843446331
0.5 0.761734153566 2.41496871 -0.145455106317 -0.0301846822018
0.5 1.21071028188 2.4643873485 -0.0382603363174 -0.00130817094121
0.5 1.57991328428 2.22598639496 -0.0145608266843 -0.000118682380145
0.5 1.41248884487 2.39827703934 -0.0220726988859 -0.000352803437304
0.5 1.87972874716 1.22750850481 -0.00750400554945 -1.12870149014e-05
0.5 1.54027183337 2.28215191959 -0.0160170718403 -0.000154226277813
0.5 1.81440049371 1.52710652892 -0.00859948783266 -2.11650951511e-05
0.5 1.19457302759 2.46577065132 -0.0400734899873 -0.00145556934014
0.5 0.532805679489 3.06342383423 -0.0161530434461 -0.146052237261
0.5 0.843295296067 2.42000820808 -0.115639475023 -0.0167023263384
0.5 1.21906844329 2.46348754997 -0.0373585752869 -0.00123793519924
0.5 1.14494501249 2.4672980876 -0.0462996695015 -0.00202678694042
0.5 1.71747061883 1.90639584776 -0.0106121479509 -4.56648298208e-05
0.5 1.0849148001 2.46423552436 -0.0553475281888 -0.00304238984737
0.5 1.46573408422 2.35973309339 -0.0192627626811 -0.000250289534799
0.5 1.59640249516 2.19880798782 -0.0140026945226 -0.000106318847324
0.5 1.53360213275 2.29046329364 -0.0162790983747 -0.000161051384359
0.5 1.37359799931 2.41963278824 -0.0244385415143 -0.000453220393758
0.5 1.56181620878 2.25313685197 -0.0152048420507 -0.000133853759025
0.5 0.870268038439 2.42513461259 -0.106662856861 -0.0137462581099
0.5 1.38421294938 2.41430736352 -0.0237639796836 -0.000423233614106
0.5 1.03609287693 2.45836008315 -0.064161930499 -0.00425485473521
0.5 1.51244539715 2.31490263488 -0.0171451793498 -0.000184881013317
0.5 0.517169344123 3.20395983735 0.0859659219715 -0.160389852803
0.5 1.88726263339 1.19349716959 -0.0073889971009 -1.0389226947e-05
0.5 0.846631929346 2.4205922521 -0.114498936561 -0.0163040403609
0.5 0.740806980647 2.41874221088 -0.153274489738 -0.0351290527479
0.5 1.99281315384 0.784833988331 -0.00598484069536 -1.46913772521e-06
0.5 0.802509562584 2.41469351573 -0.130182446085 -0.0224490564061
0.5 1.61375221079 2.16746063784 -0.0134432540868 -9.45955745527e-05
0.5 1.41436861002 2.3971105384 -0.0219654669017 -0.000348495488129
0.5 1.06189891213 2.46180876801 -0.0593255115432 -0.00356152403185
0.5 1.12041797527 2.46665199042 -0.0497787537566 -0.00239077335027
0.5 0.966893165746 2.4459821289 -0.0793294069138 -0.00689957087965
0.5 0.774793548817 2.41402907363 -0.140531221374 -0.0274546029075
0.5 1.41983350028 2.39364413365 -0.0216572006162 -0.000336476366213
0.5 1.85928869887 1.32124725061 -0.00782732190644 -1.39315095415e-05
0.5 1.06389080325 2.46204370237 -0.058969082537 -0.0035131511847
0.5 0.894561494061 2.43028989896 -0.0990741420719 -0.0115431319476
0.5 0.856673370031 2.42244377884 -0.111116952589 -0.0151627170311
0.5 0.667281977054 2.47068754616 -0.175607721305 -0.0595222298412
0.5 1.62164764953 2.15219215653 -0.013197609098 -8.96650309361e-05
0.5 1.96361765295 0.882624794502 -0.00633750174565 -3.36802591899e-06
0.5 1.61288041552 2.16910700461 -0.0134707094468 -9.51549521763e-05
0.5 0.86592244486 2.42425463808 -0.108070696835 -0.0141837422308
0.5 0.744558801495 2.41782831504 -0.151886842744 -0.0341874743204
0.5 1.56346734631 2.25076944002 -0.0151446758472 -0.00013240313054
0.5 0.523304537761 3.14782107396 0.0400466743852 -0.154661751518
0.5 1.12441115545 2.46681631149 -0.0491927504592 -0.00232713970643
0.5 1.38482103175 2.41399128155 -0.0237260170388 -0.00042157923681
0.5 0.951183045119 2.44269533216 -0.0832621580522 -0.0077095924296
0.5 1.26269640613 2.45662555976 -0.0330338665639 -0.000929787767517
0.5 1.49278021425 2.33520222369 -0.0180005851008 -0.000210075721146
0.5 0.518656425053 3.19027094731 0.0740287705705 -0.158989606275
0.5 0.579401147562 2.733114559 -0.14646199454 -0.108700799906
0.5 1.22603973727 2.4626382958 -0.0366251900874 -0.00118243423317
0.5 0.804405739221 2.41484468387 -0.129484887997 -0.0221421177092
0.5 0.829571346547 2.41780356353 -0.120414449006 -0.0184474693611
0.5 1.90232335223 1.12683645751 -0.00716555332568 -8.6979262556e-06
0.5 1.68713856167 1.99751299549 -0.0113576118359 -5.69377950557e-05
0.5 1.95704661656 0.906352680188 -0.0064204188307 -3.86261917107e-06
0.5 1.95868899559 0.900363162224 -0.00639956569808 -3.73356083155e-06
0.5 0.787537672953 2.41394294073 -0.135743640681 -0.0250276027393
0.5 0.655430086149 2.48835788772 -0.177340463453 -0.0647104532557
0.5 1.46743853584 2.3582945089 -0.0191801429657 -0.000247549544605
0.5 0.780958396207 2.41389401858 -0.138211070376 -0.0262525680469
0.5 0.701097394794 2.43700113259 -0.166996462545 -0.0467748050751
0.5 1.12865444922 2.46696610705 -0.0485785469732 -0.00226148560042
0.5 0.66067567211 2.48008526902 -0.1766826184 -0.0623648119646
0.5 1.14536723914 2.46730164622 -0.046242270219 -0.002021052001
0.5 1.06176276132 2.46179253058 -0.0593499604436 -0.00356485566129
0.5 1.25062523705 2.45890239506 -0.0341691554379 -0.00100621297455
0.5 0.943431165686 2.44103264687 -0.0852738256247 -0.00814494991042
0.5 1.74610601793 1.80783432451 -0.00996256540717 -3.68427682704e-05
0.5 1.375402325 2.41875290522 -0.0243223076854 -0.00044798279026
0.5 1.48861933351 2.33922125617 -0.0181881279386 -0.00021579966169
0.5 0.595585333251 2.65531799689 -0.163043652168 -0.0976455443987
0.5 1.25915928812 2.45732376293 -0.0333619005034 -0.00095156145777
0.5 0.844443480529 2.42020727122 -0.115246065901 -0.0165641568431
0.5 1.1862255514 2.46630927422 -0.0410502100756 -0.00153848852849
0.5 1.03690482449 2.45847942795 -0.0640034173815 -0.00423102360084
0.5 0.576137691939 2.75101164712 -0.141971008478 -0.111048566127
0.5 1.04762654008 2.45999169216 -0.0619493901755 -0.00392904614264
0.5 0.711304825687 2.43055677898 -0.163707795099 -0.0434674664478
0.5 1.73361130514 1.8523542566 -0.01023984902 -4.05479187018e-05
0.5 1.60797818246 2.17822173638 -0.013626352007 -9.8357453601e-05
0.5 1.95718416362 0.905849498999 -0.00641867007799 -3.85147421239e-06
0.5 0.801922758309 2.41464910039 -0.130398661531 -0.0225449081432
0.5 0.574653142518 2.75941137138 -0.139776902526 -0.112130015949
0.5 0.680616134605 2.45479430706 -0.172741893047 -0.0541480816111
0.5 0.828016602985 2.41757644094 -0.120963574371 -0.0186565023577
0.5 0.681815543462 2.45354678779 -0.172445225591 -0.0536876319029
0.5 1.59139675836 2.20731767989 -0.014169326665 -0.000109944102957
0.5 1.52684868935 2.29857535843 -0.01654971129 -0.000168320326954
0.5 0.563338610699 2.82887264743 -0.119478058933 -0.120646587215
0.5 0.589298871671 2.68344862019 -0.157610417398 -0.101824387292
0.5 1.99693773495 0.77201693811 -0.00593698325389 -1.25152937709e-06
0.5 1.97684710623 0.836770290614 -0.00617466432016 -2.46383620541e-06
0.5 0.575999114032 2.75178885637 -0.14177036997 -0.111149157559
0.5 0.793314456314 2.41413402336 -0.133587695953 -0.0239992720528
0.5 1.22286153077 2.46303686931 -0.0369574737755 -0.00120743877722
0.5 1.09503142796 2.46509398039 -0.0536926195146 -0.00283975027755
0.5 0.630502950823 2.5393977049 -0.177346645743 -0.0769922239185
0.5 1.44938201837 2.37285126039 -0.0200775833058 -0.000278178095077
0.5 0.582350174659 2.71760196949 -0.150152493614 -0.106613733896
0.5 0.780304752173 2.41389994346 -0.138456763374 -0.0263774891498
0.5 1.65867490405 2.07130609373 -0.0121161867229 -6.95051970744e-05
0.5 0.822296838882 2.41678552374 -0.122997330527 -0.0194464002718
0.5 1.23525593549 2.46137551393 -0.0356811825048 -0.00111291566437
0.5 1.71571035342 1.91205249316 -0.0106537431024 -4.62606496321e-05
0.5 0.79053780668 2.41402562517 -0.134622491685 -0.0244881556375
0.5 1.73891145225 1.83375502271 -0.0101210822649 -3.89197827704e-05
0.5 1.01178452312 2.45447916424 -0.0691083415166 -0.00503696692439
0.5 1.32763666963 2.43880407718 -0.0276345666824 -0.000609575518354
0.5 1.74777736369 1.8017022286 -0.00992617586816 -3.63734313252e-05
0.5 0.775023479267 2.41402073991 -0.140444577734 -0.0274088017949
0.5 1.86336891104 1.3024195944 -0.00776143872108 -1.34052954644e-05
0.5 1.10897184143 2.46605764224 -0.0515024382496 -0.00258326675047
0.5 1.63260622237 2.1298953222 -0.0128656967202 -8.32558905276e-05
0.5 0.68716468322 2.44831514057 -0.171055248609 -0.0516786195485
0.5 1.81620554554 1.51900309401 -0.00856667203094 -2.08318737565e-05
0.5 1.33055963915 2.43776013638 -0.0274170330907 -0.000598155512345
0.5 1.08398213942 2.46414960701 -0.0555028793344 -0.00306181434079
0.5 1.97133191065 0.855572949413 -0.0062419582194 -2.85020344748e-06
0.5 0.768770495348 2.41434509028 -0.142802195228 -0.0286818563592
0.5 0.503925244121 3.3266023579 0.220543680103 -0.173180651095
0.5 0.955441451302 2.44359870595 -0.0821772079936 -0.00748069476442
0.5 0.728099078296 2.42274423028 -0.157894051222 -0.0385103724764
0.5 0.702437675506 2.43607285281 -0.166577891926 -0.0463271290548
0.5 1.23698174457 2.46112095747 -0.0355075781593 -0.00110037058667
0.5 0.823048783097 2.41688518823 -0.122728769987 -0.0193406551182
0.5 0.521428451566 3.16488562343 0.0531836537084 -0.156399565371
0.5 0.86422132894 2.42391538476 -0.10862606823 -0.0143588381621
0.5 1.69733468951 1.96837298099 -0.0111000850976 -5.29280294016e-05
0.5 0.772126491464 2.41414538137 -0.141536530144 -0.0279914653625
0.5 0.955929581662 2.44370165724 -0.0820537468902 -0.00745491527625
0.5 1.61497333505 2.16514149715 -0.0134049194615 -9.38171270695e-05
0.5 1.0173533244 2.45541803341 -0.067940321035 -0.00484547156051
0.5 1.6738930018 2.03319878007 -0.011703214544 -6.25363508768e-05
0.5 1.48136539229 2.3460091164 -0.0185207480306 -0.000226231003044
0.5 0.684864394945 2.45049971396 -0.17166596285 -0.0525337357838
0.5 1.98388261845 0.813427568366 -0.00609011479246 -2.02894425855e-06
0.5 1.29404158993 2.44925353762 -0.0302861254544 -0.00075802586936
0.5 1.67210497213 2.03783410271 -0.0117508085559 -6.33275317254e-05
0.5 1.24340031068 2.46012307104 -0.0348704735777 -0.00105497712137
0.5 1.74431493158 1.81435910623 -0.0100017365201 -3.7351166981e-05
0.5 0.591673492888 2.67252277051 -0.159798610566 -0.100228768857
0.5 1.21758966486 2.46365598841 -0.0375163144165 -0.00125012986316
0.5 1.80075114313 1.587509248 -0.00885265386573 -2.38075829955e-05
0.5 1.65655595716 2.07637598196 -0.0121750935258 -7.0655712352e-05
0.5 0.697977224898 2.43926681397 -0.167953424124 -0.0478329346456
0.5 1.34568677188 2.4319905623 -0.0263234082868 -0.00054255367277
0.5 1.22475698566 2.46280148181 -0.0367588632571 -0.00119246132309
0.5 1.59792097579 2.19618061852 -0.0139526117681 -0.000105241431727
0.5 1.37678819487 2.41807011844 -0.0242334654593 -0.000444002667977
0.5 0.969271180726 2.44646791332 -0.0787506270083 -0.00678481248332
0.5 1.24677050558 2.45956673472 -0.0345412436434 -0.0010319316449
0.5 1.2115840037 2.46429923659 -0.0381649027703 -0.0013006485943
0.5 1.76885821448 1.72089214414 -0.00948078343492 -3.09260380387e-05
0.5 1.32634506702 2.43925843922 -0.0277313462972 -0.000614696323813
0.5 1.16358058572 2.46718685865 -0.0438403621798 -0.00178896398827
0.5 1.66870630687 2.04652667612 -0.0118420066993 -6.48554670657e-05
0.5 1.31207398969 2.44399118972 -0.0288272663139 -0.000674288453291
0.5 1.84396031058 1.3921259517 -0.00808107503732 -1.61974743171e-05
0.5 1.83229411312 1.44586447744 -0.00828086175704 -1.80693598757e-05
0.5 1.27201227578 2.45465985015 -0.0321877909433 -0.000874967434886
0.5 1.9726048241 0.85119389766 -0.00622634668361 -2.74331353444e-06
0.5 0.559973591609 2.85141432137 -0.112030908445 -0.123273606351
0.5 1.5572710808 2.25954531941 -0.0153719651569 -0.00013792017895
0.5 0.969248898658 2.44646337711 -0.0787560297556 -0.00678587790284
0.5 1.81793637636 1.51121065463 -0.00853534911383 -2.05159323869e-05
0.5 1.2205749303 2.46331177585 -0.0371986701194 -0.00122577128891
0.5 1.88859459772 1.18752504428 -0.00736889015523 -1.02343729552e-05
0.5 1.82793871252 1.46580318588 -0.00835712064762 -1.87900125009e-05
0.5 1.68833166628 1.99417874058 -0.0113271034668 -5.6455496978e-05
0.5 0.887631638029 2.42878750802 -0.101189697475 -0.0121318425236
0.5 1.83077137854 1.45284513644 -0.00830748703035 -1.83217952343e-05
0.5 1.1099708114 2.46611663023 -0.0513493650683 -0.00256583857863
0.5 1.30223108653 2.44696023147 -0.0296130622166 -0.000718764950433
0.5 1.52814472995 2.29704162985 -0.0164973593959 -0.000166899434984
0.5 1.0848463729 2.46422927389 -0.055358909554 -0.00304381060711
0.5 1.25230677344 2.45860317425 -0.0340083042849 -0.000995203478274
0.5 1.49707221071 2.33095812931 -0.0178095721707 -0.000204307159079
0.5 1.6938088186 1.97861703289 -0.011188325389 -5.42862693918e-05
0.5 1.46026155368 2.36425935507 -0.0195309931709 -0.000259309213801
0.5 1.63892873731 2.11642243466 -0.0126788333194 -7.97306700567e-05
0.5 1.93798656595 0.978682873381 -0.00666862011631 -5.33165048903e-06
0.5 1.55379178492 2.26434468907 -0.0155014079739 -0.000141111477707
0.5 1.24962847373 2.45907706809 -0.0342649217514 -0.00101274292421
0.5 1.83514057864 1.43279109127 -0.00823161147037 -1.7596268824e-05
0.5 1.42189918449 2.39230431726 -0.0215420348183 -0.000332048635307
0.5 1.66423056525 2.05774278837 -0.0119634776454 -6.69166360278e-05
0.5 1.66451365874 2.05704106519 -0.0119557547591 -6.67845912996e-05
0.5 1.11178368801 2.46622026997 -0.0510728765608 -0.00253452266367
0.5 1.17856378537 2.46670018594 -0.041970806825 -0.00161889167434
0.5 0.568632778478 2.79516175904 -0.129816230263 -0.116601023146
0.5 1.95887942341 0.899671115506 -0.00639715392195 -3.71898999181e-06
0.5 1.80691279297 1.56044487716 -0.00873718973518 -2.25892731396e-05
0.5 1.66093582907 2.0658338647 -0.0120538421359 -6.84935425943e-05
0.5 0.98850088253 2.45026094327 -0.0742267166061 -0.00592695883908
0.5 1.9073551416 1.10503842432 -0.00709275102891 -8.17832017587e-06
0.5 0.776569802312 2.41397152568 -0.139862103 -0.0271027508553
0.5 1.85260135732 1.35216555915 -0.00793679817517 -1.49072467594e-05
0.5 1.04869520738 2.46013577447 -0.0617485854295 -0.0039002030598
0.5 1.69565189683 1.97328450369 -0.0111420931859 -5.35726004427e-05
0.5 0.948050375178 2.44202660697 -0.0840693726082 -0.00788249343279
0.5 0.587925944344 2.68993597346 -0.15626492811 -0.102756436022
0.5 1.30718518441 2.44549527947 -0.0292144410459 -0.000696011304466
0.5 1.5494516434 2.27020492268 -0.0156647253235 -0.000145191176916
0.5 0.735591239951 2.42020815439 -0.155187321142 -0.0364801961934
0.5 1.77258571614 1.70595629846 -0.00940458785205 -3.00211647269e-05
0.5 1.8780616615 1.23508371645 -0.0075297512915 -1.1497221685e-05
0.5 1.70277150949 1.95222548776 -0.0109656791058 -5.08905942825e-05
0.5 0.540806721765 2.99586203033 -0.0525932612345 -0.13905648702
0.5 0.810788397264 2.41543540275 -0.127150031414 -0.0211397280571
0.5 1.07399382635 2.46316409278 -0.0571971045595 -0.00327806064841
0.5 1.72121345688 1.89421265526 -0.0105243617596 -4.4452463194e-05
0.5 1.70094044131 1.95771170711 -0.011010722669 -5.15691772458e-05
0.5 1.03368320851 2.45800146447 -0.0646348597943 -0.004326410456
0.5 0.67882743527 2.45670751732 -0.173173531545 -0.054841709042
0.5 0.596628066152 2.65089471025 -0.163837481656 -0.0969663854865
0.5 1.30283227985 2.44678561225 -0.0295643478698 -0.000715955237527
0.5 1.48474611828 2.34287973755 -0.0183648263891 -0.0002212806215
0.5 1.75843130413 1.76165517835 -0.00969790756775 -3.35510337194e-05
0.5 1.88785583131 1.19083603232 -0.00738003403439 -1.03201013203e-05
0.5 1.53928338577 2.28340287671 -0.0160555803473 -0.000155237812835
0.5 0.803804549574 2.41479550058 -0.129705865072 -0.0222389739303
0.5 0.631171310301 2.53773916145 -0.177429536269 -0.0766373622309
0.5 1.90043872901 1.1350666357 -0.00719305774395 -8.89616243448e-06
0.5 1.98631303125 0.805531827484 -0.00606123972178 -1.87582147035e-06
0.5 1.42323439652 2.39142954981 -0.0214680363449 -0.000329205045849
0.5 1.15511570082 2.46730405107 -0.0449385551439 -0.00189314526389
0.5 0.603068470217 2.62503194842 -0.168132120079 -0.0928591052303
0.5 1.31464952384 2.44317536672 -0.0286257576585 -0.000663124250609
0.5 1.23158233509 2.46189855548 -0.0360540546654 -0.00114011285509
0.5 0.515211705665 3.22203699605 0.102540938808 -0.162244530802
0.5 0.787812152805 2.41394897581 -0.135640958683 -0.0249777588762
0.5 0.949148621498 2.44226117902 -0.083785473741 -0.00782139446994
0.5 1.45873973415 2.36549333823 -0.0196063671558 -0.000261876799343
0.5 1.25187294914 2.45868104026 -0.0340497141661 -0.000998042432985
0.5 0.773142958285 2.41409675023 -0.14115332107 -0.0277856363151
0.5 0.79598788891 2.41426566226 -0.132594012741 -0.0235377574376
0.5 0.865363980304 2.42414281565 -0.108252721846 -0.0142409829869
0.5 0.759771267808 2.41519528617 -0.146194464902 -0.0306176570364
0.5 0.770600399683 2.41422868562 -0.142112059303 -0.0283033400036
0.5 1.84178245457 1.40218444408 -0.00811790771882 -1.65275307796e-05
0.5 1.43063182747 2.38645671185 -0.0210632415457 -0.000313926298204
0.5 0.651074260054 2.49581599384 -0.177738720249 -0.0667193370218
0.5 1.25150345082 2.4587469517 -0.0340850300349 -0.00100046758128
0.5 1.672046318 2.03798540428 -0.0117523753382 -6.33536323948e-05
0.5 0.685252423406 2.45012441105 -0.171564277898 -0.0523885148378
0.5 0.558949421974 2.85844718519 -0.10961682836 -0.124081613799
0.5 1.08301423836 2.46405969956 -0.0556646113999 -0.00308211592366
0.5 0.693679731711 2.442631598 -0.169228890413 -0.0493277354659
0.5 0.641272943671 2.51474309316 -0.178068851744 -0.0714488404262
0.5 1.06430708447 2.4620924388 -0.0588948902065 -0.00350309104047
0.5 0.61292864273 2.58998570371 -0.172932745514 -0.0868577987377
0.5 1.94426007252 0.954309289333 -0.00658565757371 -4.8102046704e-06
0.5 0.904939446217 2.4325680136 -0.0959798809295 -0.0107159112211
0.5 0.835608694061 2.41873047295 -0.118297580702 -0.0176580045919
0.5 1.64994721543 2.09182993218 -0.0123610676285 -7.39073482941e-05
0.5 0.950777043 2.44260883227 -0.0833663407072 -0.0077317894334
0.5 1.28573275461 2.45142079994 -0.0309874670526 -0.000800124408547
0.5 0.920323356541 2.43596932668 -0.0915561043892 -0.00960037235721
0.5 0.655376563702 2.48844644131 -0.177346203428 -0.0647347981273
0.5 0.532640614601 3.06485458167 -0.0153069315338 -0.146199035051
0.5 0.947650232993 2.44194083103 -0.0841730428155 -0.00790487728034
0.5 1.79658504116 1.60559858038 -0.00893175450495 -2.4657729228e-05
0.5 0.701398574654 2.43678996564 -0.166902784438 -0.0466738581157
0.5 0.826614505433 2.4173760371 -0.121460151083 -0.0188470704357
0.5 1.09892117641 2.46538875977 -0.0530712200672 -0.00276562365002
0.5 1.64440891245 2.10437110432 -0.0125195378218 -7.67847618639e-05
0.5 1.64142921154 2.11096730128 -0.0126058332474 -7.83741233164e-05
0.5 0.907429217378 2.43311711016 -0.0952508656247 -0.0105266824298
0.5 1.98348517371 0.814727039696 -0.00609485286612 -2.05356027072e-06
0.5 0.518312273216 3.19343510599 0.0767428701485 -0.159312994568
0.5 1.41304528031 2.39793307855 -0.0220409063113 -0.000351541933154
0.5 1.17989388782 2.46663928858 -0.0418093032162 -0.001604635278
0.5 1.61516013783 2.16478537339 -0.0133990665757 -9.36985627766e-05
0.5 1.1238922179 2.46679624623 -0.0492684640487 -0.00233530364638
0.5 0.858257459265 2.42274765062 -0.110590453592 -0.0149902620081
0.5 0.510025690596 3.27010652316 0.151646645953 -0.167219152222
0.5 0.934556948236 2.43910292879 -0.0876355360023 -0.00867476049826
0.5 0.76711422795 2.41446651299 -0.14342690845 -0.0290287860324
0.5 0.80645259452 2.4150207589 -0.128733844676 -0.0218155282487
0.5 1.16450703959 2.46716722633 -0.0437220354763 -0.00177792880197
0.5 0.896230079968 2.43065454608 -0.0985706554937 -0.0114058401141
0.5 1.00538549276 2.45336513465 -0.0704769464726 -0.00526675082088
0.5 1.39952731661 2.40597075729 -0.0228296708916 -0.000383451180885
0.5 1.50770706975 2.31999732275 -0.0173467311 -0.000190673613275
0.5 0.955324902552 2.44357410785 -0.0822067138043 -0.00748686366794
0.5 1.64866954143 2.09475588791 -0.0123974200561 -7.45624463968e-05
0.5 1.33421942636 2.43642118244 -0.0271476209045 -0.000584242421346
0.5 1.5235436799 2.30243667418 -0.0166841240667 -0.000171990082533
0.5 0.859611979381 2.42300954322 -0.110141760318 -0.0148444659202
0.5 0.508259678286 3.28648932261 0.1702639063 -0.168932905384
0.5 0.944518740164 2.44126739194 -0.0849887182273 -0.00808235693587
0.5 1.36860191873 2.42201626225 -0.0247637338839 -0.000467875786299
0.5 0.677182243381 2.45852501793 -0.173558511345 -0.0554869597448
0.5 0.687554470805 2.44795443341 -0.170949910106 -0.0515351172705
0.5 0.85453178911 2.42203776102 -0.111831761245 -0.0153990891194
0.5 0.593991807703 2.66220902473 -0.161773362553 -0.0986910514434
0.5 0.999880872781 2.45237867067 -0.0716771261191 -0.00547321150101
0.5 0.986906031735 2.44995639911 -0.0745914712025 -0.00599363038294
0.5 1.56022216271 2.25540249287 -0.0152632028768 -0.00013526734268
0.5 1.07401361116 2.46316616619 -0.0571936925184 -0.00327761676635
0.5 1.73183597711 1.85849011046 -0.0102800064434 -4.10725841921e-05
0.5 1.1614155527 2.46722774839 -0.0441182944897 -0.00181503020116
0.5 0.966416197403 2.44588430388 -0.0794459996987 -0.0069227865178
0.5 1.50500077005 2.32284795037 -0.0174631304505 -0.000194058261577
0.5 1.33080481474 2.4376715452 -0.0273988839081 -0.000597322984111
0.5 0.666693814104 2.47148053093 -0.175713679779 -0.0597703482014
0.5 0.648025523921 2.50137393357 -0.177929857781 -0.0681590940176
0.5 0.93290859038 2.43874210621 -0.0880811290812 -0.00877707949006
0.5 0.738273804365 2.419424936 -0.154206177714 -0.0357790414727
0.5 1.81203988812 1.53766636752 -0.00864256411119 -2.16067143775e-05
0.5 1.95739196858 0.905089924102 -0.00641602918095 -3.83479327232e-06
0.5 0.915492891062 2.43490059393 -0.0929243575158 -0.00993711526383
0.5 1.43903177508 2.38054342287 -0.0206146251022 -0.000297341780866
0.5 0.577922607625 2.74112684121 -0.144482341432 -0.109759578604
0.5 1.53839466215 2.28452185083 -0.0160902993973 -0.000156112745182
0.5 1.13156265691 2.46705383755 -0.0481625910775 -0.00221760233651
0.5 1.5662256107 2.24676628972 -0.0150448089974 -0.000129961524484
0.5 1.21243723499 2.46421186387 -0.0380719716172 -0.00129335493734
0.5 0.537415348015 3.02404377811 -0.0381865426675 -0.141992890404
0.5 0.598711027803 2.64225880944 -0.165338363526 -0.0956215653763
0.5 0.901426797096 2.43179374736 -0.0970172716406 -0.0109888628011
0.5 0.59823694347 2.64420113798 -0.165006491056 -0.0959262945604
0.5 1.59061527865 2.20862544305 -0.0141955610975 -0.000110520440379
0.5 1.58027981849 2.2254083646 -0.0145481294046 -0.000118393278649
0.5 1.71017432668 1.92954390713 -0.0107858624597 -4.81772578873e-05
0.5 1.40702908973 2.40159141839 -0.022387740539 -0.000365346082017
0.5 0.953728383748 2.44323651095 -0.0826119360098 -0.00757187540539
0.5 1.18364968842 2.4664516424 -0.0413571010491 -0.00156503619732
0.5 1.80333046638 1.57622352171 -0.00880410798315 -2.32672641821e-05
0.5 1.42837481176 2.38799688933 -0.0211857731478 -0.00031851888244
0.5 1.70158965685 1.95577204902 -0.0109947264121 -5.13277055419e-05
0.5 0.899411270232 2.43135096199 -0.0976171037075 -0.0111486688973
0.5 1.31180483374 2.44407553631 -0.0288484242151 -0.00067546619362
0.5 1.1526872259 2.4673171075 -0.045259380263 -0.00192426385249
0.5 0.992145609979 2.45095026866 -0.0734000073736 -0.00577758712436
0.5 0.648512179776 2.5004674758 -0.177904477735 -0.0679274080738
0.5 1.42550203127 2.38992804287 -0.0213429659662 -0.000324463100053
0.5 0.883595196338 2.4279219808 -0.102440148432 -0.0124889122823
0.5 0.759930219485 2.41517605722 -0.146134642689 -0.0305823683305
0.5 1.13572803351 2.46715828373 -0.0475737331524 -0.00215628503326
0.5 0.712903670772 2.42967177386 -0.163173237017 -0.0429702366554
0.5 0.553256461821 2.89898909319 -0.0948184458533 -0.128646344259
0.5 1.54506572194 2.27598807481 -0.0158318862021 -0.000149443713825
0.5 1.51079707349 2.31669001286 -0.0172149710387 -0.00018687783814
0.5 1.13922956264 2.46722647488 -0.0470850960764 -0.00210610279424
0.5 1.81537639425 1.52272841019 -0.00858172694235 -2.09844628041e-05
0.5 1.19903789376 2.46543370603 -0.0395620876306 -0.0014131653492
0.5 1.10403720381 2.46574624896 -0.0522661332566 -0.0026711824425
0.5 1.80371825843 1.57452112586 -0.00879683783598 -2.31905461643e-05
0.5 1.50923409827 2.31836990262 -0.0172814659385 -0.000188774202732
0.5 1.07168067701 2.4629183031 -0.0575975796423 -0.00333038177991
0.5 1.82808066026 1.46515474774 -0.00835462423582 -1.87662852028e-05
0.5 1.92605172065 1.02652211427 -0.00683001836663 -6.43228419885e-06
0.5 1.37301965117 2.41991266114 -0.0244759395642 -0.000454912220572
0.5 1.81650293501 1.51766572447 -0.00856128019362 -2.07773411817e-05
0.5 0.605535354835 2.61576571145 -0.169520994974 -0.0913253624414
0.5 1.59908162465 2.19415796826 -0.0139144775956 -0.000104424778448
0.5 1.33329073142 2.43676428172 -0.0272156914012 -0.000587781843813
0.5 1.84447554145 1.38974517002 -0.008072382616 -1.61181307861e-05
0.5 1.76547213165 1.7342957763 -0.00955062797307 -3.1765436727e-05
0.5 1.90598693948 1.11093973838 -0.00711245625185 -8.31814767988e-06
0.5 0.891101871527 2.42953737326 -0.100125365704 -0.0118332722885
0.5 1.42227149658 2.39206108864 -0.0215213554786 -0.000331253318003
0.5 1.23069349592 2.46202115607 -0.0361449446517 -0.0011467957118
0.5 0.818018267928 2.41624411827 -0.124532099052 -0.0200593396362
0.5 1.63141128076 2.13239095217 -0.0129014466997 -8.38932671626e-05
0.5 0.734592307831 2.4205161078 -0.155551254774 -0.0367447158775
0.5 1.64723060444 2.09802784213 -0.0124385108606 -7.53064486325e-05
0.5 0.530793332764 3.08096879871 -0.00554855811991 -0.147848699029
0.5 1.99688689323 0.77217346182 -0.00593757039536 -1.25459235043e-06
0.5 0.614886763816 2.58363460249 -0.173668411731 -0.0857065496677
0.5 0.894715597011 2.4303235083 -0.0990275462647 -0.0115303792191
0.5 1.7386425813 1.83470872719 -0.0101270661573 -3.89992313924e-05
0.5 1.62175641787 2.15197724398 -0.0131942570688 -8.95987793253e-05
0.5 0.78217847387 2.413889149 -0.137752653354 -0.0260209701809
0.5 0.575521115603 2.7544805899 -0.141071490808 -0.111496677529
0.5 1.24228812439 2.46030188263 -0.0349799098503 -0.00106273048928
0.5 1.47862416506 2.34850397751 -0.0186482744131 -0.000230300346856
0.5 0.631248802316 2.5375479972 -0.177438796741 -0.07659631245
0.5 1.53437665422 2.28951391701 -0.016248406083 -0.000160235757772
0.5 1.9120045787 1.08513475466 -0.00702625324266 -7.71152124678e-06
0.5 0.723345609242 2.42463938051 -0.159580033157 -0.0398549571248
0.5 1.11093162472 2.4661720666 -0.0512026194794 -0.00254919150493
0.5 1.55396659212 2.26410565472 -0.0154948733691 -0.000140949474598
0.5 1.62293424302 2.14964163746 -0.0131581180169 -8.89024277292e-05
0.5 1.25727757468 2.45768495763 -0.0335379823079 -0.000963344868759
0.5 1.61346761132 2.16799895066 -0.0134522066077 -9.47778518019e-05
0.5 1.40161254344 2.40477336388 -0.0227058592034 -0.000378336799462
0.5 1.58357523196 2.22015916912 -0.0144345729519 -0.000115843848322
0.5 1.45512163611 2.36838487291 -0.0197869660168 -0.00026806076836
0.5 1.76716986325 1.72759492411 -0.00951553037447 -3.13427206744e-05
0.5 0.763956903752 2.41473971997 -0.144617488911 -0.0297017028667
0.5 1.84894365603 1.36908583992 -0.00799749079319 -1.54432591552e-05
0.5 0.629028240379 2.54312090432 -0.177144903445 -0.0777803716796
0.5 1.52482187204 2.30095152336 -0.0166319849422 -0.000170565395101
0.5 0.543603297831 2.97317104919 -0.0634460667408 -0.136667030965
0.5 0.919751362178 2.43584281335 -0.0917171008414 -0.00963962911899
0.5 0.641655751069 2.5139443836 -0.178072222043 -0.0712585875179
0.5 1.34933313343 2.43050530079 -0.026067578847 -0.000529933778407
0.5 1.71066444932 1.92801383649 -0.0107740852294 -4.80049199561e-05
0.5 0.898574529484 2.43116743103 -0.0978671058924 -0.0112157287488
0.5 1.61866603555 2.15803466563 -0.0132897119507 -9.14986664004e-05
0.5 1.63944361881 2.11530524169 -0.0126637626054 -7.94496196094e-05
0.5 0.657004956173 2.48579525539 -0.17716259461 -0.0639978367931
0.5 1.53832722046 2.28460654535 -0.016092937793 -0.000155464584855
0.5 0.522817846175 3.15223773788 0.0433827233572 -0.155111394682
0.5 0.52020731496 3.17604605997 0.0621480148303 -0.157537249122
0.5 1.90461225272 1.11688801729 -0.00713232284574 -8.45974882204e-06
0.5 1.3913607261 2.41051490808 -0.0233222061784 -0.000404194900486
0.5 0.724153010469 2.4243009434 -0.159295620624 -0.0396234562071
0.5 1.84375832881 1.39305915806 -0.00808435944059 -1.62286674696e-05
0.5 0.848235085224 2.420878748 -0.113953897814 -0.0161160782055
0.5 1.44942570825 2.37281781225 -0.0200753518538 -0.000278099758371
0.5 1.29234780034 2.44970829408 -0.0304275698472 -0.000766418945963
0.5 1.31233398161 2.44390954359 -0.0288068461706 -0.000673152803743
0.5 0.777587801278 2.4139455293 -0.139478813044 -0.0269031230836
0.5 1.50890978231 2.31871666574 -0.0172953023777 -0.000189173347392
0.5 1.30983969929 2.44468597298 -0.029003456785 -0.000684128941423
0.5 1.78885256175 1.63868107403 -0.00908080911988 -2.62817924796e-05
0.5 1.40622198463 2.40207212612 -0.0224349411431 -0.000367245250722
0.5 1.999889695 0.762991779685 -0.0059030123159 -1.07828764569e-06
0.5 1.02440773232 2.45656604272 -0.0664907195434 -0.00461363468995
0.5 1.40082753123 2.40522589037 -0.0227523755187 -0.000380254139755
0.5 0.841737248353 2.41974140891 -0.11617483608 -0.0168916952313
0.5 0.982458887808 2.44909654146 -0.0756186288153 -0.00618367929942
0.5 1.83262097913 1.44436477533 -0.00827510822515 -1.80154358145e-05
0.5 0.827385866076 2.41748574318 -0.121186801528 -0.0187419870684
0.5 1.59531393446 2.20067838668 -0.0140387090751 -0.000107097544618
0.5 0.850092671477 2.4212152541 -0.113324702266 -0.0159010898459
0.5 1.40058674003 2.405364378 -0.022766666518 -0.000380844196599
0.5 1.4431744478 2.37751944906 -0.0203976570997 -0.000289523249697
0.5 1.23239869908 2.46178452084 -0.0359707781713 -0.00113401030781
0.5 1.08181037862 2.46394603821 -0.0558664998162 -0.00310755392931
0.5 1.81928870086 1.50510781061 -0.0085109827721 -2.02714886823e-05
0.5 1.16518501902 2.46715199583 -0.043635674379 -0.00176989802036
0.5 1.18823220476 2.46619063872 -0.0408129477514 -0.00151804649035
0.5 1.20647559255 2.46479474952 -0.0387268188469 -0.00134530692872
0.5 1.24496799185 2.45986762388 -0.0347168864773 -0.00104415004111
0.5 0.86961759369 2.42500185697 -0.106872625746 -0.0138108443591
0.5 1.91792085807 1.06016027252 -0.00694276927497 -7.13626133398e-06
0.5 0.973642866224 2.4473519351 -0.0776978974466 -0.00657908692425
0.5 0.999713370901 2.45234825562 -0.0717139823716 -0.00547962268183
0.5 1.54870862136 2.27119433247 -0.0156928933153 -0.00014590080843
0.5 1.16788894444 2.46708384806 -0.0432931950609 -0.00173824202993
0.5 0.560524351448 2.84766524214 -0.113299940624 -0.122840704218
0.5 1.26395724899 2.45637035417 -0.0329178478662 -0.000922160068868
0.5 1.00655992268 2.4535722228 -0.070223630409 -0.00522379653752
0.5 0.56963427599 2.7890250807 -0.131598283379 -0.115847747985
0.5 1.82526551053 1.4779958052 -0.00840431702218 -1.92437874798e-05
0.5 1.14545353616 2.46730194886 -0.0462305408372 -0.0020198819389
0.5 1.43536361414 2.38316120448 -0.020809107856 -0.00030435644942
0.5 1.10241460234 2.4656363319 -0.0525199496271 -0.0027007664687
0.5 1.05904377364 2.46146384923 -0.0598405327851 -0.00363207363338
0.5 1.13968315877 2.4672335576 -0.0470222168761 -0.00209969179722
0.5 0.918207084927 2.43550160282 -0.0921532844978 -0.00974635618246
0.5 0.616439486844 2.57873346227 -0.17420104161 -0.0848030874991
0.5 1.41662464158 2.39569317052 -0.021837567664 -0.000343469512116
0.5 1.34252670286 2.43324766507 -0.0265475288343 -0.000553740377757
0.5 1.18777237206 2.46621842249 -0.0408671778421 -0.00152274439433
0.5 1.93246824959 1.00056799812 -0.00674264948361 -5.84518324322e-06
0.5 0.793736839227 2.41415279155 -0.133430519198 -0.0239257651598
0.5 1.10356838382 2.46571495337 -0.0523393432241 -0.00267969537786
0.5 1.90849832851 1.10012271809 -0.00707633810011 -8.06234359079e-06
0.5 0.905475213661 2.43268568903 -0.0958225482717 -0.0106748955289
0.5 1.07519927485 2.46328965657 -0.0569896250428 -0.00325112580161
0.5 1.56059586566 2.25487311407 -0.0152494966346 -0.000134934888571
0.5 1.13724355999 2.46718974372 -0.0473614898469 -0.00213441500983
0.5 0.557573065884 2.86802399139 -0.106258303506 -0.125173846787
0.5 1.22104579247 2.4632556535 -0.0371488535495 -0.00122196643876
0.5 1.72027212895 1.89729645417 -0.0105463563152 -4.47625960315e-05
0.5 1.33999696827 2.43423397609 -0.0267285981061 -0.000562874798614
0.5 0.712222597993 2.43004486297 -0.163401360535 -0.0431813526926
0.5 0.937713595196 2.43979276772 -0.0867882054922 -0.00848239577087
0.5 1.49323911909 2.33475322033 -0.0179800444743 -0.000209451457954
0.5 1.32212859831 2.44071065902 -0.0280498705787 -0.000631650874992
0.5 1.75817021436 1.76265602553 -0.00970342192216 -3.3619337041e-05
0.5 1.01677271321 2.45532143439 -0.0680611240355 -0.00486508194797
