10.0 1.45749032371 0.582166228739 0.332354818864 0.211342946871
10.0 0.848991475151 0.711574964863 0.462781883604 0.338567134758
10.0 1.52158561281 0.571945900686 0.321998499596 0.201630675883
10.0 1.08744671145 0.652110849637 0.402824192537 0.279482523267
10.0 1.10965915878 0.647260629749 0.397922761681 0.27473065616
10.0 1.94620683028 0.513404527546 0.263666511138 0.147232635493
10.0 1.29893889656 0.609648203818 0.359964656375 0.237863179508
10.0 1.32825044634 0.604283223396 0.354618634351 0.232684609758
10.0 1.09483430768 0.650477465472 0.401192140407 0.277881318935
10.0 1.65870908372 0.551372566473 0.301508682089 0.182156956557
10.0 1.33024165463 0.60392559338 0.354256766732 0.232340621522
10.0 0.555416098248 0.814059206223 0.566311671299 0.441430089752
10.0 1.73844917572 0.540285346177 0.290255736066 0.171854519551
10.0 0.959132184946 0.682239786021 0.433168324267 0.309361673464
10.0 0.684724856744 0.763360097797 0.515204450008 0.390455740014
10.0 1.93745867926 0.514468319001 0.264736537632 0.148187075735
10.0 1.82857343495 0.52830466345 0.278313944617 0.160745306769
10.0 0.662754180521 0.771271913291 0.52312008915 0.398417701175
10.0 1.12419176685 0.644179319973 0.394741948917 0.271701473402
10.0 1.07189864737 0.655600684576 0.406271080592 0.282919001226
10.0 0.97059990148 0.679414788412 0.430271068752 0.306538169845
10.0 0.82098712421 0.719586159049 0.470986759244 0.346592960301
10.0 0.849131141076 0.711535349219 0.462742132109 0.338527214949
10.0 0.593225803195 0.798058490272 0.550231150938 0.425346064892
10.0 1.1943521743 0.629666488933 0.38019263315 0.257416039928
10.0 1.26010374917 0.616948848134 0.367193066915 0.244992230538
10.0 1.18827635142 0.630895905829 0.38141785645 0.25861337316
10.0 1.03948347552 0.662955033401 0.413670412308 0.29023141697
10.0 1.50483298662 0.574551451057 0.324677030151 0.204107898646
10.0 1.44915044022 0.583548415569 0.333718052482 0.21266194671
10.0 1.83358045756 0.527648518675 0.277675756489 0.160141921529
10.0 1.06255665089 0.657715788006 0.408363574403 0.285016151894
10.0 0.517006544261 0.83141683578 0.583886211481 0.458910273163
10.0 1.88265477748 0.521302881463 0.271506243547 0.154349647824
10.0 1.50940433067 0.573836571506 0.323943119503 0.203428910143
10.0 0.809955181069 0.722861332594 0.474276535093 0.349846080386
10.0 0.935702266897 0.688138492342 0.439222614435 0.315207386222
10.0 0.837405927115 0.714866286566 0.466120242957 0.341878757877
10.0 0.627246577794 0.784575138701 0.536580273565 0.411791267405
10.0 1.06555535072 0.657036160552 0.40768915889 0.28434121415
10.0 1.5775459646 0.563416857095 0.313346214554 0.193499690528
10.0 1.35145906486 0.600174967111 0.350418723274 0.228726465343
10.0 1.3427333636 0.601705555832 0.35199233745 0.23020257652
10.0 1.49796705409 0.575631303336 0.325782751303 0.205133233267
10.0 1.75594933377 0.537932830412 0.287861319805 0.169666942137
10.0 1.4424109166 0.584672564217 0.334822821748 0.213737405502
10.0 1.3843849154 0.594501517707 0.344586671891 0.223233254864
10.0 1.18715584186 0.631123716198 0.381643943298 0.25883545216
10.0 1.55884367844 0.566249344059 0.316181057873 0.196199257268
10.0 1.65719372173 0.551591017713 0.301725951193 0.1823605561
10.0 0.701730730169 0.757476708239 0.509169207297 0.384559069672
10.0 1.62128056674 0.556854922949 0.30690298514 0.187286896642
10.0 1.47029169262 0.580067400768 0.330268485075 0.209345138045
10.0 1.82847383125 0.528317868556 0.278326674691 0.160757316176
10.0 1.41594796872 0.589131973148 0.339205123111 0.218028710553
10.0 1.0978672269 0.6498125215 0.400522596306 0.277230256436
10.0 1.42234850553 0.588048654699 0.338136806634 0.216982635364
10.0 1.94486143796 0.513567684649 0.263830913539 0.147378924626
10.0 1.67609543414 0.548887765568 0.299022920215 0.179845164884
10.0 1.31339399577 0.606978612877 0.357323537647 0.235282294188
10.0 1.04375997947 0.661981786749 0.41266971519 0.289263360687
10.0 1.3983204559 0.592126021222 0.342185071665 0.220928419441
10.0 1.11585682507 0.645939274234 0.396561622409 0.27343379005
10.0 0.750849620537 0.741157713807 0.492684787603 0.368170102911
10.0 1.01090302579 0.669586637288 0.420486149875 0.296782903474
10.0 0.951119495978 0.68422901109 0.435226862557 0.311340816406
10.0 1.92510739323 0.515982754955 0.266252783309 0.149547537024
10.0 1.09928306038 0.649503297894 0.400210041963 0.276927528757
10.0 1.29030560759 0.61125964602 0.361549710264 0.239427987686
10.0 1.38593533245 0.594236879645 0.344317372464 0.222976513615
10.0 0.53780575432 0.821847660367 0.574226175988 0.449271464392
10.0 1.6218032694 0.556777300867 0.306827168684 0.187213880155
10.0 0.578534844508 0.804176981629 0.556327305571 0.431489201463
10.0 0.708818756984 0.755056076638 0.506725692805 0.382111249591
10.0 0.897421909453 0.698226008731 0.44929632637 0.325267820566
10.0 1.0179393839 0.667924169593 0.418797194705 0.295146589745
10.0 0.992044338794 0.674146009943 0.425020524388 0.301282399873
10.0 1.48216544927 0.578146824777 0.328339321419 0.207520946041
10.0 1.36776840855 0.597349280773 0.347504808266 0.225994587072
10.0 1.29553389502 0.610282547036 0.360588784402 0.238478375162
10.0 1.84579769384 0.526053136379 0.276126641106 0.158678193177
10.0 1.99539343981 0.50754364142 0.25772794164 0.141984081239
10.0 0.66852394854 0.76919274855 0.520998543368 0.396314410194
10.0 1.37270608354 0.596500534749 0.346631694714 0.22517236778
10.0 1.19339444911 0.629859778347 0.380385757404 0.257603931399
10.0 1.79660768173 0.532519706115 0.282442586139 0.164638826828
10.0 0.568435750571 0.808406547221 0.560663341443 0.43576174973
10.0 1.78329565112 0.534285847887 0.28419456182 0.166276936383
10.0 1.06380480104 0.657432805764 0.408082506041 0.28473510547
10.0 0.674803725797 0.766923625765 0.518736490794 0.394021865593
10.0 1.88773509658 0.520657109322 0.2708741551 0.153764321277
10.0 1.62805111837 0.555851337906 0.305921816107 0.186343976069
10.0 0.647942181695 0.776711691158 0.52867952082 0.403864532854
10.0 0.812628479279 0.722059695029 0.473479948441 0.349048826653
10.0 0.687416185013 0.762409722186 0.514245031393 0.389508770022
10.0 1.6535013351 0.55212477457 0.302255580811 0.182858150404
10.0 1.9785585252 0.509528957669 0.259743376295 0.143760592001
10.0 0.50829895905 0.835572440302 0.588009925238 0.463101511677
10.0 0.82666366232 0.717937019497 0.469294235877 0.344952902819
10.0 1.0023139688 0.671646881534 0.422549085614 0.298811489909
10.0 1.01271613786 0.66915597644 0.420050720612 0.296359106682
10.0 1.94825023141 0.513157071086 0.263417031078 0.147010748405
10.0 1.21416181551 0.625734713545 0.376207929789 0.253592026455
10.0 1.97895062554 0.509482538836 0.259696243742 0.143719000893
10.0 0.69245469948 0.760654107132 0.512447209994 0.387756202659
10.0 1.54261615927 0.568718653124 0.318687810352 0.198555434948
10.0 0.825371925237 0.718309944602 0.469678847758 0.345324639479
10.0 1.05531589981 0.659358203012 0.41000502241 0.286650171874
10.0 0.852036028263 0.710709327881 0.461919912132 0.337697621486
10.0 1.10421577328 0.648432169009 0.399121787037 0.275878596503
10.0 0.53139149923 0.824787630105 0.577132290859 0.452233498478
10.0 0.821050306707 0.719567738965 0.470967959838 0.346574599366
10.0 1.2833911599 0.612556774194 0.362825691535 0.24069153239
10.0 1.50582354322 0.574396271331 0.324517703636 0.203960512096
10.0 1.0571120393 0.658950689502 0.409596062723 0.286244359229
10.0 1.30121403314 0.60922545417 0.35954818573 0.237453563947
10.0 1.70908666277 0.544283361801 0.29434675833 0.175569404867
10.0 1.9034687473 0.51867255955 0.268922544771 0.151970355122
10.0 0.758452300442 0.738704669807 0.490259034406 0.365706911916
10.0 1.29038337363 0.611245086181 0.361535397095 0.239413827546
10.0 0.516651538411 0.831584787779 0.58405360549 0.459078629284
10.0 1.90842219386 0.518052622461 0.268309930247 0.151411058104
10.0 0.663376225178 0.771047643023 0.522889246913 0.398191386068
10.0 0.568591483173 0.808340598571 0.560595827424 0.435695631652
10.0 0.626444367116 0.784881026761 0.53689659447 0.412098908787
10.0 1.89803380513 0.519355378401 0.26959570685 0.152586825422
10.0 1.93499416754 0.51476926505 0.265038551468 0.148457445097
10.0 1.29092966301 0.611142834362 0.361434788908 0.239314308214
10.0 1.65490310448 0.551921947024 0.302054457593 0.182668937779
10.0 0.552425237132 0.815370372611 0.567624900251 0.442759084276
10.0 1.60233515539 0.559683520718 0.3096680985 0.18995570399
10.0 1.12835516849 0.64330604331 0.393839449934 0.270839816164
10.0 0.785306467614 0.730329615184 0.481751996865 0.357348070164
10.0 1.25394661331 0.618113552438 0.368370781864 0.246135934499
10.0 1.20720554326 0.627101891921 0.377604907899 0.254921933434
10.0 1.09047683132 0.651438616208 0.40215458989 0.278823020561
10.0 1.29282427362 0.610788464588 0.361086303156 0.238969817068
10.0 0.891426459987 0.699818497873 0.450937787126 0.326862717853
10.0 0.677231967019 0.766045787032 0.517870626749 0.3931398426
10.0 1.78051528508 0.534655399057 0.284563157234 0.166620173759
10.0 1.8105334104 0.530678552138 0.280631457283 0.162934888377
10.0 0.851538343183 0.71085088798 0.46206051797 0.337839657216
10.0 1.67736912203 0.54870736573 0.298841296945 0.179677539546
10.0 1.65192370293 0.552353626499 0.302482026667 0.183071439331
10.0 1.31149902246 0.607326119701 0.357669051821 0.235617618732
10.0 1.68358171428 0.547830454405 0.297956473417 0.178863074516
10.0 1.89560843664 0.519661006086 0.269896499006 0.152863093459
10.0 0.575802146672 0.805319355377 0.557483726527 0.432648098198
10.0 1.57704012343 0.563493334571 0.313422076137 0.193572457165
10.0 0.662794122771 0.77125742298 0.523105389442 0.398403046357
10.0 0.977797526241 0.677644936554 0.428487276693 0.30476734932
10.0 0.936817501747 0.687851439796 0.438933345511 0.3149237613
10.0 1.36441382275 0.59792757424 0.348100448384 0.226554274238
10.0 1.71623699698 0.543302391391 0.293343150811 0.174658351893
10.0 1.56313429014 0.565598387488 0.315525655138 0.195578449702
10.0 0.994298989876 0.673594835903 0.424476918026 0.300736232291
10.0 1.56107491406 0.565910711338 0.315839845487 0.19587627641
10.0 1.03819088757 0.663249634688 0.413974374306 0.290524241511
10.0 0.6060426851 0.792926403462 0.5449689427 0.42017016246
10.0 1.43213533116 0.58639705691 0.336514553845 0.215392198718
10.0 1.52719292343 0.571081498154 0.321109516258 0.200807630563
10.0 0.522719564957 0.828749516326 0.581181050847 0.456241881276
10.0 0.67113896997 0.768248798848 0.520051443502 0.395359174096
10.0 1.42100601458 0.58827546885 0.338360360732 0.217201485033
10.0 1.63136532794 0.555361877905 0.305442512817 0.185884680811
10.0 0.600560725792 0.795111533702 0.547193628791 0.422384389846
10.0 1.41694825645 0.588962467812 0.339037734407 0.217864966098
10.0 1.46372794681 0.581140047729 0.331337439252 0.210365435854
10.0 0.99456231953 0.673530870784 0.424413521896 0.300672557103
10.0 1.0087075066 0.670110181221 0.421013459169 0.29729791143
10.0 0.954849821744 0.683300460306 0.434265813494 0.310417941597
10.0 1.99644532546 0.507420195032 0.257602610666 0.141873774132
10.0 1.36177855055 0.598382656247 0.348569928342 0.226994750196
10.0 1.53942803657 0.569205612669 0.319185383381 0.19901966952
10.0 0.860630075001 0.708269956508 0.459509698234 0.335258038116
10.0 1.74746245573 0.539071569759 0.28901795119 0.170725840318
10.0 1.66230217576 0.550855755799 0.300994012645 0.181675510124
10.0 1.13124290125 0.642701735354 0.393216397843 0.270243118931
10.0 1.28233186237 0.612755928529 0.363021809343 0.24088597865
10.0 0.629067163241 0.783882257304 0.535864219089 0.411093276873
10.0 0.730562376385 0.747716819435 0.499389641543 0.374773031889
10.0 1.96082651664 0.51164212313 0.261886503174 0.145653084463
10.0 1.96224988286 0.511471685801 0.261713789746 0.145500321086
10.0 1.19875226228 0.628782957401 0.379305961337 0.25655642503
10.0 1.46866986313 0.580331801962 0.330532421976 0.209596427752
10.0 1.23477712258 0.621755292921 0.372103715612 0.2497082407
10.0 0.623338737278 0.786072180688 0.538125076666 0.413293472415
10.0 1.71092024219 0.54403125865 0.294089081926 0.175335409822
10.0 0.714017140883 0.753276903678 0.504964192454 0.380320064875
10.0 1.11501320506 0.646118403498 0.396746639948 0.27360966945
10.0 1.87615620479 0.522132337514 0.272316290679 0.15510229417
10.0 0.821599784168 0.719406991203 0.470804024054 0.346415094443
10.0 1.0996359903 0.649426358343 0.400132151313 0.276852189581
10.0 1.62302174254 0.556596321959 0.306650412315 0.187043816803
10.0 1.47052598968 0.580029258807 0.330230406172 0.209308878788
10.0 1.35821779574 0.598999091861 0.349206005572 0.227591003626
10.0 1.91862646409 0.516783419195 0.267050694222 0.150267808327
10.0 0.91936748593 0.692411646544 0.443465666742 0.319442463277
10.0 0.536112157208 0.822622126409 0.574991221036 0.450047821499
10.0 1.41368587926 0.589515531537 0.339584286795 0.218399557844
10.0 1.63233900075 0.555218288981 0.305301880361 0.185749984495
10.0 1.23547470171 0.621622043452 0.371966076552 0.249577824257
10.0 1.39097476638 0.593377245394 0.343445733758 0.222142308394
10.0 1.48569956591 0.577580363489 0.327766208511 0.206983077275
10.0 1.63306606445 0.555111135442 0.305196784572 0.18564954466
10.0 0.962346812919 0.681446357045 0.432349733198 0.308569866788
10.0 1.97758750142 0.509643967851 0.259860228163 0.143863576228
10.0 1.53165958598 0.57039515616 0.320404524044 0.200153810183
10.0 0.726904220096 0.748923092755 0.500624148609 0.375975609636
10.0 1.84130986067 0.526638173858 0.276694435856 0.15921435061
10.0 1.28551915522 0.612157082689 0.362432179141 0.240301783468
10.0 0.874471359334 0.704400154684 0.455650141151 0.331417894034
10.0 1.15054839927 0.638681090693 0.389123632244 0.266263324236
10.0 0.993699029249 0.673741434627 0.424621477839 0.300881388297
10.0 1.46316401593 0.581232652785 0.331429348993 0.210453474324
10.0 0.939217375863 0.687235771031 0.438310388075 0.314315786767
10.0 0.801047363198 0.725555779755 0.476937381339 0.352538913526
10.0 0.516762300587 0.831532497952 0.584001258588 0.459025948373
10.0 1.22335269357 0.623948842693 0.374369720799 0.251851988612
10.0 0.763120358018 0.737208021418 0.488778179929 0.364213138666
10.0 1.25245800457 0.618395213601 0.368656955658 0.246412661613
10.0 1.76301832368 0.536987071088 0.286904601137 0.168787511067
10.0 1.13830596976 0.641228291603 0.39170388069 0.268785304061
10.0 1.70411137843 0.544969152493 0.295047527133 0.17620625821
10.0 1.90644654738 0.518299508211 0.268554113665 0.151633808875
10.0 1.66912304959 0.549879142708 0.300018438243 0.180766918919
10.0 1.4730973373 0.579611102425 0.329812140446 0.208911627992
10.0 1.46420950783 0.58106108936 0.331258964519 0.210290283774
10.0 0.873926056724 0.704550395157 0.455801977342 0.331566681558
10.0 0.559983176559 0.812053426789 0.56433116804 0.43940814498
10.0 1.65095004214 0.552494887812 0.302621829555 0.183203248136
10.0 1.84532425337 0.52611477771 0.276186446456 0.158734674431
10.0 1.6831592969 0.5478898929 0.298016508756 0.178918351432
10.0 1.3417538793 0.601878492393 0.352169468513 0.230369088882
10.0 1.92404593838 0.516113570199 0.266383288863 0.149665219941
10.0 1.88247170478 0.521326228178 0.27152902498 0.154370696481
10.0 1.52478351021 0.571452532376 0.321490965479 0.201160951536
10.0 1.27264090005 0.614581270948 0.364826599384 0.242670256264
10.0 1.79091025303 0.533274932081 0.283189879452 0.16533884656
10.0 0.629135611731 0.783856278906 0.535837190259 0.41106692028
10.0 1.55445620723 0.566915706938 0.316854490321 0.196835169935
10.0 1.35229567832 0.600028886666 0.350268288109 0.228585559986
10.0 1.88642820544 0.520823021347 0.271036620887 0.153914681543
10.0 1.2126930128 0.626022210604 0.376502561448 0.253871794503
10.0 0.675896474078 0.76652837118 0.518346602904 0.393624486453
10.0 1.89414218961 0.51984610643 0.270078388733 0.153030365448
10.0 0.924495468809 0.69105905443 0.442131353986 0.318097679176
10.0 0.827509122882 0.717693281069 0.469042573131 0.344710118936
10.0 1.97179891737 0.510331739137 0.260558122475 0.144479350433
10.0 1.36818135544 0.597278138659 0.347431605644 0.225925730653
10.0 0.93132754968 0.689271399438 0.440357998809 0.316326961113
10.0 0.662587246342 0.771331797518 0.523182156004 0.398478579832
10.0 1.38926602459 0.593668573093 0.34374056723 0.222425043862
10.0 0.684339217028 0.763496696884 0.515342017008 0.390592213839
10.0 1.65703922989 0.551613347297 0.301748099859 0.182381336528
10.0 1.37715370184 0.595737932634 0.345849485858 0.224432970101
10.0 0.841831903129 0.713608957279 0.464833001484 0.340614160575
10.0 1.2457599158 0.619664958436 0.369952901832 0.247659092951
10.0 1.77642375842 0.535199799377 0.285107336951 0.167125829817
10.0 0.719858842967 0.751286783645 0.50299781402 0.378329221619
10.0 1.90948852508 0.517919580588 0.26817815656 0.151291002333
10.0 1.72729191105 0.541795412215 0.291800348238 0.173258482227
10.0 1.58731806881 0.561941825489 0.311886561355 0.192097007664
10.0 0.964026422981 0.681032379113 0.431923977532 0.308156317799
10.0 0.703708733902 0.756801792493 0.508481352735 0.383876490525
10.0 1.47850376355 0.578736360213 0.328933536346 0.208080567131
10.0 0.525031372733 0.827690126984 0.580087420112 0.455175659288
10.0 1.22561830332 0.623511765759 0.373918522267 0.251425427789
10.0 1.02466634324 0.666355608048 0.417185622076 0.293600320523
10.0 0.877657697527 0.703526134339 0.454760956607 0.33055210082
10.0 1.06526779393 0.657101339285 0.407753714075 0.284405900707
10.0 1.88898603861 0.520498450922 0.270718646774 0.15362068686
10.0 0.779998191903 0.731944036876 0.483420345988 0.358969128419
10.0 0.544943778811 0.818644297099 0.570987469736 0.446067955268
10.0 1.1438284695 0.640078557689 0.390533435845 0.267646979658
10.0 1.87231493163 0.522624314097 0.272795869851 0.15554952062
10.0 1.7730931129 0.535642943196 0.285551789259 0.167537839295
10.0 1.6727159636 0.549367317707 0.299505158228 0.180291132126
10.0 1.4216268197 0.588170506201 0.338256948996 0.217100153072
10.0 0.856262577237 0.709508393196 0.460731412582 0.336494300898
10.0 1.31277901941 0.607091376606 0.357435649445 0.235391032128
10.0 1.4879514049 0.577220540648 0.327401408381 0.206641797243
10.0 0.534804282394 0.82322192465 0.575581956889 0.450651003516
10.0 1.28976389015 0.611361089494 0.361649435198 0.239526558034
10.0 0.521187953803 0.829456398415 0.581907620647 0.456950806876
10.0 0.696700206344 0.759194619789 0.510938141161 0.386291644168
10.0 1.14669089436 0.639483133043 0.389931016569 0.267057222213
10.0 1.54239822751 0.568751916227 0.318721771619 0.19858716137
10.0 1.95353452311 0.512518986362 0.262773023193 0.146438603586
10.0 1.50344800701 0.574768646509 0.324899755356 0.204314222744
10.0 0.640498698267 0.77953789531 0.531472476739 0.40669845785
10.0 0.811169035976 0.722496804722 0.473914749258 0.349483326408
10.0 0.780402645076 0.731820577099 0.483292590838 0.358845596217
10.0 0.643021109744 0.778577106472 0.530524365894 0.405731519818
10.0 1.91954678721 0.516669574452 0.266937224202 0.150165259045
10.0 0.593955772226 0.797761949563 0.549927696324 0.425049523364
10.0 0.663816048128 0.77088904682 0.522726451558 0.398031246995
10.0 1.42414557245 0.587744816205 0.337837965858 0.21668953561
10.0 1.92326425717 0.516210147501 0.266479475506 0.14975189289
10.0 1.22822896976 0.623009905139 0.373399523116 0.250934862495
10.0 1.7843277663 0.534148697794 0.284057978546 0.166149630315
10.0 1.33806340649 0.602531276882 0.352837723722 0.230998112495
10.0 1.98892711218 0.508303911668 0.25849955368 0.142664395462
10.0 0.601090194424 0.79490063193 0.54697672261 0.422170985326
10.0 1.87756989095 0.521951609032 0.27213992964 0.154938077155
10.0 0.644652934743 0.777956538235 0.529912487563 0.405109381076
10.0 1.48869572639 0.57710190909 0.327280968129 0.206529066348
10.0 1.64255174517 0.553718718306 0.303829305302 0.184346115114
10.0 1.37201542904 0.596619229259 0.34675355007 0.225287281909
10.0 1.83874874307 0.526972560626 0.277019133644 0.159521123439
10.0 0.677756479588 0.765856427979 0.517683915122 0.392949961105
10.0 1.21976751138 0.624642892541 0.37508567255 0.25252868189
10.0 0.699340179823 0.7582920315 0.510006690517 0.385382574904
10.0 1.67023727817 0.549720213598 0.299859246624 0.180619146314
10.0 1.65010228703 0.552618002055 0.302743584643 0.183318090009
10.0 1.63917731575 0.554212965679 0.304315256957 0.184808158606
10.0 1.48820516621 0.577180060641 0.327360333346 0.206603315335
10.0 1.68845469087 0.547146527009 0.297263832219 0.178227816446
10.0 0.799625583334 0.725987317694 0.477364714418 0.352972296452
10.0 1.06256574808 0.657713671814 0.408361523896 0.285014102802
10.0 1.46656426856 0.580675528962 0.330875270357 0.209923414229
10.0 1.96690898218 0.510914520045 0.2611492978 0.145001304655
10.0 1.3093836594 0.607715037917 0.358055113042 0.235993081411
10.0 1.90152017383 0.51891685465 0.269163773243 0.152190921991
10.0 0.547482461787 0.81752960093 0.569836270962 0.44494597992
10.0 1.07847727785 0.654117490218 0.404809205147 0.281454960187
10.0 1.16125701617 0.636456737736 0.386906825576 0.264065206721
10.0 1.75189675219 0.538476100407 0.288412556206 0.170172152138
10.0 1.53171739955 0.570386284744 0.320395413171 0.200145356579
10.0 1.86640761986 0.523383613005 0.273534722831 0.156240191014
10.0 0.855746690628 0.709654967969 0.460876050883 0.336640708549
10.0 0.523650380207 0.828321968401 0.580740085493 0.455812237826
10.0 0.964556289148 0.680901872715 0.431789980009 0.308025807999
10.0 0.745811102654 0.742782848805 0.494315232971 0.36981087973
10.0 1.81863207338 0.529611246047 0.279587448423 0.161949235479
10.0 1.073886155 0.655151720255 0.405828702008 0.282475407315
10.0 0.693525437316 0.760284598811 0.512065652544 0.387386285889
10.0 1.81464959271 0.53013588704 0.280099986874 0.162433399656
10.0 0.617080054958 0.788518005358 0.540600362092 0.415735334355
10.0 0.767415255672 0.735844297899 0.487415075144 0.362856738249
10.0 0.636418786064 0.781091791856 0.533018688209 0.408268889041
10.0 0.852842318882 0.710480105829 0.461692642796 0.337467556605
10.0 1.63880182238 0.554268039452 0.304369338552 0.184859671671
10.0 1.93958446428 0.514209066757 0.26447618007 0.147954567283
10.0 0.556063224554 0.813774828985 0.56602971315 0.441142512163
10.0 0.987639484173 0.67522589426 0.426085616901 0.302354857138
10.0 0.632332141447 0.782643326893 0.534590510498 0.40984082929
10.0 1.39648073692 0.592439422812 0.342499765453 0.221232185859
10.0 1.71783421788 0.543083987183 0.293119579719 0.174455495544
10.0 1.7801041375 0.534710071259 0.284617734867 0.16667087916
10.0 0.61399755269 0.789743231477 0.541815251423 0.4169606942
10.0 0.604702452578 0.793461519397 0.545508101983 0.420712354918
10.0 1.69083453326 0.546813557799 0.296925989786 0.177918638367
10.0 0.951341778471 0.684173524439 0.43516944939 0.311285731643
10.0 1.68895004916 0.547077159073 0.297193486598 0.178163397974
10.0 1.60152771751 0.559804638696 0.309786630932 0.190070448386
10.0 1.35014562696 0.60040424347 0.350655074378 0.228947893581
10.0 0.509160508422 0.835162202506 0.587596374322 0.462684790653
10.0 0.783626858997 0.730839264622 0.482277923182 0.35786083572
10.0 0.658672162161 0.772747184786 0.52464485803 0.399903478737
10.0 1.87697361366 0.52202783709 0.272214296238 0.155007331021
10.0 1.80604893819 0.531270959519 0.281212397339 0.163482425655
10.0 1.39717072639 0.592321974936 0.342381681348 0.221118237207
10.0 0.691826776759 0.76087134937 0.512670986448 0.387973560723
10.0 1.41117871065 0.589941060882 0.340005578039 0.218810850715
10.0 0.834208432462 0.715776064882 0.467058530086 0.342792196332
10.0 1.41416633916 0.589434067838 0.339503680051 0.21832079593
10.0 0.528928798438 0.825913207993 0.578265030217 0.453375523767
10.0 1.40492624196 0.591002897112 0.341061200429 0.219839229736
10.0 0.528859541713 0.825944846325 0.578297216188 0.453407613845
10.0 1.09225085874 0.651046544221 0.401762601242 0.27843876036
10.0 1.52083319442 0.572062140431 0.322118075736 0.201741350013
10.0 1.90642585272 0.518302174622 0.268556672948 0.15163614431
10.0 0.824737548565 0.718494198671 0.469867934212 0.34550751351
10.0 0.8581552401 0.708971093274 0.460201302112 0.335957480863
10.0 1.91304114292 0.517476750873 0.267739416435 0.150892238675
10.0 1.76178088957 0.5371524699 0.28707167115 0.168941275226
10.0 1.43568394204 0.585800034854 0.335929160436 0.214818886156
10.0 0.918281636425 0.692698887515 0.443748974541 0.319728593759
10.0 1.91854385034 0.516793660654 0.267060874608 0.150277018406
10.0 0.810597176202 0.722668398485 0.474085181277 0.349654028139
10.0 0.81917725036 0.720116979402 0.47152699092 0.347120073406
10.0 1.42703410192 0.587256783452 0.337358555141 0.216219471544
10.0 0.517618266055 0.831127355789 0.583597478118 0.458620782261
10.0 1.5536419046 0.567039496769 0.316979734811 0.196953337832
10.0 1.54891819212 0.567758134123 0.317709116536 0.197639008613
10.0 1.64188480757 0.553816272948 0.303925320977 0.184437317881
10.0 0.82841264572 0.717433640316 0.46877391594 0.344450744382
10.0 1.72847760682 0.541634639132 0.291635580564 0.173108842345
10.0 1.33878320584 0.602403786831 0.352707230405 0.230875215585
10.0 0.958311789244 0.682442638772 0.43337818449 0.309563809029
10.0 0.569308531569 0.808037746322 0.560283865991 0.435391976153
10.0 0.9509221467 0.684278306366 0.435277755481 0.311389643703
10.0 1.62652780749 0.556076715163 0.306142320389 0.186555635486
10.0 1.99071928099 0.508093042928 0.25828546733 0.142475578264
10.0 0.523727128576 0.828286719221 0.580703721082 0.455776833681
10.0 1.70983514756 0.54418045314 0.294241544407 0.175473755037
10.0 1.9507912963 0.512849905595 0.263107261201 0.146735304395
10.0 1.74196548019 0.539811155548 0.289771756212 0.171413708798
10.0 1.09539427775 0.650354436716 0.401068526752 0.277760873931
10.0 1.52870814006 0.570848488447 0.320870060024 0.20058565252
10.0 1.84039873725 0.526757164313 0.276809891393 0.159323423857
10.0 1.81385802403 0.530240239088 0.280202063771 0.162529756472
10.0 1.24982705952 0.618893474617 0.369164340246 0.246902057063
10.0 1.51438264101 0.573061636162 0.323146333106 0.202691952797
10.0 1.06802935091 0.65647580131 0.407134913753 0.283785527382
10.0 0.909136878801 0.695121825708 0.446151754321 0.32215181221
10.0 1.08015041212 0.653741360731 0.40443838553 0.281084811007
10.0 0.86911273292 0.705885327317 0.457144377417 0.332889000963
10.0 1.29252787656 0.610843949813 0.361140795966 0.239023723126
10.0 0.82313840657 0.718958487955 0.470344831355 0.345969129753
10.0 1.726786137 0.541864158086 0.291870675167 0.17332233009
10.0 0.694750403422 0.759863109248 0.511629962122 0.386963399724
10.0 1.88048410089 0.521579508746 0.271776585344 0.154600476842
10.0 1.45034985467 0.583349010254 0.333521783271 0.21247143029
10.0 1.78847283809 0.533598328176 0.283510687128 0.165638846829
10.0 1.35120014197 0.600219956033 0.350465299233 0.228770036887
10.0 1.93380491508 0.514914756787 0.265184363015 0.148588005546
10.0 1.81539437771 0.530037735277 0.280004061215 0.162342774515
10.0 1.38762156663 0.593949046118 0.34402512802 0.222697218952
10.0 0.779127183286 0.732210079965 0.483695725661 0.359235596717
10.0 1.41828617274 0.588735901084 0.33881410357 0.217645931627
10.0 0.748143607335 0.742031002651 0.493557488257 0.369051379286
10.0 1.2574629354 0.617448337435 0.367696752141 0.245482568801
10.0 1.24211078515 0.620357923068 0.370664068302 0.248339090259
10.0 0.646435004453 0.777280922971 0.529244521816 0.404433148538
10.0 0.752349428663 0.740673399971 0.492203679498 0.367682392417
10.0 1.57999569899 0.563046769406 0.312979011406 0.193147468385
10.0 0.966309274985 0.680470300561 0.431347269203 0.307594239839
10.0 0.801916532318 0.725291993272 0.476676647501 0.352274221297
10.0 1.22990206478 0.622688613062 0.373067599466 0.250621038242
10.0 1.97950365929 0.509416991904 0.259629740832 0.143660416969
10.0 1.45761859954 0.582145075249 0.33233387881 0.211322765301
10.0 1.06022222468 0.658245257939 0.408890559429 0.285542407778
10.0 1.72994966361 0.541434937338 0.291431218775 0.172923249881
10.0 1.03293681265 0.664450289162 0.415215577296 0.291715804432
10.0 1.18141945765 0.632294711419 0.382802779894 0.25997859651
10.0 1.84710991643 0.525882162824 0.275960839649 0.158521710607
10.0 1.4765251978 0.579055875446 0.329254980364 0.208384012784
10.0 1.34428443584 0.601432346051 0.351712098037 0.229939245131
10.0 1.24314672593 0.620161033019 0.370461757167 0.248145919576
10.0 1.31807968473 0.606122676344 0.356469386543 0.234456889636
10.0 1.57999028502 0.563047587135 0.312979822022 0.193148222021
10.0 1.10215057858 0.648879681846 0.399577178917 0.276316681103
10.0 1.50647556059 0.574294192608 0.324413038364 0.203863560578
10.0 1.9810035688 0.509239529344 0.259449444296 0.143501493325
10.0 1.28660251612 0.611953699345 0.36223220064 0.240103775396
10.0 1.92071458987 0.516524957288 0.266793423247 0.150035245995
10.0 1.68863791412 0.547120865438 0.297237813127 0.178203946514
10.0 1.61980228403 0.557074589219 0.307117654172 0.187493688956
10.0 0.850596451722 0.711118737466 0.462326903356 0.338108581768
10.0 0.687475018449 0.76238887478 0.514224221019 0.389488157233
10.0 0.526708092311 0.82692575077 0.57929926231 0.454402147347
10.0 1.27589178251 0.613968268569 0.3642190655 0.242070510191
10.0 0.752650409426 0.740576150275 0.492107225567 0.367584685702
10.0 1.99689890211 0.507366984516 0.257548639056 0.141826178401
10.0 0.506680530947 0.836341615533 0.58879266236 0.4638820144
10.0 1.66337536989 0.550701619691 0.30084048164 0.181532081436
10.0 0.562858172944 0.810798239937 0.563087076013 0.438151791822
10.0 1.28910529335 0.611484465726 0.361770702228 0.239646709418
10.0 0.836813047231 0.715034641747 0.466293607305 0.34204808002
10.0 0.554720541302 0.814364496418 0.56661552613 0.441739132733
10.0 1.52641797408 0.571200819796 0.321232169397 0.200921211552
10.0 1.11846607925 0.645386369853 0.395990287902 0.272890334186
10.0 1.49410553895 0.576241895444 0.326406190267 0.205712952237
10.0 0.564955526104 0.809891272227 0.562177344562 0.437246264426
10.0 1.82170638828 0.529206618833 0.279192729425 0.161576237476
10.0 1.05957738998 0.658391510098 0.409036585618 0.285687938285
10.0 1.286416909 0.611988567252 0.362266440289 0.240137657473
10.0 1.09003243522 0.651537018663 0.402252650318 0.278919517187
10.0 1.60612968311 0.559114841559 0.309111456738 0.189418018552
10.0 1.82657217053 0.528567435241 0.278569701125 0.160987118118
10.0 1.88088017966 0.521528993903 0.271727203886 0.154554647999
10.0 1.028875318 0.665383298129 0.416180922844 0.29263944602
10.0 1.99180940368 0.507964799564 0.258155337359 0.142360811691
10.0 1.03358949303 0.664300727622 0.41506107346 0.291567610823
10.0 1.29155288492 0.611026227477 0.361320116727 0.239200982299
10.0 1.76965786309 0.536100864058 0.286011643022 0.167963424027
10.0 0.907088156454 0.695664720031 0.44669578937 0.322696678793
10.0 1.14266598109 0.640320444157 0.390778875281 0.267886477639
10.0 1.25861976486 0.617229553403 0.367475823916 0.245267701411
10.0 1.67714483119 0.54873911721 0.298873293738 0.179707040622
10.0 1.35252032779 0.599989604222 0.350227908151 0.228547742604
10.0 1.21576411312 0.625421797855 0.375886824436 0.253287390312
10.0 0.619264234237 0.787657334269 0.539737723196 0.414876235398
10.0 0.807234937269 0.723681369358 0.475087181728 0.350663123581
10.0 1.70355705272 0.545045717529 0.295125771939 0.176277364369
10.0 1.59239516116 0.561177066513 0.311133319776 0.191370952859
10.0 1.2344306674 0.621821436734 0.372172044865 0.249773029022
10.0 1.75036302726 0.538681976682 0.288621659151 0.170363435598
10.0 0.704343516822 0.756585331819 0.508261856999 0.383657280266
10.0 1.18785950874 0.630980685965 0.381501964569 0.258695933773
10.0 1.54319221971 0.568630743423 0.318598077285 0.198471579182
10.0 0.527790356489 0.826432078339 0.578793716352 0.453902466541
10.0 0.598280644731 0.796021739421 0.548133192958 0.42330287876
10.0 1.17238805606 0.634152070174 0.384633039794 0.261797694792
10.0 1.35079647312 0.600290533956 0.350537929195 0.228838116606
10.0 1.46317854768 0.581230260914 0.331426980435 0.210451204449
10.0 1.77191247773 0.535800292383 0.285709667378 0.167684052619
10.0 1.04821643721 0.660969359221 0.411635334589 0.288255238976
10.0 1.80083491367 0.531960388997 0.281890592449 0.164120497588
10.0 1.35656900665 0.599285079135 0.349501153805 0.227867312189
10.0 1.4916261649 0.576635364216 0.326806913041 0.206086405843
10.0 1.40772720466 0.590526936536 0.340587320482 0.219378128533
10.0 0.891094169581 0.699906945814 0.451029302732 0.326951280484
10.0 1.95373475608 0.512494859069 0.262748640661 0.146416969532
10.0 1.77478230964 0.535417819214 0.28532620561 0.167328801034
10.0 0.921084638249 0.69195794137 0.443018277897 0.318990854989
10.0 0.806307886896 0.723961434605 0.475363770195 0.350942806077
10.0 1.16320248257 0.636053202395 0.386507509991 0.263667292323
10.0 1.215165663 0.625538591337 0.376006680723 0.253401101332
10.0 1.60250413986 0.559658177553 0.309643285371 0.189931731523
10.0 0.607080352802 0.79251165785 0.544553577851 0.419749886833
10.0 1.40235300341 0.59144053521 0.341497984741 0.22026327928
10.0 1.03777779668 0.663343819283 0.414071600881 0.290617868311
10.0 0.753649204464 0.740253751954 0.491788031827 0.367260278341
10.0 0.958736808367 0.682337377371 0.433269515288 0.309459174763
10.0 0.761734153566 0.737651124779 0.489217894121 0.364654778935
10.0 1.21071028188 0.626411219711 0.37690074119 0.254250353534
10.0 1.57991328428 0.563059217545 0.312991351564 0.193159352411
10.0 1.41248884487 0.589718575295 0.339785289776 0.218595750753
10.0 1.87972874716 0.521675883471 0.271870740525 0.154687890906
10.0 1.54027183337 0.569076636945 0.319053523053 0.198896743223
10.0 1.81440049371 0.530168729203 0.280132102864 0.162463717892
10.0 1.19457302759 0.629622001204 0.380148022376 0.257372672543
10.0 0.532805679489 0.824138908055 0.576487657267 0.451576770636
10.0 0.843295296067 0.713193554712 0.464410772613 0.340195778987
10.0 1.21906844329 0.624778613212 0.375225293872 0.252660921866
10.0 1.14494501249 0.639846333289 0.390298126897 0.267416841623
10.0 1.71747061883 0.543133680248 0.293170458815 0.17450166089
10.0 1.0849148001 0.652675028896 0.403383877629 0.280036230403
10.0 1.46573408422 0.580811390052 0.331010465252 0.210052661119
10.0 1.59640249516 0.560574310276 0.310541175824 0.190799332615
10.0 1.53360213275 0.570097168565 0.320098798086 0.199869834786
10.0 1.37359799931 0.59634754359 0.346474596281 0.225024034009
10.0 1.56181620878 0.565798261091 0.315726668007 0.195769166179
10.0 0.870268038439 0.705563642201 0.456822198142 0.332570142674
10.0 1.38421294938 0.594531091762 0.344616509442 0.223261792576
10.0 1.03609287693 0.663728345502 0.414468878509 0.290999753046
10.0 1.51244539715 0.573362790627 0.323456079147 0.202978499767
10.0 0.517169344123 0.831339640738 0.583809560824 0.458833049854
10.0 1.88726263339 0.520717044231 0.270932812836 0.153818591443
10.0 0.846631929346 0.712245588048 0.463453763631 0.339241627594
10.0 0.740806980647 0.744394714629 0.495959388342 0.371438485138
10.0 1.99281315384 0.50784672468 0.258035523473 0.142255235105
10.0 0.802509562584 0.725112022869 0.476499132978 0.352093814266
10.0 1.61375221079 0.557975592417 0.307997967324 0.188342559411
10.0 1.41436861002 0.589399766043 0.339469757079 0.218287568908
10.0 1.06189891213 0.657864994677 0.408511852513 0.285164380433
10.0 1.12041797527 0.644974003892 0.395563837729 0.272484442125
10.0 0.966893165746 0.680326799187 0.43120022863 0.307450651725
10.0 0.774793548817 0.733541249539 0.485070072061 0.360565126933
10.0 1.41983350028 0.588473955547 0.338555826815 0.217392980024
10.0 1.85928869887 0.524302242155 0.274427329676 0.157077520495
10.0 1.06389080325 0.657413341004 0.408063125086 0.284715701434
10.0 0.894561494061 0.69898497469 0.450076890912 0.326028703432
10.0 0.856673370031 0.709391601304 0.460616200985 0.336377664554
10.0 0.667281977054 0.769640529343 0.521451560991 0.396767807777
10.0 1.62164764953 0.556800407857 0.306849712764 0.187235615018
10.0 1.96361765295 0.511307973056 0.261547970754 0.145353664773
10.0 1.61288041552 0.558105659864 0.308125065294 0.188465180695
10.0 0.86592244486 0.706778075733 0.458033536368 0.333774319406
10.0 0.744558801495 0.743186592766 0.494724292409 0.370218448668
10.0 1.56346734631 0.56554792872 0.315474908336 0.195530258966
10.0 0.523304537761 0.828480482883 0.580903709602 0.45597168875
10.0 1.12441115545 0.644133303057 0.394694278755 0.271656065993
10.0 1.38482103175 0.594427126746 0.34451085231 0.223161144148
10.0 0.951183045119 0.684213159839 0.435210409426 0.311325052536
10.0 1.26269640613 0.616458698057 0.366700295989 0.24451118827
10.0 1.49278021425 0.576452085936 0.326620268754 0.205912456028
10.0 0.518656425053 0.830638275959 0.583106735384 0.458131959055
10.0 0.579401147562 0.803813914024 0.555963519331 0.431121299806
10.0 1.22603973727 0.623430591677 0.373834661483 0.251346108444
10.0 0.804405739221 0.724537222866 0.4759316526 0.351518130762
10.0 0.829571346547 0.717100812247 0.468429616416 0.344118616464
10.0 1.90232335223 0.518816169122 0.269064324001 0.152099959227
10.0 1.68713856167 0.547330971525 0.29745071153 0.178399091535
10.0 1.95704661656 0.512096193496 0.262345695794 0.146059721231
10.0 1.95868899559 0.511898881128 0.262146072973 0.145882860439
10.0 0.787537672953 0.729652982408 0.481056955792 0.356666673897
10.0 0.655430086149 0.773928935527 0.525863706263 0.401087579603
10.0 1.46743853584 0.580532620457 0.330732899237 0.209787562788
10.0 0.780958396207 0.731651197171 0.483117314599 0.35867564107
10.0 0.701097394794 0.757692763483 0.509390444037 0.384777211939
10.0 1.12865444922 0.64324329413 0.393774758993 0.270777944556
10.0 0.66067567211 0.772021704883 0.523894553267 0.399174163882
10.0 1.14536723914 0.639758476163 0.390209233983 0.267329869897
10.0 1.06176276132 0.657895944015 0.408542619217 0.285195061436
10.0 1.25062523705 0.618742370385 0.369010326597 0.246753572297
10.0 0.943431165686 0.686162537536 0.437216984598 0.313255661335
10.0 1.74610601793 0.539253836848 0.289203675512 0.17089547454
10.0 1.375402325 0.596038131848 0.346157023932 0.224723964719
10.0 1.48861933351 0.577114089752 0.327293348412 0.206540626141
10.0 0.595585333251 0.797103143335 0.549250451979 0.424389566766
10.0 1.25915928812 0.617127433365 0.367372915907 0.245167514607
10.0 0.844443480529 0.712867361652 0.464080537456 0.339867327571
10.0 1.1862255514 0.63131306543 0.381831605792 0.259020110038
10.0 1.03690482449 0.663543049647 0.414277380443 0.290815700913
10.0 0.576137691939 0.805179265401 0.557340917033 0.432505956282
10.0 1.04762654008 0.661103342143 0.411771777923 0.288388632921
10.0 0.711304825687 0.754205273353 0.505880956262 0.381253247882
10.0 1.73361130514 0.540939024631 0.290923861712 0.172462344849
10.0 1.60797818246 0.55883821684 0.308840994955 0.189156608989
10.0 1.95718416362 0.512079654434 0.262328972085 0.146044935493
10.0 0.801922758309 0.725290232462 0.476674860876 0.352272285216
10.0 0.574653142518 0.805798965527 0.557974485569 0.433134124432
10.0 0.680616134605 0.764826898655 0.516666764448 0.391919171636
10.0 0.828016602985 0.717547251753 0.468891602864 0.344564371644
10.0 0.681815543462 0.764396865378 0.516240284253 0.391489936282
10.0 1.59139675836 0.561327363245 0.31128112988 0.191513573489
10.0 1.52684868935 0.571134497087 0.321163942775 0.200858028946
10.0 0.563338610699 0.810589570808 0.562878779613 0.437943762692
10.0 0.589298871671 0.799670974517 0.551860361186 0.426955737575
10.0 1.99693773495 0.507362429458 0.257544019697 0.141822104006
10.0 1.97684710623 0.509731697059 0.259949478013 0.143942158013
10.0 0.575999114032 0.805236953581 0.557399825407 0.432564565435
10.0 0.793314456314 0.727902697803 0.479277577394 0.354901112221
10.0 1.22286153077 0.624043774187 0.374467675916 0.251944542558
10.0 1.09503142796 0.650434123311 0.401148628138 0.277838940444
10.0 0.630502950823 0.783337048806 0.535302105323 0.410542775556
10.0 1.44938201837 0.583509898891 0.333680071065 0.212625141503
10.0 0.582350174659 0.802576076562 0.554734526036 0.429869676583
10.0 0.780304752173 0.731850308265 0.483323539405 0.358875399543
10.0 1.65867490405 0.551377492299 0.301513581248 0.18216154543
10.0 0.822296838882 0.719203572707 0.47059592378 0.346212975472
10.0 1.23525593549 0.62166378232 0.372009200167 0.249618719157
10.0 1.71571035342 0.54337458902 0.293416965677 0.174725295446
10.0 0.79053780668 0.728744123996 0.480129162552 0.355750102343
10.0 1.73891145225 0.540222873316 0.290192029282 0.171796517958
10.0 1.01178452312 0.669377176604 0.420274470669 0.296576586827
10.0 1.32763666963 0.604393250464 0.354730320972 0.232790909237
10.0 1.74777736369 0.539029148517 0.288974875485 0.170686483485
10.0 0.775023479267 0.733470220409 0.484996987977 0.360494275948
10.0 1.86336891104 0.523775205534 0.273915405299 0.156596949268
10.0 1.10897184143 0.647407926984 0.398073913485 0.274875040026
10.0 1.63260622237 0.555178899513 0.305263261598 0.185713128214
10.0 0.68716468322 0.762498026366 0.514334837195 0.389596860504
10.0 1.81620554554 0.529930891507 0.27989957912 0.162244112884
10.0 1.33055963915 0.603868628105 0.354199068063 0.232285811558
10.0 1.08398213942 0.652883290197 0.403589994705 0.280240815572
10.0 1.97133191065 0.510387310892 0.260614542291 0.144529120934
10.0 0.768770495348 0.735417607114 0.486984388307 0.362432416958
10.0 0.503925244121 0.837650914483 0.590140243882 0.465206894604
10.0 0.955441451302 0.683153492674 0.434113755004 0.310271844452
10.0 0.728099078296 0.748527807833 0.500220907148 0.375581744197
10.0 0.702437675506 0.757235547848 0.508922889944 0.384315014949
10.0 1.23698174457 0.621334481013 0.371669413245 0.249296218127
10.0 0.823048783097 0.718984663034 0.470371620761 0.345995136564
10.0 0.521428451566 0.829345134272 0.58179360682 0.456839250594
10.0 0.86422132894 0.707256222246 0.458507856074 0.334249335222
10.0 1.69733468951 0.545907810754 0.29600494452 0.177077816576
10.0 0.772126491464 0.73436794594 0.485917659304 0.361388556741
10.0 0.955929581662 0.683032576591 0.433988438567 0.310151401093
10.0 1.61497333505 0.557793506813 0.307820027193 0.188170795499
10.0 1.0173533244 0.668061699702 0.418937680913 0.295282069731
10.0 1.6738930018 0.549200235139 0.299337178478 0.180135584833
10.0 1.48136539229 0.578275334119 0.32846912032 0.207643085619
10.0 0.684864394945 0.763310308934 0.515154868293 0.390406428415
10.0 1.98388261845 0.508899030657 0.259103811308 0.143196867455
10.0 1.29404158993 0.610561056074 0.360862723452 0.238748944465
10.0 1.67210497213 0.549454323152 0.299592544975 0.18037185668
10.0 1.24340031068 0.620112852029 0.370412290351 0.24809873649
10.0 1.74431493158 0.539494839209 0.289449167755 0.171119502211
10.0 0.591673492888 0.79869244871 0.550875839457 0.425979068231
10.0 1.21758966486 0.62506610022 0.375521315875 0.252940980241
10.0 1.80075114313 0.531971399692 0.281901512213 0.16413068047
10.0 1.65655595716 0.551683082061 0.301817389974 0.18244633486
10.0 0.697977224898 0.758757752902 0.51048678369 0.385852041781
10.0 1.34568677188 0.601185699751 0.351458901883 0.229701540133
10.0 1.22475698566 0.623677831496 0.374090044033 0.251587434227
10.0 1.59792097579 0.560346123351 0.310317304787 0.190583099831
10.0 1.37678819487 0.595800746938 0.345913614414 0.224493707945
10.0 0.969271180726 0.679741623992 0.430603171321 0.30686521804
10.0 1.24677050558 0.619473206807 0.369756530683 0.247470970955
10.0 1.2115840037 0.626239629435 0.376725269319 0.254083395444
10.0 1.76885821448 0.536207479761 0.286118897426 0.168062572828
10.0 1.32634506702 0.604625834047 0.354965190943 0.233014767291
10.0 1.16358058572 0.635974818662 0.38643013349 0.263590002602
10.0 1.66870630687 0.549938612595 0.300077989675 0.180822236376
10.0 1.31207398969 0.607220561131 0.357564146159 0.235515812862
10.0 1.84396031058 0.526292498557 0.276358913143 0.158897475459
10.0 1.83229411312 0.527816932018 0.277839555244 0.160296782008
10.0 1.27201227578 0.614699841343 0.36494421156 0.242786589846
10.0 1.9726048241 0.510235876167 0.260460853136 0.144393500235
10.0 0.559973591609 0.812057398171 0.564335267957 0.439412457882
10.0 1.5572710808 0.566488099375 0.316422057342 0.196427232665
10.0 0.969248898658 0.679747061347 0.430608806529 0.306870702193
10.0 1.81793637636 0.529702836668 0.279676851026 0.162033751336
10.0 1.2205749303 0.624486301814 0.374924036648 0.252376073824
10.0 1.88859459772 0.520548122294 0.270767284462 0.153665623794
10.0 1.82793871252 0.528388100171 0.278395096975 0.160821959092
10.0 1.68833166628 0.547163754621 0.29728130522 0.178243766873
10.0 0.887631638029 0.700831115148 0.45198608361 0.327874042838
10.0 1.83077137854 0.528016569025 0.2780335781 0.160480206391
10.0 1.1099708114 0.64719370985 0.397854147041 0.274665272805
10.0 1.30223108653 0.609036781211 0.359361861421 0.237270847744
10.0 1.52814472995 0.570935098018 0.320959016371 0.200668167196
10.0 1.0848463729 0.652690300044 0.403398800179 0.280051082491
10.0 1.25230677344 0.618423851563 0.368685985762 0.246440806505
10.0 1.49707221071 0.575772584251 0.325927121124 0.205267370032
10.0 1.6938088186 0.546398518153 0.296504237977 0.177533300522
10.0 1.46026155368 0.581709505137 0.331902612643 0.210907682021
10.0 1.63892873731 0.554249422767 0.304351107475 0.18484232127
10.0 1.93798656595 0.514403927787 0.26467186063 0.148129322292
10.0 1.55379178492 0.567016697925 0.316956645455 0.196931535991
10.0 1.24962847373 0.618931136811 0.369202952996 0.246938973788
10.0 1.83514057864 0.527444290559 0.277477322277 0.159954290921
10.0 1.42189918449 0.588124444359 0.338211598209 0.217055709265
10.0 1.66423056525 0.550578962276 0.300718018625 0.181417919337
10.0 1.66451365874 0.550538380981 0.300677574951 0.181380152653
10.0 1.11178368801 0.64680633785 0.397455489884 0.274285006633
10.0 1.17856378537 0.632880395969 0.383380603177 0.26055141301
10.0 0.568632778478 0.808323165771 0.560577589866 0.435678162822
10.0 1.95887942341 0.51187601501 0.26212293766 0.14586239894
10.0 1.80691279297 0.531156736162 0.28110042922 0.163376881143
10.0 1.66093582907 0.551051981284 0.301189683553 0.181858313387
10.0 0.98850088253 0.675014497131 0.425876959572 0.302144689267
10.0 1.9073551416 0.51818592641 0.268441831954 0.151531343437
10.0 0.776569802312 0.732994098893 0.484505998205 0.360019225287
10.0 1.85260135732 0.525168615809 0.275268311637 0.15786869139
10.0 1.04869520738 0.660860741053 0.411524841983 0.288146898385
10.0 1.69565189683 0.54614178874 0.296243127303 0.177295036061
10.0 0.948050375178 0.684997429875 0.43602023998 0.312102636852
10.0 0.587925944344 0.800240897448 0.552428488263 0.427525214828
10.0 1.30718518441 0.608120077777 0.358456502844 0.236384503586
10.0 1.5494516434 0.567676923606 0.317626570918 0.197561492047
10.0 0.735591239951 0.746078792172 0.49769783719 0.373133289384
10.0 1.77258571614 0.535710515268 0.285619618671 0.167600690205
10.0 1.8780616615 0.521888764652 0.27207859424 0.154881073996
10.0 1.70277150949 0.545154303622 0.295236606686 0.17637818528
10.0 0.540806721765 0.820487147373 0.572867512965 0.447911651412
10.0 0.810788397264 0.722610964137 0.474028256598 0.349596871532
10.0 1.07399382635 0.655127568678 0.405804755401 0.282451370504
10.0 1.72121345688 0.542622610294 0.29264720731 0.174027006431
10.0 1.70094044131 0.545407661034 0.295495053194 0.176613450081
10.0 1.03368320851 0.664279401962 0.415038719144 0.29154633683
10.0 0.67882743527 0.765470259947 0.517302852867 0.39256270521
10.0 0.596628066152 0.796683763769 0.548817718722 0.423968964978
10.0 1.30283227985 0.608925292619 0.359251972261 0.237163094002
10.0 1.48474611828 0.577733077336 0.32792075082 0.207128014609
10.0 1.75843130413 0.537600550282 0.287524692505 0.169357894139
10.0 1.88785583131 0.520641765556 0.270859117135 0.153750410094
10.0 1.53928338577 0.569227809041 0.319207977656 0.199040717866
10.0 0.803804549574 0.724719323533 0.476111516526 0.35170041342
10.0 0.631171310301 0.783083628598 0.535041385675 0.410286289923
10.0 1.90043872901 0.519052791833 0.269297711625 0.152313577294
10.0 1.98631303125 0.508612124229 0.258812412879 0.14294012511
10.0 1.42323439652 0.587898823162 0.337989431334 0.216838091096
10.0 1.15511570082 0.637731862812 0.38817398909 0.265324494389
10.0 0.603068470217 0.794112780923 0.546169455841 0.421372733023
10.0 1.31464952384 0.606748858843 0.357094704618 0.235060544159
10.0 1.23158233509 0.622366593205 0.372734811214 0.250306132597
10.0 0.515211705665 0.832270211549 0.584731887831 0.459765120984
10.0 0.787812152805 0.72956973432 0.480971805601 0.356582820707
10.0 0.949148621498 0.684722102219 0.435736116774 0.311829855557
10.0 1.45873973415 0.581960187256 0.33215090088 0.211146516654
10.0 1.25187294914 0.618506009334 0.368769602706 0.246521427234
10.0 0.773142958285 0.734052122852 0.485594592813 0.361074158133
10.0 0.79598788891 0.727091600563 0.478463373931 0.354083491145
10.0 0.865363980304 0.706934886155 0.458189279558 0.333930027068
10.0 0.759771267808 0.738280501623 0.489840576078 0.365282897596
10.0 0.770600399683 0.734843975963 0.486402719065 0.361862134293
10.0 1.84178245457 0.52657643362 0.276634607151 0.159157806541
10.0 1.43063182747 0.586650197217 0.336762990046 0.215635570073
10.0 0.651074260054 0.775538224432 0.527503371544 0.402693921046
10.0 1.25150345082 0.618575992688 0.36884077815 0.246590092906
10.0 1.672046318 0.549462668622 0.299600920246 0.180379612891
10.0 0.685252423406 0.763172708842 0.515016802392 0.390269521607
10.0 0.558949421974 0.812506962309 0.564778390172 0.439863711819
10.0 1.08301423836 0.653099688411 0.403804181488 0.280453531771
10.0 0.693679731711 0.760231450158 0.512010806083 0.387333013619
10.0 0.641272943671 0.779242941121 0.531181031459 0.406401041575
10.0 1.06430708447 0.657319159445 0.407969613228 0.284622011627
10.0 0.61292864273 0.790170359203 0.542236462001 0.417388999302
10.0 1.94426007252 0.513640667609 0.263904427439 0.147444397715
10.0 0.904939446217 0.696234030209 0.447268758122 0.323268222144
10.0 0.835608694061 0.715377295823 0.466646766507 0.34239213387
10.0 1.64994721543 0.552640531832 0.302765859195 0.183339073394
10.0 0.950777043 0.684314570701 0.435315241799 0.311425656409
10.0 1.28573275461 0.612116938582 0.362392722503 0.240262660488
10.0 0.920323356541 0.692158986173 0.443216380443 0.319191003688
10.0 0.655376563702 0.773948425411 0.525883989537 0.401107148066
10.0 0.532640614601 0.82421493542 0.576562790626 0.451653555733
10.0 0.947650232993 0.685098070559 0.436123727966 0.312202271932
10.0 1.79658504116 0.532522802895 0.282445547914 0.164641663355
10.0 0.701398574654 0.757590001718 0.509285138817 0.384673337728
10.0 0.826614505433 0.717951198275 0.46930889192 0.34496703606
10.0 1.09892117641 0.649582252516 0.40028980357 0.277004821118
10.0 1.64440891245 0.553447150792 0.303561997785 0.184092458782
10.0 1.64142921154 0.553882945398 0.303990783079 0.184499657948
10.0 0.907429217378 0.695574184313 0.446605012679 0.322605915512
10.0 1.98348517371 0.508945982477 0.259151490782 0.143238887802
10.0 0.518312273216 0.830800161605 0.583269681214 0.458293857728
10.0 1.41304528031 0.58962417868 0.339691823 0.218504438215
10.0 1.17989388782 0.632607400433 0.383111356833 0.26028430467
10.0 1.61516013783 0.557765664026 0.307792818619 0.188144547086
10.0 1.1238922179 0.644242375625 0.394807098231 0.271763527845
10.0 0.858257459265 0.708942104761 0.46017270671 0.335928533524
10.0 0.510025690596 0.834750064187 0.587183007617 0.462266270601
10.0 0.934556948236 0.688434129698 0.439520025665 0.315499499871
10.0 0.76711422795 0.735939518809 0.487510692227 0.362951224708
10.0 0.80645259452 0.723917820559 0.475320488388 0.350899097226
10.0 1.16450703959 0.635782653484 0.38624032151 0.263400778167
10.0 0.896230079968 0.698542120094 0.449620995229 0.325584829089
10.0 1.00538549276 0.670906476736 0.421811266411 0.298081875129
10.0 1.39952731661 0.591920730529 0.341979124275 0.220729158683
10.0 1.50770706975 0.574101688075 0.324215347704 0.203680759363
10.0 0.955324902552 0.683182427535 0.434143856326 0.310300630271
10.0 1.64866954143 0.552826348045 0.30294942144 0.183512581787
10.0 1.33421942636 0.603214829612 0.353534756907 0.231656308272
10.0 1.5235436799 0.571643696806 0.321687596284 0.201342973686
10.0 0.859611979381 0.708558206647 0.459793941368 0.335545353897
10.0 0.508259678286 0.835591220518 0.588028906558 0.463120480482
10.0 0.944518740164 0.68588732782 0.436935046562 0.312983406776
10.0 1.36860191873 0.597205769146 0.347357095445 0.22585574117
10.0 0.677182243381 0.766063861547 0.517888195922 0.39315776586
10.0 0.687554470805 0.762360904294 0.514195860974 0.38946027456
10.0 0.85453178911 0.709999955394 0.461217214862 0.336986338437
10.0 0.593991807703 0.797747360064 0.549912740815 0.425035009801
10.0 0.999880872781 0.672236020315 0.423133923654 0.299392699116
10.0 0.986906031735 0.675405899566 0.426263337562 0.302533989865
10.0 1.56022216271 0.566040146366 0.31597016308 0.195999706936
10.0 1.07401361116 0.655123026831 0.40580035541 0.282446920097
10.0 1.73183597711 0.541179331078 0.291169674821 0.17268564903
10.0 1.1614155527 0.636423727679 0.38687426939 0.264032710766
10.0 0.966416197403 0.680444127636 0.43132039644 0.307567976004
10.0 1.50500077005 0.574525192558 0.324650062435 0.204082924726
10.0 1.33080481474 0.603824701775 0.354154470373 0.232243565125
10.0 0.666693814104 0.76985239072 0.521666757781 0.396982554204
10.0 0.648025523921 0.776680415064 0.528648169106 0.403833263538
10.0 0.93290859038 0.688860869433 0.43994775631 0.315921129454
10.0 0.738273804365 0.745211322245 0.496801044296 0.372261541333
10.0 1.81203988812 0.530479999911 0.280436791779 0.162751226377
10.0 1.95739196858 0.512054745471 0.262303708593 0.146022567152
10.0 0.915492891062 0.693437184247 0.444478154399 0.320465385499
10.0 1.43903177508 0.585238391753 0.335378039521 0.214279751605
10.0 0.577922607625 0.804433072646 0.556585000599 0.431749124274
10.0 1.53839466215 0.569363662793 0.319346988909 0.199170428484
10.0 1.13156265691 0.642634978096 0.393147578842 0.270177071591
10.0 1.5662256107 0.56512973406 0.315055396346 0.195131653043
10.0 1.21243723499 0.626072292012 0.376553887856 0.253920570138
10.0 0.537415348015 0.82202565144 0.574402644156 0.449449864215
10.0 0.598711027803 0.795849599948 0.547955456183 0.423129522124
10.0 0.901426797096 0.697164742592 0.448211740463 0.324202583118
10.0 0.59823694347 0.796039229816 0.54815110474 0.423320289797
10.0 1.59061527865 0.561445037255 0.311396979676 0.191625217681
10.0 1.58027981849 0.563003769044 0.312936477254 0.193106664887
10.0 1.71017432668 0.544133769542 0.294193883946 0.175430467158
10.0 1.40702908973 0.590645524119 0.340705447512 0.219492974658
10.0 0.953728383748 0.683578991624 0.434554287573 0.310695074123
10.0 1.18364968842 0.631838329493 0.382351905578 0.25953300164
10.0 1.80333046638 0.531630206775 0.281565636042 0.163814862
10.0 1.42837481176 0.587030660516 0.337136425484 0.216001675669
10.0 1.70158965685 0.545318008691 0.295403361781 0.176529994337
10.0 0.899411270232 0.697698883797 0.448756202576 0.324738711687
10.0 1.31180483374 0.60727002414 0.357613283554 0.235563434117
10.0 1.1526872259 0.638236498067 0.388678068588 0.265823387402
10.0 0.992145609979 0.674121235125 0.424996102492 0.3012578111
10.0 0.648512179776 0.776497358291 0.528465573706 0.40365048573
10.0 1.42550203127 0.587515592801 0.337612691522 0.216468639996
10.0 0.883595196338 0.701915110537 0.453106536039 0.328953140333
10.0 0.759930219485 0.738229565855 0.4897899352 0.365231871388
10.0 1.13572803351 0.641765737381 0.392254023514 0.269317220645
10.0 0.712903670772 0.753657891526 0.505340051687 0.380702673027
10.0 0.553256461821 0.815006372794 0.567258172246 0.442389735911
10.0 1.54506572194 0.568345063699 0.318306614788 0.198198916939
10.0 1.51079707349 0.573619472316 0.323719944666 0.203222504652
10.0 1.13922956264 0.641035971876 0.391507414943 0.268594898337
10.0 1.81537639425 0.530040104972 0.280006378287 0.162344962313
10.0 1.19903789376 0.628725848546 0.379248561174 0.256500839059
10.0 1.10403720381 0.648470789002 0.399161133403 0.275916397251
10.0 1.80371825843 0.531578865609 0.281515201687 0.163767403849
10.0 1.50923409827 0.573863222798 0.323970411269 0.203454154461
10.0 1.07168067701 0.655649818886 0.406319676438 0.282967744378
10.0 1.82808066026 0.52836947436 0.278376849612 0.160804734609
10.0 1.92605172065 0.51586641833 0.266136425252 0.149442987461
10.0 1.37301965117 0.59644677793 0.346576411391 0.225120134667
10.0 1.81650293501 0.529891613961 0.279861289881 0.162207952446
10.0 0.605535354835 0.793128845894 0.545172665051 0.420375527387
10.0 1.59908162465 0.560171793311 0.310146377683 0.19041794002
10.0 1.33329073142 0.603380520717 0.353703247332 0.231815824274
10.0 1.84447554145 0.526225367657 0.276293749005 0.158835901116
10.0 1.76547213165 0.536659394903 0.286573945905 0.168482725671
10.0 1.90598693948 0.518357065152 0.268610955998 0.151685649984
10.0 0.891101871527 0.699904824017 0.451027180499 0.326949206807
10.0 1.42227149658 0.5880617029 0.338149623042 0.216994969785
10.0 1.23069349592 0.622536928555 0.37291077983 0.250472663802
10.0 0.818018267928 0.720458418803 0.47187264551 0.347458907019
10.0 1.63141128076 0.555355098866 0.305435886009 0.185878323554
10.0 0.734592307831 0.746402630767 0.49803328818 0.373458146851
10.0 1.64723060444 0.553035715666 0.303156231317 0.183708110846
10.0 0.530793332764 0.825061458809 0.577406328636 0.452510959534
10.0 1.99688689323 0.507368393165 0.257550067615 0.141827438406
10.0 0.614886763816 0.78938872429 0.541464949716 0.416605665916
10.0 0.894715597011 0.698944006755 0.450034799146 0.325987811031
10.0 1.7386425813 0.54025926171 0.290229079747 0.171830251522
10.0 1.62175641787 0.556784257297 0.306833967921 0.187220423405
10.0 0.78217847387 0.731279797344 0.482732846296 0.358303063592
10.0 0.575521115603 0.805436762834 0.557603500844 0.432766861505
10.0 1.24228812439 0.620324210855 0.370629336843 0.248305953792
10.0 1.47862416506 0.578716966738 0.328914056015 0.208062124925
10.0 0.631248802316 0.783054289597 0.535011146097 0.41025643596
10.0 1.53437665422 0.569978471562 0.319977076541 0.199756691493
10.0 1.9120045787 0.517605823066 0.267867385153 0.151008497741
10.0 0.723345609242 0.750110915587 0.501824320851 0.377157557238
10.0 1.11093162472 0.646988422686 0.397642831867 0.274463611108
10.0 1.55396659212 0.566990125661 0.316929841875 0.196906148656
10.0 1.62293424302 0.556609304779 0.306663103123 0.187056107329
10.0 1.25727757468 0.617483399043 0.367732162416 0.245516895542
10.0 1.61346761132 0.558018044365 0.30803945153 0.188382602237
10.0 1.40161254344 0.591566182095 0.341623821043 0.220385330135
10.0 1.58357523196 0.562506327186 0.312443827669 0.192633449882
10.0 1.45512163611 0.582557820483 0.332741716673 0.211716194761
10.0 1.76716986325 0.53643275648 0.286345612633 0.168271991897
10.0 0.763956903752 0.736941306987 0.488512819757 0.363947579258
10.0 1.84894365603 0.525643496688 0.275729315001 0.158303375116
10.0 0.629028240379 0.783897066868 0.535879379491 0.411108019512
10.0 1.52482187204 0.571446617257 0.321484914707 0.201155321471
10.0 0.543603297831 0.819237467892 0.571597009988 0.446662132568
10.0 0.919751362178 0.692310048207 0.443365587094 0.319341427022
10.0 0.641655751069 0.779097008651 0.531036964839 0.406254497749
10.0 1.34933313343 0.60054640417 0.350801385418 0.229084992829
10.0 1.71066444932 0.544066438098 0.294125006083 0.175367990594
10.0 0.898574529484 0.697920693881 0.448983025259 0.32496137742
10.0 1.61866603555 0.557243565349 0.307282763867 0.187652646386
10.0 1.63944361881 0.554173917763 0.304276818236 0.184771677804
10.0 0.657004956173 0.77335328823 0.525271046604 0.400511549669
10.0 1.53832722046 0.569373884829 0.31935757561 0.199180254803
10.0 0.522817846175 0.828704012599 0.581134531418 0.456196376482
10.0 0.52020731496 0.829912116255 0.582372626929 0.457406834921
10.0 1.90461225272 0.518529099611 0.26878105333 0.151840897944
10.0 1.3913607261 0.59331147328 0.343379186441 0.222078463569
10.0 0.724153010469 0.749840334688 0.501551925679 0.376888252538
10.0 1.84375832881 0.526318832349 0.276384452802 0.158921601751
10.0 0.848235085224 0.711789984174 0.462996913706 0.338783278134
10.0 1.44942570825 0.583502633147 0.333672919815 0.212618198904
10.0 1.29234780034 0.610877570364 0.361173899862 0.239056470925
10.0 1.31233398161 0.607172876785 0.357516820664 0.235469782911
10.0 0.777587801278 0.732681368946 0.484183306928 0.359706929297
10.0 1.50890978231 0.573913786989 0.324022413455 0.203502257956
10.0 1.30983969929 0.607631128525 0.357971860816 0.235912040733
10.0 1.78885256175 0.533547938292 0.283460659342 0.165592099159
10.0 1.40622198463 0.590782689502 0.340841801162 0.219625822295
10.0 1.999889695 0.507016459929 0.257192935866 0.141512742667
10.0 1.02440773232 0.666415563559 0.417247532643 0.293659502335
10.0 1.40082753123 0.591699617673 0.34175748458 0.220514705365
10.0 0.841737248353 0.713635889094 0.464860400138 0.340641230087
10.0 0.982458887808 0.676498624894 0.427345152883 0.303622591821
10.0 1.83262097913 0.527774185235 0.277797932094 0.160257446579
10.0 0.827385866076 0.717728827834 0.469079354481 0.344745419396
10.0 1.59531393446 0.560737931219 0.310701834825 0.190954438333
10.0 0.850092671477 0.711262105552 0.462469661998 0.338252574998
10.0 1.40058674003 0.591740612938 0.341798501509 0.22055443718
10.0 1.4431744478 0.584544937082 0.334697507679 0.213615141036
10.0 1.23239869908 0.622210324983 0.37257333639 0.250153248546
10.0 1.08181037862 0.65336933422 0.404070756392 0.28071846746
10.0 1.81928870086 0.529524817768 0.279503069126 0.161869575089
10.0 1.16518501902 0.635642114661 0.386101618266 0.263262400418
10.0 1.18823220476 0.630904876877 0.381426763668 0.258622107819
10.0 1.20647559255 0.627246268512 0.377751634158 0.25506224173
10.0 1.24496799185 0.619815275783 0.370106981572 0.247806603488
10.0 0.86961759369 0.705744551584 0.457003489333 0.332749581957
10.0 1.91792085807 0.51687088583 0.267137556696 0.150346588669
10.0 0.973642866224 0.678666504087 0.429513780929 0.305789327737
10.0 0.999713370901 0.672276738987 0.423174202555 0.29943290502
10.0 1.54870862136 0.567790042385 0.317741558239 0.197669440299
10.0 1.16788894444 0.635082102992 0.385549073573 0.262711359852
10.0 0.560524351448 0.811816172703 0.564097096336 0.439170523086
10.0 1.26395724899 0.616220352476 0.366461306039 0.244277286378
10.0 1.00655992268 0.670624522027 0.421529171301 0.297804107674
10.0 0.56963427599 0.807900328159 0.560142329033 0.435254024031
10.0 1.82526551053 0.528738956356 0.278736802264 0.161145083702
10.0 1.14545353616 0.639740539679 0.390191113298 0.267312095003
10.0 1.43536361414 0.585853878201 0.335981949613 0.21487059065
10.0 1.10241460234 0.648822303291 0.399518903685 0.276260611457
10.0 1.05904377364 0.658512544573 0.409157340591 0.285808379674
10.0 1.13968315877 0.640941500083 0.391410984858 0.268501369984
10.0 0.918207084927 0.692718671083 0.44376848201 0.319748467908
10.0 0.616439486844 0.788771766752 0.540852991104 0.415988643099
10.0 1.41662464158 0.58901730079 0.33909187012 0.217917947537
10.0 1.34252670286 0.601742008098 0.352029671551 0.230237694005
10.0 1.18777237206 0.630998408755 0.381519547657 0.258713201986
10.0 1.93246824959 0.515078390069 0.265348429996 0.148735080657
10.0 0.793736839227 0.72777458826 0.479148510823 0.35477175844
10.0 1.10356838382 0.648572306029 0.39926451794 0.276015732442
10.0 1.90849832851 0.518043106674 0.26830052049 0.151402523628
10.0 0.905475213661 0.696092302389 0.447125597774 0.323125741104
10.0 1.07519927485 0.654855571568 0.405536794574 0.282182921864
10.0 1.56059586566 0.565983391256 0.315913033107 0.195945614222
10.0 1.13724355999 0.641449838305 0.391930392654 0.269004475798
10.0 0.557573065884 0.81311132788 0.56537422798 0.440472512183
10.0 1.22104579247 0.624395105897 0.374830032646 0.252287116549
10.0 1.72027212895 0.54275101277 0.292778669128 0.174146281457
10.0 1.33999696827 0.602188901696 0.352487567927 0.230668220227
10.0 0.712222597993 0.753891052177 0.505570252711 0.38093711588
10.0 0.937713595196 0.687621030708 0.438700701495 0.314696358675
10.0 1.49323911909 0.576379270944 0.326546205742 0.205843344622
10.0 1.32212859831 0.605387459258 0.355732350972 0.233748406001
10.0 1.75817021436 0.537635400336 0.287560068517 0.169390391544
10.0 1.01677271321 0.66819825798 0.419077007625 0.295416434853
