5.0 1.45749032371 0.861273348484 0.360744853215 0.14244131194
5.0 0.848991475151 1.10126428644 0.610838574594 0.365914124175
5.0 1.52158561281 0.842571873658 0.341155333789 0.127111050853
5.0 1.08744671145 0.99098510817 0.495272450832 0.258184136892
5.0 1.10965915878 0.98189782784 0.486008668796 0.249607125238
5.0 1.94620683028 0.73412392957 0.232866652474 0.0497823364298
5.0 1.29893889656 0.912321268869 0.413285149646 0.185889091263
5.0 1.32825044634 0.902356279495 0.403199251666 0.177095252376
5.0 1.09483430768 0.987946643526 0.492173303262 0.255299575139
5.0 1.65870908372 0.804499825286 0.30294797735 0.0972870144334
5.0 1.33024165463 0.901686094936 0.402521493963 0.17651052189
5.0 0.555416098248 1.29361296654 0.810865834278 0.561208119099
5.0 1.73844917572 0.783572809976 0.282306720365 0.0821719095956
5.0 0.959132184946 1.04672239866 0.553817602328 0.31194404248
5.0 0.684724856744 1.19827658997 0.711839079289 0.463828674465
5.0 1.93745867926 0.73608830532 0.234799416257 0.0509912950353
5.0 1.82857343495 0.76129787231 0.260007992603 0.0670661473693
5.0 0.662754180521 1.21313151845 0.727308493447 0.47876405225
5.0 1.12419176685 0.976045825137 0.480021543238 0.244158549333
5.0 1.07189864737 0.99742307751 0.501869122158 0.264347997019
5.0 0.97059990148 1.04136027235 0.548275827897 0.30678624289
5.0 0.82098712421 1.11650285052 0.62650373853 0.380969757705
5.0 0.849131141076 1.1011900355 0.610761020824 0.365841280372
5.0 0.593225803195 1.26364478905 0.779616260229 0.53036584087
5.0 1.1943521743 0.949195492529 0.451824616202 0.219515169307
5.0 1.26010374917 0.925760190956 0.427056555366 0.198019883393
5.0 1.18827635142 0.951428764938 0.454207878963 0.221562283436
5.0 1.03948347552 1.0110093597 0.516052400109 0.277517437021
5.0 1.50483298662 0.847385643846 0.346159099286 0.131034054952
5.0 1.44915044022 0.86377333168 0.363378861573 0.144505715575
5.0 1.83358045756 0.760101883077 0.258804102597 0.0662802293531
5.0 1.06255665089 1.00131539784 0.505891307589 0.268104519702
5.0 0.517006544261 1.3264505894 0.84480758138 0.59501050948
5.0 1.88265477748 0.748582473644 0.247226167008 0.0588298551949
5.0 1.50940433067 0.846067643006 0.344785460296 0.129957902766
5.0 0.809955181069 1.12263880504 0.632771536155 0.38713950475
5.0 0.935702266897 1.05791192398 0.56525722234 0.322834085888
5.0 0.837405927115 1.10749035942 0.617290266917 0.372032758934
5.0 0.627246577794 1.2381672598 0.75315956248 0.504498331092
5.0 1.06555535072 1.0000642246 0.50459497015 0.266894786225
5.0 1.5775459646 0.826765999294 0.325024261973 0.11441836697
5.0 1.35145906486 0.894607838343 0.395348191011 0.170386487121
5.0 1.3427333636 0.897504120946 0.398287897499 0.17288161496
5.0 1.49796705409 0.849372027318 0.348234033166 0.132658274803
5.0 1.75594933377 0.779131728309 0.277889217901 0.079084869091
5.0 1.4424109166 0.865806951569 0.365520359171 0.146187538147
5.0 1.3843849154 0.883880237393 0.384374095478 0.161263038917
5.0 1.18715584186 0.951842313433 0.454648947633 0.221941314578
5.0 1.55884367844 0.832006614874 0.33031985895 0.118587994928
5.0 1.65719372173 0.80490763601 0.303348989546 0.0975912236683
5.0 0.701730730169 1.18729629387 0.7001647017 0.452603728848
5.0 1.62128056674 0.81466598174 0.312966361093 0.104980495257
5.0 1.47029169262 0.857470399709 0.356737961075 0.139306682754
5.0 1.82847383125 0.761321697305 0.260031978758 0.0670818325951
5.0 1.41594796872 0.873919349335 0.374032634387 0.152920782311
5.0 1.0978672269 0.986703509334 0.490906691073 0.25412427018
5.0 1.42234850553 0.871937830192 0.371959496858 0.151272131123
5.0 1.94486143796 0.734425580029 0.233163020651 0.0499675421534
5.0 1.67609543414 0.799846096477 0.298372363874 0.0938417321883
5.0 1.31339399577 0.907384868512 0.408284156097 0.181509159457
5.0 1.04375997947 1.00920264911 0.514142964626 0.275760095309
5.0 1.3983204559 0.879442897116 0.37978532276 0.157534266566
5.0 1.11585682507 0.979391842218 0.483449323619 0.247267384165
5.0 0.750849620537 1.1565643351 0.668511251155 0.421436887615
5.0 1.01090302579 1.02325989881 0.529124582397 0.289402982992
5.0 0.951119495978 1.05051813791 0.557709436749 0.315615270519
5.0 1.92510739323 0.738874754927 0.237552220056 0.0527173100658
5.0 1.09928306038 0.986124099464 0.49031621282 0.253577528772
5.0 1.29030560759 0.915287583935 0.416300984508 0.188542302366
5.0 1.38593533245 0.883383446538 0.383862008154 0.160844457392
5.0 0.53780575432 1.30851399337 0.826018709997 0.576437856529
5.0 1.6218032694 0.814522734015 0.312824667423 0.1048705225
5.0 0.578534844508 1.27509102248 0.791380964409 0.542226542988
5.0 0.708818756984 1.18279134291 0.695434274973 0.447958637615
5.0 0.897421909453 1.07658889566 0.58461546466 0.341444642762
5.0 1.0179393839 1.02020947946 0.525858268569 0.286452355296
5.0 0.992044338794 1.03158584947 0.538007604025 0.297415966899
5.0 1.48216544927 0.853976485833 0.353062434926 0.136433690906
5.0 1.36776840855 0.889252554452 0.389889521889 0.165810421467
5.0 1.29553389502 0.913489688359 0.414471753783 0.186932289996
5.0 1.84579769384 0.757200673344 0.255883940749 0.0643833518026
5.0 1.99539343981 0.723206548582 0.222260322373 0.0431872377239
5.0 0.66852394854 1.20915122503 0.723228821865 0.474763119047
5.0 1.37270608354 0.887647105699 0.388245682616 0.164447264488
5.0 1.19339444911 0.949546532525 0.452199331312 0.219837051774
5.0 1.79660768173 0.769031975736 0.267784458871 0.0722075117982
5.0 0.568435750571 1.28303830465 0.799776881404 0.550458617364
5.0 1.78329565112 0.772305542007 0.271067636171 0.0744155844728
5.0 1.06380480104 1.00079444358 0.505351135721 0.267600620321
5.0 0.674803725797 1.20488017937 0.71879850128 0.470478978355
5.0 1.88773509658 0.747409035016 0.246051407164 0.0580830607706
5.0 1.62805111837 0.812813162563 0.311135543234 0.103561488686
5.0 0.647942181695 1.22350722676 0.737862924172 0.489326090025
5.0 0.812628479279 1.12114789856 0.631244636898 0.385633775533
5.0 0.687416185013 1.19651435371 0.709965348752 0.46204178209
5.0 1.6535013351 0.805902713984 0.304327619604 0.0983351030458
5.0 1.9785585252 0.726920420609 0.225841264956 0.0454064019974
5.0 0.50829895905 1.33429434112 0.852912575926 0.602958776994
5.0 0.82666366232 1.11336654695 0.623306479022 0.37784454599
5.0 1.0023139688 1.02702301611 0.533149220122 0.293031315495
5.0 1.01271613786 1.02247138368 0.528280212397 0.288640981784
5.0 1.94825023141 0.733666124869 0.232417223262 0.0495015465494
5.0 1.21416181551 0.9420102523 0.44415864613 0.212919612581
5.0 1.97895062554 0.726833657579 0.22575728388 0.045354332585
5.0 0.69245469948 1.19324377171 0.706480918725 0.458709755868
5.0 1.54261615927 0.836586528349 0.334990620069 0.12226560919
5.0 0.825371925237 1.11407859582 0.624032719013 0.378552426082
5.0 1.05531589981 1.00434449203 0.509043462981 0.271039363775
5.0 0.852036028263 1.09965035841 0.609149431073 0.364329972441
5.0 1.10421577328 0.984110446758 0.488264636497 0.251681863114
5.0 0.53139149923 1.31398940526 0.831673077031 0.582144779844
5.0 0.821050306707 1.11646775664 0.626467995828 0.380934775019
5.0 1.2833911599 0.917672442297 0.418733763849 0.190686265809
5.0 1.50582354322 0.847099752746 0.345860995468 0.130800527728
5.0 1.0571120393 1.00359211044 0.508258555783 0.270309679928
5.0 1.30121403314 0.911541603933 0.412494058287 0.18519429548
5.0 1.70908666277 0.791150885636 0.28980785454 0.0875344207957
5.0 1.9034687473 0.743795942794 0.242442324164 0.0557971745727
5.0 0.758452300442 1.15200798591 0.663732037283 0.416899399369
5.0 1.29038337363 0.91526080789 0.416273711772 0.188518283488
5.0 0.516651538411 1.32676483257 0.845137422562 0.595330420288
5.0 1.90842219386 0.742664840179 0.241315326551 0.0550857659393
5.0 0.663376225178 1.21270039465 0.72686824949 0.478329527054
5.0 0.568591483173 1.2829145043 0.799645691045 0.550331229488
5.0 0.626444367116 1.23874208482 0.753770269727 0.505090085116
5.0 1.89803380513 0.74504070576 0.243683940927 0.0565822543
5.0 1.93499416754 0.736642990526 0.235346551789 0.0513339003823
5.0 1.29092966301 0.915072740292 0.416082172525 0.188349616134
5.0 1.65490310448 0.805524667186 0.303955847748 0.0980522677403
5.0 0.552425237132 1.29610861476 0.813426700875 0.56373071674
5.0 1.60233515539 0.819880411227 0.318137884067 0.109012697649
5.0 1.12835516849 0.974385847389 0.47831503929 0.242621981519
5.0 0.785306467614 1.13648143702 0.647204167289 0.401235286424
5.0 1.25394661331 0.927913080111 0.429293676293 0.199985402924
5.0 1.20720554326 0.944517933187 0.446831508941 0.215222919378
5.0 1.09047683132 0.989737016276 0.493998719041 0.256997287222
5.0 1.29282427362 0.914420896637 0.415418657789 0.187765495104
5.0 0.891426459987 1.07955354885 0.587760914564 0.344416564596
5.0 0.677231967019 1.20324730629 0.717089355943 0.46883976546
5.0 1.78051528508 0.772993305003 0.271756537512 0.0748820138858
5.0 1.8105334104 0.765641130933 0.264377639035 0.0699403984611
5.0 0.851538343183 1.09991351264 0.609425443358 0.364588341298
5.0 1.67736912203 0.79950709217 0.298038916335 0.0935924740808
5.0 1.65192370293 0.806328371826 0.304746479996 0.0986538598121
5.0 1.31149902246 0.90802966813 0.40893645306 0.182078778179
5.0 1.68358171428 0.797857074729 0.296415789182 0.0923839042215
5.0 1.89560843664 0.745597267783 0.244239789331 0.0569341254302
5.0 0.575802146672 1.2772293062 0.793626966036 0.54445111678
5.0 1.57704012343 0.826907222507 0.325166309089 0.114530136927
5.0 0.662794122771 1.21310380008 0.727280309616 0.478736127533
5.0 0.977797526241 1.03804156375 0.544814255935 0.303604245213
5.0 0.936817501747 1.05737380521 0.564707842268 0.322305352932
5.0 1.36441382275 0.890347574329 0.391008553798 0.166742372187
5.0 1.71623699698 0.789291105854 0.287970970905 0.0862070468397
5.0 1.56313429014 0.830800704328 0.329096955543 0.117624810154
5.0 0.994298989876 1.03057782144 0.536936827055 0.296448662909
5.0 1.56107491406 0.831379174953 0.329683438436 0.118086648314
5.0 1.03819088757 1.01155650507 0.516632134371 0.27804961036
5.0 0.6060426851 1.25377879955 0.769575056866 0.520352225427
5.0 1.43213533116 0.868932263757 0.368806767988 0.148776565932
5.0 1.52719292343 0.840969880718 0.339499076663 0.125810507784
5.0 0.522719564957 1.32144457046 0.839527206735 0.589886716964
5.0 0.67113896997 1.20736437856 0.721382441006 0.472970464843
5.0 1.42100601458 0.872352367812 0.372393663667 0.151616785808
5.0 1.63136532794 0.811908336989 0.310242495343 0.102871141824
5.0 0.600560725792 1.25797055596 0.773860767415 0.524585578184
5.0 1.41694825645 0.873608856198 0.373708105329 0.152662226418
5.0 1.46372794681 0.859415418371 0.358786915368 0.140908923316
5.0 0.99456231953 1.03046033399 0.536812068205 0.296335719012
5.0 1.0087075066 1.02421753141 0.53014966933 0.290327509268
5.0 0.954849821744 1.04874631728 0.555895295913 0.313899096294
5.0 1.99644532546 0.72297523862 0.222038257023 0.043049861881
5.0 1.36177855055 0.891210189859 0.391888993166 0.167477855727
5.0 1.53942803657 0.837490105568 0.335916934541 0.122994446139
5.0 0.860630075001 1.09514613149 0.604400681998 0.359903684978
5.0 1.74746245573 0.781278355715 0.280026728539 0.0805720505498
5.0 1.66230217576 0.803534303415 0.301998583147 0.0965682095866
5.0 1.13124290125 0.973239104275 0.477133545711 0.241562563083
5.0 1.28233186237 0.918038516048 0.419107918686 0.191016147494
5.0 0.629067163241 1.2368660049 0.75177857841 0.503156184851
5.0 0.730562376385 1.16907479625 0.681357457948 0.433942117114
5.0 1.96082651664 0.730857188846 0.229668162549 0.0477866357057
5.0 1.96224988286 0.730540152039 0.229358858769 0.0475939538383
5.0 1.19875226228 0.947587311692 0.450107566624 0.218040182333
5.0 1.46866986313 0.857950305709 0.357243106384 0.139701636956
5.0 1.23477712258 0.934660549357 0.436366060329 0.206167747558
5.0 0.623338737278 1.24097620034 0.756145187709 0.507383985252
5.0 1.71092024219 0.790673108877 0.289336273389 0.0871927020164
5.0 0.714017140883 1.17949911375 0.692016488169 0.444567835697
5.0 1.11501320506 0.979732078003 0.483797243315 0.247584443847
5.0 1.87615620479 0.750088217773 0.248735658868 0.0597915127709
5.0 0.821599784168 1.11616327103 0.626157873178 0.38063055803
5.0 1.0996359903 0.985979774444 0.490169169483 0.253441412202
5.0 1.62302174254 0.814188941585 0.312494700954 0.104614436971
5.0 1.47052598968 0.857401154857 0.356665045948 0.139249680253
5.0 1.35821779574 0.892379051038 0.393080511585 0.168476336277
5.0 1.91862646409 0.740343268011 0.239007926598 0.0536321444413
5.0 0.91936748593 1.06583635668 0.573381962533 0.330679602193
5.0 0.536112157208 1.30995922806 0.827499712454 0.577940826833
5.0 1.41368587926 0.874622666417 0.374767366799 0.15350667775
5.0 1.63233900075 0.811642782238 0.309980516697 0.102668875952
5.0 1.23547470171 0.934413718625 0.436105823652 0.205941155653
5.0 1.39097476638 0.881774034945 0.382199871996 0.159490449349
5.0 1.48569956591 0.852942414972 0.351976146473 0.135584649392
5.0 1.63306606445 0.811444567535 0.309784978979 0.102517999072
5.0 0.962346812919 1.04521033568 0.552260984556 0.310486886189
5.0 1.97758750142 0.727135264618 0.226049361163 0.0455356727031
5.0 1.53165958598 0.839697217387 0.338186327844 0.124778977471
5.0 0.726904220096 1.1713697709 0.683692556795 0.436263039252
5.0 1.84130986067 0.758263696373 0.256953905817 0.0650767046294
5.0 1.28551915522 0.916937635116 0.417983276558 0.190024698411
5.0 0.874471359334 1.08804548973 0.596833236188 0.352887549152
5.0 1.15054839927 0.965676083534 0.469280206243 0.234607459208
5.0 0.993699029249 1.03084579389 0.5372216876 0.296705830185
5.0 1.46316401593 0.859583011887 0.358963507007 0.141047065409
5.0 0.939217375863 1.05621728492 0.563527906621 0.321170901034
5.0 0.801047363198 1.12762108532 0.637907105494 0.39219583714
5.0 0.516762300587 1.3266668415 0.845034558169 0.595230724559
5.0 1.22335269357 0.938719788902 0.440660600197 0.209896191104
5.0 0.763120358018 1.14925046343 0.660812218173 0.414143638883
5.0 1.25245800457 0.92843454381 0.429837032002 0.200462119901
5.0 1.76301832368 0.777353981264 0.276116109819 0.0778601500767
5.0 1.13830596976 0.970451140644 0.474251199858 0.23899256475
5.0 1.70411137843 0.792450289221 0.291090114633 0.0884660848273
5.0 1.90644654738 0.743115769933 0.241764262945 0.0553690235657
5.0 1.66912304959 0.801706822684 0.300201751897 0.0952133096474
5.0 1.4730973373 0.856642033472 0.355865835898 0.138624897009
5.0 1.46420950783 0.859272365113 0.358636136332 0.140791020241
5.0 0.873926056724 1.08832193614 0.597129113395 0.353161912799
5.0 0.559983176559 1.28984929831 0.806959585662 0.557402375273
5.0 1.65095004214 0.806591308484 0.30500517334 0.0988510051045
5.0 1.84532425337 0.757312628992 0.255996711957 0.064456313365
5.0 1.6831592969 0.797969065794 0.296525977572 0.0924657728627
5.0 1.3417538793 0.897830565179 0.398618885317 0.173163749636
5.0 1.92404593838 0.739114906511 0.237790192042 0.0528667311865
5.0 1.88247170478 0.748624794625 0.247268587784 0.058856848388
5.0 1.52478351021 0.84165763262 0.340209642592 0.126368584228
5.0 1.27264090005 0.921395463814 0.422549828069 0.194051070776
5.0 1.79091025303 0.770429135316 0.269186583431 0.073147612821
5.0 0.629135611731 1.23681703466 0.751726726682 0.503105741529
5.0 1.55445620723 0.833241782527 0.331575582359 0.119576828171
5.0 1.35229567832 0.894331230966 0.395067055178 0.170148981481
5.0 1.88642820544 0.747710547384 0.246353182497 0.0582747387702
5.0 1.2126930128 0.942538460857 0.444721182597 0.213404832362
5.0 0.675896474078 1.20414395882 0.71802895407 0.469740197529
5.0 1.89414218961 0.745934174043 0.244576322826 0.0571473199427
5.0 0.924495468809 1.06334098148 0.570813324794 0.328197672525
5.0 0.827509122882 1.11290101765 0.622831590486 0.377381971088
5.0 1.97179891737 0.728418009898 0.227293351386 0.0463085716601
5.0 1.36818135544 0.889117996734 0.389751875512 0.165696026989
5.0 0.93132754968 1.06002689633 0.567417738333 0.324917310672
5.0 0.662587246342 1.21324739726 0.727426736333 0.478880795131
5.0 1.38926602459 0.88231882763 0.382762877938 0.159948445979
5.0 0.684339217028 1.1985299801 0.712108153624 0.464084968722
5.0 1.65703922989 0.804949230157 0.303389888688 0.0976222731303
5.0 1.37715370184 0.886207473025 0.386768616005 0.163228064114
5.0 0.841831903129 1.10509648699 0.614821082056 0.369677545127
5.0 1.2457599158 0.930786084605 0.43229379914 0.20261416772
5.0 1.77642375842 0.774007967489 0.272772198866 0.0755717559493
5.0 0.719858842967 1.17580742546 0.688220653237 0.44078172889
5.0 1.90948852508 0.742421759617 0.241073236612 0.0549331215843
5.0 1.72729191105 0.786433842919 0.285143989792 0.084182066947
5.0 1.58731806881 0.82404338162 0.322292559021 0.112270464048
5.0 0.964026422981 1.04442289774 0.551448476789 0.309729186193
5.0 0.703708733902 1.18603664502 0.698836164307 0.451305509093
5.0 1.47850376355 0.855050737311 0.354191493809 0.137316213428
5.0 0.525031372733 1.3194448607 0.83741074796 0.58782118732
5.0 1.22561830332 0.937912173777 0.439804178541 0.209154273472
5.0 1.02466634324 1.01731622201 0.52276372832 0.283647368227
5.0 0.877657697527 1.0864346009 0.595109862178 0.351287286998
5.0 1.06526779393 1.00018413263 0.504719139765 0.267010735533
5.0 1.88898603861 0.74712072418 0.245762828644 0.0578998538483
5.0 0.779998191903 1.1394963616 0.650409880774 0.404304247752
5.0 0.544943778811 1.30243107596 0.819842835425 0.570160800707
5.0 1.1438284695 0.968287917261 0.472004814696 0.237003772407
5.0 1.87231493163 0.750980725163 0.249631388035 0.0603633516248
5.0 1.7730931129 0.774836333633 0.273600717281 0.0761362088157
5.0 1.6727159636 0.800746623313 0.299258239913 0.0945047833124
5.0 1.4216268197 0.872160605246 0.372192813368 0.151457348609
5.0 0.856262577237 1.09742571015 0.606810246588 0.362145146215
5.0 1.31277901941 0.907594236672 0.408495772041 0.181693999157
5.0 1.4879514049 0.852284826411 0.351286027598 0.135045014426
5.0 0.534804282394 1.31107532258 0.828648962878 0.579103908229
5.0 1.28976389015 0.915474133281 0.416491006288 0.188709676556
5.0 0.521187953803 1.32277669392 0.840937125167 0.591256860865
5.0 0.696700206344 1.19051193847 0.703573000126 0.455911417839
5.0 1.14669089436 0.967172263094 0.470843034557 0.235980060561
5.0 1.54239822751 0.83664825352 0.335053848309 0.1223153653
5.0 1.95353452311 0.732484057909 0.23125858981 0.0487782641345
5.0 1.50344800701 0.847785651328 0.346576477128 0.131360954499
5.0 0.640498698267 1.22875865627 0.743266133863 0.494753538742
5.0 0.811169035976 1.12196162894 0.632077416067 0.386454870905
5.0 0.780402645076 1.13926605232 0.650164450954 0.404070081963
5.0 0.643021109744 1.22697777201 0.741424397552 0.492908579352
5.0 1.91954678721 0.740134463883 0.238800739821 0.0535018439798
5.0 0.593955772226 1.26307793761 0.779041546117 0.529785088898
5.0 0.663816048128 1.21239545639 0.726556923282 0.478022759942
5.0 1.42414557245 0.87138379199 0.371379099522 0.150811597627
5.0 1.92326425717 0.739291881729 0.237965501508 0.0529768505159
5.0 1.22822896976 0.936983205437 0.438820401634 0.208300894877
5.0 1.7843277663 0.772050591435 0.270812191822 0.0742429044256
5.0 1.33806340649 0.89906300593 0.399867028305 0.174230436031
5.0 1.98892711218 0.724630368183 0.223629754431 0.044034994441
5.0 0.601090194424 1.25756345635 0.773446779162 0.524173411543
5.0 1.87756989095 0.749760246444 0.248406659152 0.0595816977539
5.0 0.644652934743 1.22582628272 0.740238876359 0.491717500424
5.0 1.48869572639 0.852067688446 0.351057949039 0.134866990112
5.0 1.64255174517 0.808864956218 0.307242958907 0.100562406558
5.0 1.37201542904 0.887871073449 0.388475335826 0.164637323376
5.0 1.83874874307 0.758871711746 0.257565758288 0.065474273855
5.0 0.677756479588 1.20289612623 0.716720395152 0.468486796487
5.0 1.21976751138 0.940000581221 0.442020463012 0.21107306112
5.0 0.699340179823 1.18882210879 0.701779103377 0.45417461629
5.0 1.67023727817 0.801408915134 0.299908880378 0.0949931819982
5.0 1.65010228703 0.806820354987 0.305230472388 0.0990229173259
5.0 1.63917731575 0.809781200439 0.308145372097 0.101255352877
5.0 1.48820516621 0.852210785387 0.35120833998 0.134984276563
5.0 1.68845469087 0.796567309212 0.295146466132 0.0914434629812
5.0 0.799625583334 1.12841799784 0.638734457628 0.393007689912
5.0 1.06256574808 1.00131159868 0.505887367173 0.268100844304
5.0 1.46656426856 0.85857381307 0.357900016669 0.140215311415
5.0 1.96690898218 0.729503773538 0.228348984782 0.046965178588
5.0 1.3093836594 0.908750454082 0.40966587789 0.182716259804
5.0 1.90152017383 0.744241922333 0.242886843427 0.0560781028565
5.0 0.547482461787 1.30027605614 0.817662748695 0.567959613517
5.0 1.07847727785 0.994692570963 0.499064457366 0.261725557305
5.0 1.16125701617 0.961561621559 0.464960714755 0.230838195869
5.0 1.75189675219 0.780155082119 0.278908713189 0.0797927478776
5.0 1.53171739955 0.839680761356 0.338169374579 0.124765658159
5.0 1.86640761986 0.75235765944 0.251013763849 0.0612479035184
5.0 0.855746690628 1.09769637424 0.607095413246 0.362410936424
5.0 0.523650380207 1.32063785832 0.838673374489 0.589054834193
5.0 0.964556289148 1.04417500337 0.551192453076 0.309490538243
5.0 0.745811102654 1.15962754846 0.671689833742 0.42448495582
5.0 1.81863207338 0.763684486619 0.262409791369 0.068641554499
5.0 1.073886155 0.996597171066 0.501019586502 0.26355358119
5.0 0.693525437316 1.192553051 0.705744977417 0.458003285596
5.0 1.81464959271 0.764645204788 0.263376169168 0.0692784646739
5.0 0.617080054958 1.2455323423 0.760975722427 0.512027741679
5.0 0.767415255672 1.14673806474 0.658139483557 0.411624423816
5.0 0.636418786064 1.23164353925 0.746272168606 0.497746534632
5.0 0.852842318882 1.099224627 0.608702795636 0.363911764042
5.0 1.63880182238 0.809883254094 0.308245922357 0.101332650192
5.0 1.93958446428 0.735610297773 0.234328386677 0.0506964943542
5.0 0.556063224554 1.29307628844 0.810311935763 0.560665581133
5.0 0.987639484173 1.03356599707 0.540104729163 0.299315009939
5.0 0.632332141447 1.23454100568 0.749318640844 0.500751552931
5.0 1.39648073692 0.880025113069 0.380389114306 0.158022259805
5.0 1.71783421788 0.788876924035 0.287561546709 0.0859124530482
5.0 1.7801041375 0.773095127725 0.271858498242 0.0749511432859
5.0 0.61399755269 1.24780709135 0.763370804823 0.514330890722
5.0 0.604702452578 1.25479854177 0.770622493261 0.521380412095
5.0 1.69083453326 0.795938819041 0.294527754737 0.0909865885
5.0 0.951341778471 1.05041240858 0.557601212636 0.31551268679
5.0 1.68895004916 0.796436412322 0.295017618656 0.0913482279116
5.0 1.60152771751 0.820103589824 0.318359918313 0.109186511069
5.0 1.35014562696 0.8950424971 0.395789805871 0.170759966852
5.0 0.509160508422 1.33350757769 0.852110086053 0.602161237462
5.0 0.783626858997 1.1374333721 0.648214674921 0.40220533028
5.0 0.658672162161 1.21597374026 0.73020215956 0.481634691484
5.0 1.87697361366 0.749898530472 0.24854538477 0.0596701545008
5.0 1.80604893819 0.766729383525 0.265471562136 0.0706657385654
5.0 1.39717072639 0.879806859221 0.380162551439 0.157839088402
5.0 0.691826776759 1.19364957246 0.706913444543 0.459124293461
5.0 1.41117871065 0.875404064111 0.375583110343 0.154158176649
5.0 0.834208432462 1.10923008382 0.619077228944 0.373748251748
5.0 1.41416633916 0.874473149933 0.374611469007 0.153382092496
5.0 0.528928798438 1.31609612654 0.833878948206 0.5843420162
5.0 1.40492624196 0.877361310056 0.377622526783 0.15579241538
5.0 0.528859541713 1.31615542347 0.833941205355 0.584403822368
5.0 1.09225085874 0.989007690428 0.493254901361 0.256304789794
5.0 1.52083319442 0.842787153141 0.341378251701 0.12728601357
5.0 1.90642585272 0.743120495213 0.24176896956 0.055371994245
5.0 0.824737548565 1.11442864111 0.624389773616 0.37890081756
5.0 0.8581552401 1.09643539172 0.605764878549 0.361171896835
5.0 1.91304114292 0.741612578487 0.240268665194 0.0544258141185
5.0 1.76178088957 0.77766459109 0.27642607461 0.0780736298527
5.0 1.43568394204 0.867849289026 0.367668859455 0.147879084719
5.0 0.918281636425 1.06636560089 0.573928299682 0.331207064625
5.0 1.91854385034 0.740362019683 0.239026529298 0.0536438474197
5.0 0.810597176202 1.1222806122 0.632404316856 0.386777203189
5.0 0.81917725036 1.11750612101 0.627526381908 0.381973657627
5.0 1.42703410192 0.870495312868 0.370447462279 0.150073631201
5.0 0.517618266055 1.32590942465 0.844239853431 0.594459736958
5.0 1.5536419046 0.833471359562 0.331809227106 0.119760996263
5.0 1.54891819212 0.834804149566 0.33316802124 0.120830893613
5.0 1.64188480757 0.809045926386 0.307421085937 0.100698949074
5.0 0.82841264572 1.11240406664 0.622324366561 0.376888916462
5.0 1.72847760682 0.78612872836 0.28484163573 0.0839668628595
5.0 1.33878320584 0.898822390337 0.399623366192 0.174021960695
5.0 0.958311789244 1.04710930177 0.554215177319 0.312317327498
5.0 0.569308531569 1.28234502903 0.799041630809 0.549745690909
5.0 0.9509221467 1.05061199141 0.557805489209 0.315706415331
5.0 1.62652780749 0.813229522524 0.311546699086 0.103879683696
5.0 1.99071928099 0.724235425894 0.223249465512 0.0437994562577
5.0 0.523727128576 1.32057139008 0.83860311891 0.588986235489
5.0 1.70983514756 0.790955780536 0.289615248495 0.0873948162781
5.0 1.9507912963 0.733097434858 0.231859492424 0.0491531996737
5.0 1.74196548019 0.782675896706 0.281415988399 0.0815452880472
5.0 1.09539427775 0.987716920124 0.491939271063 0.25508218172
5.0 1.52870814006 0.840537827529 0.339053103196 0.125460138578
5.0 1.84039873725 0.758479899094 0.257171502351 0.0652179464553
5.0 1.81385802403 0.764836480064 0.263568570414 0.0694054761283
5.0 1.24982705952 0.929357275026 0.430799644554 0.201306054446
5.0 1.51438264101 0.844636170924 0.343296592459 0.128790763619
5.0 1.06802935091 0.999033112944 0.503529205596 0.265899454838
5.0 0.909136878801 1.07083322505 0.578566418542 0.335672906039
5.0 1.08015041212 0.9939996024 0.498354407556 0.261061727843
5.0 0.86911273292 1.09077348022 0.599748614073 0.355590384003
5.0 1.29252787656 0.914522861272 0.41552237403 0.187856819218
5.0 0.82313840657 1.11531222401 0.625290285357 0.379781125541
5.0 1.726786137 0.78656407969 0.285272968401 0.0842741714227
5.0 0.694750403422 1.19176405559 0.704905081874 0.457195654023
5.0 1.88048410089 0.749084759798 0.247729560503 0.0591502772818
5.0 1.45034985467 0.863412693109 0.362998944459 0.144207689877
5.0 1.78847283809 0.771028629493 0.269787743392 0.073552111661
5.0 1.35120014197 0.894693485639 0.395435224207 0.170460053701
5.0 1.93380491508 0.736910994414 0.235610821353 0.0514995451345
5.0 1.81539437771 0.76446533162 0.263195283937 0.0691590821587
5.0 1.38762156663 0.882844013944 0.383305307134 0.160390287696
5.0 0.779127183286 1.13999306737 0.650939366746 0.404808706437
5.0 1.41828617274 0.873194049812 0.373274300786 0.152316923421
5.0 0.748143607335 1.15820520415 0.670217303039 0.423069398867
5.0 1.2574629354 0.926682820389 0.428014131875 0.198861695011
5.0 1.24211078515 0.932070597913 0.433640803209 0.203791556872
5.0 0.646435004453 1.22456945027 0.738949771088 0.490420500677
5.0 0.752349428663 1.15565922702 0.66756653528 0.42053636479
5.0 1.57999569899 0.826082474452 0.324337470644 0.113877884939
5.0 0.966309274985 1.04335600381 0.550345598473 0.308703098187
5.0 0.801916532318 1.12713391496 0.637402302836 0.391700136421
5.0 1.22990206478 0.936388913038 0.438191207335 0.207754858782
5.0 1.97950365929 0.726711285886 0.225638948605 0.0452808418562
5.0 1.45761859954 0.861235259551 0.360704604021 0.142409700623
5.0 1.06022222468 1.00229089186 0.506904090047 0.269048592062
5.0 1.72994966361 0.78575026169 0.284466609996 0.0837002010238
5.0 1.03293681265 1.01378607989 0.518999508635 0.280217992563
5.0 1.18141945765 0.953968213734 0.456913932683 0.223888328658
5.0 1.84710991643 0.756890435276 0.255571757649 0.0641813504228
5.0 1.4765251978 0.855632353793 0.354803220438 0.137794368058
5.0 1.34428443584 0.89698799918 0.397764328492 0.172435683469
5.0 1.24314672593 0.931705644765 0.433257821123 0.203456941589
5.0 1.31807968473 0.905793812319 0.406674717168 0.180107207796
5.0 1.57999028502 0.826083984319 0.32433898737 0.113879077936
5.0 1.10215057858 0.984952585219 0.489122802478 0.25247374628
5.0 1.50647556059 0.846911659796 0.345664863071 0.130646945176
5.0 1.9810035688 0.726379578649 0.225318058806 0.0450817045901
5.0 1.28660251612 0.916563839096 0.417601898203 0.189688483212
5.0 1.92071458987 0.739869588061 0.238537923531 0.053336686125
5.0 1.68863791412 0.796518888258 0.295098804051 0.0914082293929
5.0 1.61980228403 0.815071292137 0.313367313645 0.105291891079
5.0 0.850596451722 1.10041235388 0.609947890507 0.365078052509
5.0 0.687475018449 1.19647595628 0.709924549656 0.462002785565
5.0 0.526708092311 1.31800143311 0.835885393007 0.586324136501
5.0 1.27589178251 0.92026760395 0.42139131578 0.193029650557
5.0 0.752650409426 1.15547794782 0.66737705872 0.420355965843
5.0 1.99689890211 0.72287552302 0.221942547311 0.0429906645347
5.0 0.506680530947 1.33577803572 0.854420319902 0.604464481328
5.0 1.66337536989 0.803246300574 0.301715373802 0.0963542012
5.0 0.562858172944 1.28751098545 0.804506726939 0.555029707763
5.0 1.28910529335 0.915700996895 0.416722151501 0.18891330134
5.0 0.836813047231 1.10781224162 0.617621323784 0.372349964197
5.0 0.554720541302 1.29419146169 0.811461250404 0.561792472492
5.0 1.52641797408 0.841190977614 0.339727426994 0.125989861635
5.0 1.11846607925 0.978341375115 0.48237452322 0.246289385515
5.0 1.49410553895 0.850492694056 0.349407069161 0.13357600126
5.0 0.564955526104 1.28581948412 0.802722764415 0.553306600503
5.0 1.82170638828 0.76294472872 0.261665383714 0.068152176812
5.0 1.05957738998 1.00256046782 0.507184396305 0.269309756154
5.0 1.286416909 0.916627864403 0.417667233037 0.189746056965
5.0 1.09003243522 0.989919934178 0.494185255178 0.257171026532
5.0 1.60612968311 0.818832605827 0.317096119593 0.10819806347
5.0 1.82657217053 0.761777001824 0.260490154659 0.0673816875613
5.0 1.88088017966 0.748993018849 0.247637619003 0.0590917507718
5.0 1.028875318 1.01551630022 0.520842477517 0.281899696436
5.0 1.99180940368 0.723995316737 0.22301842711 0.0436563941951
5.0 1.03358949303 1.01350860064 0.518704416201 0.279948232544
5.0 1.29155288492 0.914858248392 0.415863817525 0.188157277406
5.0 1.76965786309 0.775692574675 0.274456839717 0.0767212187205
5.0 0.907088156454 1.07183697622 0.579615328307 0.336678415834
5.0 1.14266598109 0.968741721687 0.472477103503 0.237421025603
5.0 1.25861976486 0.926278512044 0.427594384935 0.198492652673
5.0 1.67714483119 0.799566726134 0.298097618007 0.0936362841185
5.0 1.35252032779 0.894256989635 0.394991584477 0.170085257261
5.0 1.21576411312 0.94143481774 0.443546040302 0.212390878423
5.0 0.619264234237 1.24393292882 0.759284371207 0.51040306339
5.0 0.807234937269 1.12415778272 0.63433149821 0.388677687745
5.0 1.70355705272 0.792595332497 0.291233168393 0.0885703333059
5.0 1.59239516116 0.822633068867 0.32088220556 0.111163129517
5.0 1.2344306674 0.934783185877 0.436495444324 0.206280384479
5.0 1.75036302726 0.780543181403 0.279295190057 0.0800617325177
5.0 0.704343516822 1.18563286856 0.698411201402 0.450889187708
5.0 1.18785950874 0.951582551922 0.454371911496 0.22170327766
5.0 1.54319221971 0.836423398548 0.334823553378 0.122134134848
5.0 0.527790356489 1.31707206966 0.834905654651 0.585358067836
5.0 0.598280644731 1.25972824388 0.77564631871 0.526368663363
5.0 1.17238805606 0.957345196307 0.460502726223 0.226979668988
5.0 1.35079647312 0.894827050307 0.395570935107 0.17057480395
5.0 1.46317854768 0.859578692254 0.35895895536 0.141043504691
5.0 1.77191247773 0.775130163263 0.273894761466 0.0763369410633
5.0 1.04821643721 1.00732529142 0.51216605975 0.273934703158
5.0 1.80083491367 0.767999074884 0.266747257135 0.0715147602008
5.0 1.35656900665 0.892921499234 0.393632968386 0.168940501423
5.0 1.4916261649 0.85121385072 0.350162617937 0.134166882189
5.0 1.40772720466 0.876482905227 0.376707954622 0.155058556123
5.0 0.891094169581 1.07971828015 0.587936193382 0.344581644135
5.0 1.95373475608 0.7324393188 0.23121478408 0.0487509336204
5.0 1.77478230964 0.774415837857 0.273180297503 0.0758496004663
5.0 0.921084638249 1.06500006767 0.572519622839 0.329846903228
5.0 0.806307886896 1.12467648806 0.634864725561 0.389203036169
5.0 1.16320248257 0.960820354227 0.464178999887 0.23015971046
5.0 1.215165663 0.941649632582 0.443774775575 0.212588271236
5.0 1.60250413986 0.819833712897 0.318091423658 0.108976342863
5.0 0.607080352802 1.25299176916 0.768764744064 0.519559163484
5.0 1.40235300341 0.878170346661 0.378464018641 0.156469050085
5.0 1.03777779668 1.01173147379 0.516817499737 0.278219863168
5.0 0.753649204464 1.15487735141 0.666748532708 0.419758069082
5.0 0.958736808367 1.04690873518 0.554009261462 0.312123882565
5.0 0.761734153566 1.15006605391 0.66167790243 0.414959902956
5.0 1.21071028188 0.943252533824 0.445482160383 0.214060803161
5.0 1.57991328428 0.826105458919 0.324360559943 0.113896046167
5.0 1.41248884487 0.874995493108 0.375156799926 0.153817470907
5.0 1.87972874716 0.749259825831 0.247904918566 0.0592619713461
5.0 1.54027183337 0.837250830885 0.335671485643 0.122801347148
5.0 1.81440049371 0.764705385769 0.263436699022 0.0693184194956
5.0 1.19457302759 0.949114474983 0.451738254861 0.219440977379
5.0 0.532805679489 1.31278130196 0.830415272693 0.58088392508
5.0 0.843295296067 1.10430908048 0.614005995191 0.368903720344
5.0 1.21906844329 0.940250701228 0.442286389981 0.211302839337
5.0 1.14494501249 0.967852313474 0.471551433539 0.236603846614
5.0 1.71747061883 0.788971170021 0.287654722582 0.0859794546282
5.0 1.0849148001 0.992029965316 0.496339409665 0.259179573377
5.0 1.46573408422 0.858820008772 0.358159227844 0.140418131764
5.0 1.59640249516 0.821521969615 0.319773102059 0.110293305222
5.0 1.53360213275 0.839144537519 0.337617145634 0.124331621339
5.0 1.37359799931 0.887357908508 0.387949144965 0.164202114045
5.0 1.56181620878 0.83117089225 0.329472119883 0.117920286345
5.0 0.870268038439 1.09018297926 0.599118298656 0.355006381199
5.0 1.38421294938 0.883935386982 0.384430934963 0.161309525173
5.0 1.03609287693 1.01244570424 0.517575124505 0.278914686848
5.0 1.51244539715 0.845192741335 0.34387492376 0.129244385672
5.0 0.517169344123 1.32630597474 0.844656633278 0.594863852227
5.0 1.88726263339 0.74751796431 0.246160468887 0.0581523320321
5.0 0.846631929346 1.10252173857 0.61214938985 0.367148427077
5.0 0.740806980647 1.16270154385 0.67485386769 0.427548950951
5.0 1.99281315384 0.723774313391 0.222805881295 0.0435248154956
5.0 0.802509562584 1.12680174524 0.637058436813 0.391362189753
5.0 1.61375221079 0.816732880974 0.315012486487 0.106572192217
5.0 1.41436861002 0.874410226061 0.374545703326 0.153329659436
5.0 1.06189891213 1.00159015013 0.50617634892 0.268370384006
5.0 1.12041797527 0.977557027782 0.481571579229 0.24556068628
5.0 0.966893165746 1.04308365272 0.550063473244 0.308441248426
5.0 0.774793548817 1.14247319615 0.653586570064 0.407323072253
5.0 1.41983350028 0.872715011476 0.372773074997 0.151918367507
5.0 1.85928869887 0.75402343842 0.252687886762 0.062322067487
5.0 1.06389080325 1.00075871549 0.505313976914 0.26756591906
5.0 0.894561494061 1.07800159899 0.586112034396 0.342861141796
5.0 0.856673370031 1.09721048763 0.606583331121 0.361933652425
5.0 0.667281977054 1.21000389392 0.724106219064 0.475618790846
5.0 1.62164764953 0.814565378392 0.312866836398 0.104903256489
5.0 1.96361765295 0.73023573948 0.229061981835 0.0474089915134
5.0 1.61288041552 0.816972677091 0.31525018211 0.106757403149
5.0 0.86592244486 1.09240982367 0.601493533447 0.357207106667
5.0 0.744558801495 1.16039404188 0.672481018556 0.425248198762
5.0 1.56346734631 0.830707195706 0.32900223098 0.117550149749
5.0 0.523304537761 1.32093735962 0.838990604612 0.589363895859
5.0 1.12441115545 0.975958201281 0.479931536326 0.244077328189
5.0 1.38482103175 0.88374041721 0.384230041091 0.161145199726
5.0 0.951183045119 1.05048794444 0.557678496535 0.315585924664
5.0 1.26269640613 0.924855416794 0.426119371995 0.197195267084
5.0 1.49278021425 0.850878024599 0.34981077467 0.133891608066
5.0 0.518656425053 1.32499396934 0.843277270567 0.593526339188
5.0 0.579401147562 1.27441426952 0.790673515835 0.541521794313
5.0 1.22603973727 0.937762103485 0.439645147899 0.209016327236
5.0 0.804405739221 1.12574026491 0.635961475674 0.390282992801
5.0 0.829571346547 1.11176759212 0.621674336882 0.376257907228
5.0 1.90232335223 0.744057941781 0.24270352278 0.0559622342477
5.0 1.68713856167 0.796915267444 0.295488968766 0.0916968281144
5.0 1.95704661656 0.731699963898 0.230491380011 0.0482997155397
5.0 1.95868899559 0.731333624895 0.230133364274 0.0480765316878
5.0 0.787537672953 1.13521971177 0.645867353098 0.399948146062
5.0 0.655430086149 1.21824271117 0.732506256806 0.483937817089
5.0 1.46743853584 0.858314763487 0.357627078802 0.140001899722
5.0 0.780958396207 1.1389494833 0.649827571587 0.40374844902
5.0 0.701097394794 1.18770014001 0.700591643484 0.453019764877
5.0 1.12865444922 0.974266822095 0.478192522353 0.242511887683
5.0 0.66067567211 1.21457640894 0.728781124538 0.480221596894
5.0 1.14536723914 0.967687890769 0.471380051582 0.236452786175
5.0 1.06176276132 1.00164699345 0.506235378797 0.268425428668
5.0 1.25062523705 0.929077261866 0.430507283015 0.201049757187
5.0 0.943431165686 1.05419216182 0.56146210211 0.319190474048
5.0 1.74610601793 0.781622563262 0.28036924023 0.0808115396123
5.0 1.375402325 0.886773615496 0.387349818016 0.163707186097
5.0 1.48861933351 0.852089969227 0.35108136359 0.13488526491
5.0 0.595585333251 1.2618136452 0.777760580883 0.52849251313
5.0 1.25915928812 0.926090026803 0.427398827456 0.198320704924
5.0 0.844443480529 1.10369269158 0.613366852901 0.368298293644
5.0 1.1862255514 0.95218610439 0.455015486686 0.222256258683
5.0 1.03690482449 1.01210140833 0.517209709559 0.278579680423
5.0 0.576137691939 1.27696624639 0.793350122705 0.544177963484
5.0 1.04762654008 1.00757350081 0.512426987977 0.274176006268
5.0 0.711304825687 1.18121560093 0.693794668677 0.446334744624
5.0 1.73361130514 0.784810577092 0.283534963932 0.0830394407359
5.0 1.60797818246 0.818322779344 0.316589710166 0.107802457847
5.0 1.95718416362 0.731669274319 0.230461379382 0.0482810094849
5.0 0.801922758309 1.12713042772 0.63739869064 0.391696587204
5.0 0.574653142518 1.27813021333 0.794577341149 0.545387216405
5.0 0.680616134605 1.20099011305 0.714712966973 0.466568674819
5.0 0.828016602985 1.1126217089 0.622546667779 0.377105002591
5.0 0.681815543462 1.20019498978 0.713872560937 0.465766938326
5.0 1.59139675836 0.822910175512 0.32115907524 0.111380410972
5.0 1.52684868935 0.841068082129 0.339600488638 0.125890156367
5.0 0.563338610699 1.28712222715 0.804097538693 0.554634422802
5.0 0.589298871671 1.26669890603 0.782719525265 0.533508531911
5.0 1.99693773495 0.722866986625 0.221934356098 0.0429856084758
5.0 1.97684710623 0.727299169511 0.226208036089 0.0456341968758
5.0 0.575999114032 1.27707478404 0.793464421534 0.544290606641
5.0 0.793314456314 1.13196266446 0.642435859838 0.396623602162
5.0 1.22286153077 0.938895011267 0.440846572516 0.210057209624
5.0 1.09503142796 0.987865766191 0.492090905126 0.255222959396
5.0 0.630502950823 1.23584234157 0.750694043883 0.502098389408
5.0 1.44938201837 0.863703671086 0.363305479959 0.144448143536
5.0 0.582350174659 1.27211289179 0.788279129188 0.539125243133
5.0 0.780304752173 1.13932163286 0.650223855658 0.404126753562
5.0 1.65867490405 0.804509018873 0.302957018394 0.0972938690982
5.0 0.822296838882 1.11577764969 0.625764558203 0.380245395763
5.0 1.23525593549 0.934491122367 0.436187365553 0.206012213875
5.0 1.71571035342 0.789427772458 0.288106034322 0.0863043343959
5.0 0.79053780668 1.13352635645 0.644079897219 0.398220091584
5.0 1.73891145225 0.783454762612 0.28218951652 0.0820893972673
5.0 1.01178452312 1.02287623217 0.528713833047 0.289032310755
5.0 1.32763666963 0.902563044466 0.403408268539 0.177275797389
5.0 1.74777736369 0.781198442814 0.279947249954 0.0805165379388
5.0 0.775023479267 1.14234138635 0.653445624194 0.407189496809
5.0 1.86336891104 0.753067804202 0.251727324999 0.061705302041
5.0 1.10897184143 0.982176513151 0.486293095467 0.249868132689
5.0 1.63260622237 0.811569923252 0.309908647768 0.102613407269
5.0 0.68716468322 1.19667865092 0.710140134524 0.462208537109
5.0 1.81620554554 0.764269533391 0.262998342154 0.0690291935324
5.0 1.33055963915 0.901579161361 0.402413337383 0.176417313196
5.0 1.08398213942 0.992415108321 0.496733104017 0.259547097257
5.0 1.97133191065 0.728521616553 0.227393970497 0.0463710942803
5.0 0.768770495348 1.14595012401 0.657299272564 0.410831855269
5.0 0.503925244121 1.33831680007 0.856988500898 0.607050959776
5.0 0.955441451302 1.04846611504 0.555608111489 0.313628125885
5.0 0.728099078296 1.17061939619 0.682928884686 0.435502889791
5.0 0.702437675506 1.18684580306 0.699689107702 0.452139614904
5.0 1.23698174457 0.933880859167 0.435544194912 0.205451996155
5.0 0.823048783097 1.11536187865 0.625340793589 0.379830544811
5.0 0.521428451566 1.32256713644 0.840715070774 0.591041563522
5.0 0.86422132894 1.09328653493 0.602426298319 0.358071616872
5.0 1.69733468951 0.794227122731 0.292841781768 0.0897464050209
5.0 0.772126491464 1.14400811705 0.655226058842 0.408874486919
5.0 0.955929581662 1.04823498117 0.555371100188 0.313404723261
5.0 1.61497333505 0.816397152671 0.314679891043 0.106312944232
5.0 1.0173533244 1.02046248983 0.526129200963 0.286697430193
5.0 1.6738930018 0.800432981486 0.298949508454 0.0942734555047
5.0 1.48136539229 0.854211106607 0.35330880192 0.136626280252
5.0 0.684864394945 1.19818483296 0.711741751308 0.463735820966
5.0 1.98388261845 0.725743549389 0.224703284669 0.0447003650262
5.0 1.29404158993 0.91400233933 0.414992930352 0.187390851092
5.0 1.67210497213 0.800910021637 0.299418580183 0.0946250149046
5.0 1.24340031068 0.93161622997 0.433164146081 0.203375091365
5.0 1.74431493158 0.782077883181 0.280821659692 0.0811284043787
5.0 0.591673492888 1.26485138053 0.780840414686 0.531604687558
5.0 1.21758966486 0.940780297792 0.44284944547 0.211789458423
5.0 1.80075114313 0.768019513124 0.266767785942 0.0715284483963
5.0 1.65655595716 0.805079365375 0.303517866864 0.0977193055377
5.0 0.697977224898 1.18969359828 0.702703923485 0.455070945913
5.0 1.34568677188 0.896521564863 0.397291346254 0.172033406323
5.0 1.22475698566 0.93821909651 0.440129525074 0.209436124387
5.0 1.59792097579 0.821101423556 0.319353803563 0.109964716663
5.0 1.37678819487 0.886325545209 0.386889885904 0.163327951453
5.0 0.969271180726 1.04197685089 0.548916256003 0.307378276347
5.0 1.24677050558 0.930430853944 0.431921782804 0.202288629814
5.0 1.2115840037 0.942937806207 0.445146610811 0.21377158409
5.0 1.76885821448 0.775892231523 0.274656348566 0.0768578109562
5.0 1.32634506702 0.902998439916 0.403848628286 0.177656224694
5.0 1.16358058572 0.960676385685 0.464027211362 0.230028044241
5.0 1.66870630687 0.801818208716 0.300311331402 0.0952958075219
5.0 1.31207398969 0.907833948019 0.408738427827 0.181905851479
5.0 1.84396031058 0.757635534464 0.256321594892 0.064666750343
5.0 1.83229411312 0.760408725145 0.259112972344 0.0664816500157
5.0 1.27201227578 0.921613607803 0.422774311954 0.194248994284
5.0 1.9726048241 0.728239260608 0.227119777566 0.0462006850195
5.0 0.559973591609 1.28985713433 0.80696777348 0.557410358805
5.0 1.5572710808 0.832449074547 0.330769381266 0.118942009625
5.0 0.969248898658 1.04198720311 0.548927000261 0.307388214159
5.0 1.81793637636 0.763852120734 0.262578474909 0.0687526869226
5.0 1.2205749303 0.93971183742 0.441713794175 0.210807741916
5.0 1.88859459772 0.747210931305 0.245853099341 0.0579571507779
5.0 1.82793871252 0.761449764214 0.260160890202 0.0671661357415
5.0 1.68833166628 0.796599824434 0.295178471265 0.0914671257153
5.0 0.887631638029 1.08143860369 0.58976943262 0.3463035781
5.0 1.83077137854 0.760772320569 0.259479007923 0.0667205361484
5.0 1.1099708114 0.981771308898 0.485879740281 0.249488895374
5.0 1.30223108653 0.911193425311 0.412140987434 0.184884394041
5.0 1.52814472995 0.840698439253 0.339218853228 0.125590364979
5.0 1.0848463729 0.992058210786 0.496368281725 0.259206524162
5.0 1.25230677344 0.928487545312 0.429892276821 0.200510581783
5.0 1.49707221071 0.849631280796 0.348505415345 0.132870606072
5.0 1.6938088186 0.795154680145 0.293755590229 0.0904177434595
5.0 1.46026155368 0.860446817985 0.359873770159 0.141759307878
5.0 1.63892873731 0.809848758322 0.308211934082 0.101306519883
5.0 1.93798656595 0.735969574846 0.234682401993 0.0509180266909
5.0 1.55379178492 0.833429116191 0.331766208841 0.119726943511
5.0 1.24962847373 0.929426975628 0.430872427762 0.201369822177
5.0 1.83514057864 0.759730142711 0.258429816529 0.0660363734507
5.0 1.42189918449 0.87207651098 0.372104746541 0.151387425092
5.0 1.66423056525 0.803016916734 0.301489858557 0.0961838908848
5.0 1.66451365874 0.802941048931 0.301415227769 0.0961274338159
5.0 1.11178368801 0.981037119475 0.485130356344 0.248802354266
5.0 1.17856378537 0.955031853037 0.458045682816 0.224862237869
5.0 0.568632778478 1.28288168515 0.799610876762 0.550297525199
5.0 1.95887942341 0.731291164596 0.230091883984 0.0480506791135
5.0 1.80691279297 0.766519480127 0.26526059298 0.0705256726129
5.0 1.66093582907 0.803901241487 0.302359406601 0.0968411333266
5.0 0.98850088253 1.03317746437 0.539693968124 0.298942641031
5.0 1.9073551416 0.742908356153 0.241557695716 0.0552386633955
5.0 0.776569802312 1.14145477011 0.652499039479 0.40629149521
5.0 1.85260135732 0.755594980371 0.254268410458 0.0633396442362
5.0 1.04869520738 1.00712390468 0.511954458567 0.27373892894
5.0 1.69565189683 0.794669575574 0.29327770572 0.0900664784125
5.0 0.948050375178 1.0519814192 0.559204868205 0.317036354869
5.0 0.587925944344 1.26776788984 0.783809860869 0.534613588637
5.0 1.30718518441 0.909500366028 0.410425113175 0.183380652575
5.0 1.5494516434 0.834653500107 0.333014254076 0.120709825966
5.0 0.735591239951 1.16593455068 0.678159748724 0.430783691187
5.0 1.77258571614 0.77496260813 0.273727076473 0.0762224350479
5.0 1.8780616615 0.749646183907 0.248292294385 0.0595087510549
5.0 1.70277150949 0.792800967394 0.291435961729 0.0887182105837
5.0 0.540806721765 1.30595460943 0.823411088372 0.573785091754
5.0 0.810788397264 1.12217394644 0.632294931316 0.386669394122
5.0 1.07399382635 0.99655244585 0.500973614376 0.263510597353
5.0 1.72121345688 0.788002156132 0.28669642476 0.0852914641744
5.0 1.70094044131 0.793280710919 0.291908982581 0.0890635672647
5.0 1.03368320851 1.01346877099 0.518662156768 0.279909538639
5.0 0.67882743527 1.20218049488 0.715968072365 0.467767168761
5.0 0.596628066152 1.26100592922 0.776942011145 0.527668813387
5.0 1.30283227985 0.910987701769 0.411932365592 0.184701442463
5.0 1.48474611828 0.853221175967 0.35226888064 0.135813436035
5.0 1.75843130413 0.778506454965 0.277265896357 0.0786534245532
5.0 1.88785583131 0.747381202632 0.246023543576 0.0580653702952
5.0 1.53928338577 0.837531133235 0.335959031934 0.123027563511
5.0 0.803804549574 1.12607672565 0.636308806947 0.390624867902
5.0 0.631171310301 1.23536655932 0.750190504013 0.501606140856
5.0 1.90043872901 0.744489542113 0.243133861509 0.0562342779125
5.0 1.98631303125 0.725206888185 0.224185509022 0.044379381057
5.0 1.42323439652 0.871664585426 0.371673249908 0.151044966344
5.0 1.15511570082 0.963914057634 0.467434291799 0.232992473929
5.0 0.603068470217 1.25604637132 0.771899664615 0.52263974635
5.0 1.31464952384 0.906958203557 0.407852385737 0.181132653837
5.0 1.23158233509 0.935792601181 0.43756087694 0.207207185556
5.0 0.515211705665 1.32804566823 0.846475778653 0.596631043358
5.0 0.787812152805 1.13506443525 0.645703287419 0.399789821566
5.0 0.949148621498 1.05145719911 0.55866950411 0.316527043854
5.0 1.45873973415 0.86090065411 0.360351953615 0.142133587136
5.0 1.25187294914 0.928639608654 0.430050817749 0.200649544858
5.0 0.773142958285 1.14342240352 0.654600327195 0.408282780634
5.0 0.79598788891 1.13045968731 0.640862159712 0.395089607717
5.0 0.865363980304 1.09269735552 0.601799497394 0.357490732897
5.0 0.759771267808 1.15122574976 0.662905679244 0.416118778171
5.0 0.770600399683 1.14488996567 0.656167456995 0.409763855113
5.0 1.84178245457 0.758151583354 0.25684111412 0.0650035070777
5.0 1.43063182747 0.869392048399 0.36928961971 0.149158031773
5.0 0.651074260054 1.22130222349 0.735614800606 0.487061583338
5.0 1.25150345082 0.928769150731 0.430185925434 0.200767945463
5.0 1.672046318 0.800925678973 0.299433975462 0.0946365623627
5.0 0.685252423406 1.19793025164 0.711471210109 0.463477818228
5.0 0.558949421974 1.29069571667 0.80784287941 0.558259462549
5.0 1.08301423836 0.992815183726 0.497141974656 0.25992903233
5.0 0.693679731711 1.19245344191 0.705639063253 0.457901527376
5.0 0.641272943671 1.22821187538 0.742699549116 0.49418680384
5.0 1.06430708447 1.00058480625 0.505134061965 0.267398040038
5.0 0.61292864273 1.24860107165 0.764203435442 0.515132806839
5.0 1.94426007252 0.734560457259 0.233295490716 0.0500504094023
5.0 0.904939446217 1.07289069381 0.580719299944 0.337735029197
5.0 0.835608694061 1.1084669658 0.618294234855 0.372995464301
5.0 1.64994721543 0.80686226334 0.305271706994 0.0990543813012
5.0 0.950777043 1.05068104751 0.557876192707 0.315773438558
5.0 1.28573275461 0.916864102758 0.417908058776 0.189958377376
5.0 0.920323356541 1.06537070277 0.572901597113 0.330215859827
5.0 0.655376563702 1.21828039205 0.732544367965 0.483976006784
5.0 0.532640614601 1.3129223688 0.830561797114 0.581031015082
5.0 0.947650232993 1.05217250155 0.55940022106 0.317222276168
5.0 1.79658504116 0.769037516351 0.267790021885 0.0722112316306
5.0 0.701398574654 1.18750797791 0.700388598229 0.452821931076
5.0 0.826614505433 1.11339362239 0.623334105515 0.37787145273
5.0 1.09892117641 0.986272127023 0.49046705875 0.25371717533
5.0 1.64440891245 0.808361227692 0.306747088402 0.100182365948
5.0 1.64142921154 0.809169585188 0.307542873957 0.100792573352
5.0 0.907429217378 1.07166981323 0.579440403294 0.336510907408
5.0 1.98348517371 0.725831328385 0.224788057336 0.0447529317262
5.0 0.518312273216 1.32529696439 0.8435962849 0.593835644669
5.0 1.41304528031 0.874822130315 0.374975643887 0.153672912714
5.0 1.17989388782 0.954536008055 0.457518219422 0.224408155166
5.0 1.61516013783 0.816345810206 0.314629024772 0.106273336871
5.0 1.1238922179 0.976165588142 0.480144460035 0.244269517314
5.0 0.858257459265 1.09638215494 0.605708618095 0.361119442107
5.0 0.510025690596 1.33271903566 0.851304313778 0.601363090851
5.0 0.934556948236 1.05846505068 0.565821872386 0.323378072356
5.0 0.76711422795 1.14691337628 0.658326330578 0.411800522666
5.0 0.80645259452 1.12459547926 0.634781439491 0.389120870244
5.0 1.16450703959 0.960324292814 0.463655582785 0.229705700648
5.0 0.896230079968 1.07717732303 0.585238046762 0.342034515753
5.0 1.00538549276 1.02567200539 0.53170568883 0.291730045224
5.0 1.39952731661 0.879061550296 0.379389604345 0.157214828363
5.0 1.50770706975 0.846556589421 0.345294817725 0.130356954326
5.0 0.955324902552 1.04852121234 0.555664711172 0.313681488869
5.0 1.64866954143 0.807207687103 0.305611599766 0.0993138874565
5.0 1.33421942636 0.900350218004 0.401170122727 0.175347753899
5.0 1.5235436799 0.842011873229 0.340575935007 0.12665621106
5.0 0.859611979381 1.09567583531 0.604961607904 0.360424823939
5.0 0.508259678286 1.3343299986 0.852949256118 0.602995203222
5.0 0.944518740164 1.05367084817 0.560930004937 0.318681621811
5.0 1.36860191873 0.88898101123 0.389611733289 0.165579596261
5.0 0.677182243381 1.20328063135 0.717124254136 0.468873207064
5.0 0.687554470805 1.19642410845 0.70986936332 0.461950125996
5.0 0.85453178911 1.09833444425 0.607767478672 0.363037796034
5.0 0.593991807703 1.26304996324 0.779013191979 0.529756399556
5.0 0.999880872781 1.02809745276 0.53429585349 0.294065210194
5.0 0.986906031735 1.03389691484 0.540454648296 0.299632391518
5.0 1.56022216271 0.831618961934 0.329926430529 0.118278098326
5.0 1.07401361116 0.996544227599 0.500965167544 0.263502699573
5.0 1.73183597711 0.785265870503 0.283986467174 0.0833593609172
5.0 1.1614155527 0.961501134094 0.464896967709 0.230782788665
5.0 0.966416197403 1.04330602219 0.550293741383 0.308655254148
5.0 1.50500077005 0.847337207094 0.346108568003 0.130994483617
5.0 1.33080481474 0.901496729064 0.402329959851 0.176345453073
5.0 0.666693814104 1.210408573 0.724521687489 0.476024972129
5.0 0.648025523921 1.22344868 0.737803304945 0.489265707788
5.0 0.93290859038 1.05926175412 0.56663572608 0.324162810605
5.0 0.738273804365 1.1642684401 0.676458313024 0.429114620241
5.0 1.81203988812 0.765276329709 0.264010872289 0.069697714682
5.0 1.95739196858 0.731622911954 0.23041606139 0.0482527536342
5.0 0.915492891062 1.06772594399 0.575335608625 0.332564538277
5.0 1.43903177508 0.866831424651 0.366598311377 0.147035460179
5.0 0.577922607625 1.27556956054 0.791882321732 0.54272481089
5.0 1.53839466215 0.837783263366 0.336217811304 0.123231150199
5.0 1.13156265691 0.973112367517 0.477002857223 0.241445567619
5.0 1.5662256107 0.829933272338 0.328218779495 0.116933143698
5.0 1.21243723499 0.942630512436 0.444819255431 0.213489337
5.0 0.537415348015 1.30884744772 0.826359412068 0.576784006348
5.0 0.598711027803 1.25939574573 0.775309107838 0.526030854776
5.0 0.901426797096 1.0746164628 0.582533241584 0.339465898239
5.0 0.59823694347 1.2597617042 0.775680584873 0.526402850478
5.0 1.59061527865 0.823127153629 0.321375950457 0.111550645631
5.0 1.58027981849 0.826003242769 0.324257884533 0.113815286949
5.0 1.71017432668 0.790867400511 0.28952799236 0.0873316046023
5.0 1.40702908973 0.876701604927 0.376935745378 0.155241197177
5.0 0.953728383748 1.04927814815 0.55644026202 0.314413732216
5.0 1.18364968842 0.953139899183 0.456031838806 0.223129918997
5.0 1.80333046638 0.767390777949 0.266136228776 0.0711077024258
5.0 1.42837481176 0.870083781263 0.370015767461 0.149731971048
5.0 1.70158965685 0.793110548449 0.291741219354 0.0889410132679
5.0 0.899411270232 1.07560846497 0.583579248669 0.340460962558
5.0 1.31180483374 0.907925539159 0.40883112038 0.181986791206
5.0 1.1526872259 0.964849563107 0.468415355934 0.233849731597
5.0 0.992145609979 1.03154046289 0.537959403522 0.29737244345
5.0 0.648512179776 1.22310566534 0.737453002257 0.48891305423
5.0 1.42550203127 0.870966245734 0.370941341179 0.150464652514
5.0 0.883595196338 1.08345265335 0.591920257737 0.34831611646
5.0 0.759930219485 1.15113163553 0.662806164209 0.416024809148
5.0 1.13572803351 0.971466100077 0.475302100549 0.239927123557
5.0 0.712903670772 1.18020358736 0.692745061516 0.445292548617
5.0 0.553256461821 1.29541306527 0.812714692046 0.563027045079
5.0 1.54506572194 0.835893143897 0.3342808578 0.121707001168
5.0 1.51079707349 0.845666772576 0.344368086716 0.129631034218
5.0 1.13922956264 0.970088115809 0.473874992991 0.238658804301
5.0 1.81537639425 0.7644696737 0.26319965146 0.0691619633562
5.0 1.19903789376 0.947483138071 0.449996368976 0.217944640268
5.0 1.10403720381 0.984183205124 0.488338831183 0.251750232034
5.0 1.80371825843 0.767296350667 0.266041348653 0.071044573511
5.0 1.50923409827 0.846116662234 0.344836495172 0.129997898524
5.0 1.07168067701 0.99751365333 0.501962372239 0.264435224753
5.0 1.82808066026 0.76141587541 0.260126686591 0.0671437674599
5.0 1.92605172065 0.738661141462 0.237340710743 0.052584499256
5.0 1.37301965117 0.887545405237 0.388141439825 0.164361040238
5.0 1.81650293501 0.764197777978 0.262926160126 0.0689816089546
5.0 0.605535354835 1.25416426461 0.769971434591 0.520740893861
5.0 1.59908162465 0.820780157633 0.319033650339 0.109714003714
5.0 1.33329073142 0.900661762509 0.401485269621 0.175618616547
5.0 1.84447554145 0.757513553274 0.25619887695 0.0645872154713
5.0 1.76547213165 0.776739010139 0.275502397952 0.0774379552055
5.0 1.90598693948 0.743220725145 0.241868810267 0.0554350153839
5.0 0.891101871527 1.07971446054 0.587932127833 0.344577815831
5.0 1.42227149658 0.871961594236 0.371984388067 0.151291848002
5.0 1.23069349592 0.936107943736 0.437894150424 0.207496779857
5.0 0.818018267928 1.11814923225 0.628182408427 0.382618300816
5.0 1.63141128076 0.811895801256 0.310230127265 0.10286159016
5.0 0.734592307831 1.16655660161 0.678793995429 0.431407896446
5.0 1.64723060444 0.807596985815 0.305994682091 0.0996067443905
5.0 0.530793332764 1.31450085536 0.832206872483 0.582678386371
5.0 1.99688689323 0.722878162885 0.221945080461 0.0429922315089
5.0 0.614886763816 1.24714871079 0.762679422513 0.51366512069
5.0 0.894715597011 1.07792541747 0.586031214727 0.342784775414
5.0 1.7386425813 0.783523416928 0.282257681707 0.0821374121426
5.0 1.62175641787 0.814535572381 0.312837362625 0.104880376874
5.0 0.78217847387 1.13825573652 0.649088946139 0.403042556959
5.0 0.575521115603 1.27744944995 0.793859007371 0.544680250537
5.0 1.24228812439 0.932008119806 0.433575207312 0.203734241199
5.0 1.47862416506 0.855015371504 0.354154243067 0.137287144725
5.0 0.631248802316 1.23531183266 0.750132229283 0.501549107601
5.0 1.53437665422 0.838924464121 0.337390619019 0.124153464122
5.0 1.9120045787 0.741848528658 0.240503125807 0.054573622981
5.0 0.723345609242 1.17360880239 0.685973661541 0.438538102781
5.0 1.11093162472 0.981381971183 0.485482437525 0.249124810229
5.0 1.55396659212 0.833379850869 0.331716044086 0.11968743994
5.0 1.62293424302 0.814212905283 0.312518381278 0.104632814281
5.0 1.25727757468 0.926747624275 0.428081416312 0.198920781988
5.0 1.61346761132 0.816811152871 0.315090065642 0.106632623948
5.0 1.40161254344 0.878403591731 0.378706405249 0.156664170037
5.0 1.58357523196 0.825084917439 0.323336171121 0.113090561537
5.0 1.45512163611 0.861981667022 0.361491143947 0.143025787856
5.0 1.76716986325 0.776314181069 0.275078070795 0.0771467249229
5.0 0.763956903752 1.14875908239 0.660290525109 0.4136518197
5.0 1.84894365603 0.756457340089 0.255136019332 0.0638996174162
5.0 0.629028240379 1.23689379816 0.751807965395 0.503184869828
5.0 1.52482187204 0.841646676741 0.34019831695 0.126359689842
5.0 0.543603297831 1.30357163046 0.820996370709 0.571330427483
5.0 0.919751362178 1.06564934367 0.573189029388 0.330493315463
5.0 0.641655751069 1.22794142657 0.742419801793 0.493906742138
5.0 1.34933313343 0.895311620455 0.396063141709 0.170991374145
5.0 1.71066444932 0.790739725149 0.289402051823 0.0872403179312
5.0 0.898574529484 1.07602087036 0.584014651711 0.340874502709
5.0 1.61866603555 0.815383008747 0.313675707036 0.105531615123
5.0 1.63944361881 0.809708834702 0.308074076042 0.101200555699
5.0 0.657004956173 1.21713938503 0.731386116105 0.482816713597
5.0 1.53832722046 0.83780240069 0.336237457798 0.123246604368
5.0 0.522817846175 1.3213595016 0.839436975901 0.58979889529
5.0 0.52020731496 1.32363331429 0.841842214032 0.592135110968
5.0 1.90461225272 0.743534531014 0.242181723735 0.0556325953574
5.0 1.3913607261 0.881651111084 0.382072766997 0.159387143262
5.0 0.724153010469 1.17310030555 0.685455164834 0.438020423722
5.0 1.84375832881 0.757683367121 0.256369698476 0.0646979437146
5.0 0.848235085224 1.10166699131 0.611258640138 0.366309248247
5.0 1.44942570825 0.863690530423 0.363291637212 0.144437283548
5.0 1.29234780034 0.914584803579 0.415585400447 0.187912288965
5.0 1.31233398161 0.907745457499 0.408648912396 0.181827724832
5.0 0.777587801278 1.14087209916 0.651877067524 0.40570107577
5.0 1.50890978231 0.846210063633 0.344933755696 0.130074112065
5.0 1.30983969929 0.908594883753 0.409508542095 0.182578637671
5.0 1.78885256175 0.77093516429 0.269694056091 0.0734890145553
5.0 1.40622198463 0.876954642348 0.37719920867 0.15545256705
5.0 1.999889695 0.722218406005 0.221312462941 0.0426011270128
5.0 1.02440773232 1.01742705721 0.522882275172 0.283754935864
5.0 1.40082753123 0.878651061647 0.378963514002 0.156871284872
5.0 0.841737248353 1.10514742026 0.614874028925 0.36972771259
5.0 0.982458887808 1.0359130226 0.54258002423 0.301564404386
5.0 1.83262097913 0.760330785735 0.259034462239 0.0664304366373
5.0 0.827385866076 1.11296880048 0.622900775852 0.377449550264
5.0 1.59531393446 0.821823610466 0.320073991331 0.110529197869
5.0 0.850092671477 1.10067967218 0.610227337743 0.365340133906
5.0 1.40058674003 0.878727009476 0.379042392794 0.156934859786
5.0 1.4431744478 0.865576098645 0.365277112596 0.145996431722
5.0 1.23239869908 0.935503076397 0.437255161819 0.206941382929
5.0 1.08181037862 0.993312851235 0.497651200657 0.26040462033
5.0 1.81928870086 0.76352634133 0.262250674043 0.0685368852162
5.0 1.16518501902 0.960066782108 0.463383678237 0.229470084839
5.0 1.18823220476 0.951445049482 0.454225245828 0.221577233269
5.0 1.20647559255 0.944781801859 0.447113204756 0.215465370605
5.0 1.24496799185 0.93106460139 0.432585389347 0.202869335755
5.0 0.86961759369 1.09051522447 0.599473252403 0.355335076272
5.0 1.91792085807 0.740503464733 0.239166788892 0.0537321344124
5.0 0.973642866224 1.03995255598 0.546810883904 0.305436087608
5.0 0.999713370901 1.02817157064 0.534374898696 0.294136493475
5.0 1.54870862136 0.834863342973 0.333228451645 0.120878472011
5.0 1.16788894444 0.95904222883 0.462300510772 0.228532514516
5.0 0.560524351448 1.28940727573 0.80649729846 0.556954637956
5.0 1.26395724899 0.924415657807 0.425664501194 0.196795160231
5.0 1.00655992268 1.02515703876 0.531154857413 0.291233707093
5.0 0.56963427599 1.28208667121 0.798767559583 0.549479843665
5.0 1.82526551053 0.762090133965 0.260805335611 0.0675879956905
5.0 1.14545353616 0.967654271441 0.471345028418 0.236421923975
5.0 1.43536361414 0.867946874821 0.367771447178 0.147959903538
5.0 1.10241460234 0.984844820968 0.489013029067 0.252372364534
5.0 1.05904377364 1.00278367561 0.507416613719 0.269526023723
5.0 1.13968315877 0.969910053706 0.473690261868 0.23849502103
5.0 0.918207084927 1.06640194367 0.573965842565 0.331243298694
5.0 0.616439486844 1.24600310958 0.761472891648 0.512505431855
5.0 1.41662464158 0.873709273281 0.37381304568 0.152745838111
5.0 1.34252670286 0.897572975923 0.398357690232 0.172941107964
5.0 1.18777237206 0.951614709627 0.454406207462 0.221732732468
5.0 1.93246824959 0.7372121455 0.235908235133 0.0516859718937
5.0 0.793736839227 1.13172503063 0.642186625504 0.396381069552
5.0 1.10356838382 0.984374277115 0.488533581889 0.251929821486
5.0 1.90849832851 0.742647471135 0.241298039748 0.0550748613888
5.0 0.905475213661 1.07262764233 0.580443584687 0.337471413261
5.0 1.07519927485 0.996052125946 0.500459322394 0.263029751409
5.0 1.56059586566 0.831513807463 0.329819867633 0.118194161146
5.0 1.13724355999 0.970868997707 0.474684195606 0.239377205542
5.0 0.557573065884 1.29182787663 0.80902002896 0.559404293776
5.0 1.22104579247 0.939543535073 0.441535013509 0.210653111194
5.0 1.72027212895 0.788245625973 0.286937259291 0.0854641382179
5.0 1.33999696827 0.898417145597 0.399212740102 0.173670852699
5.0 0.712222597993 1.18063485746 0.693191604903 0.445736227734
5.0 0.937713595196 1.0569418098 0.564267002939 0.321881320286
5.0 1.49323911909 0.850744563355 0.349670945331 0.133782252768
5.0 1.32212859831 0.904422532016 0.40528837923 0.178903060227
5.0 1.75817021436 0.778572114339 0.27733143576 0.0786987366736
5.0 1.01677271321 1.02071339296 0.526397818043 0.286940321341
