0.1 1.30349928336 2.44514659138 0.00237248473392 7.53700226665e-06
0.1 1.29793869354 2.44962686981 0.00241697621546 7.7345566429e-06
0.1 1.98472279535 0.750630881817 0.000397658365742 5.95881712122e-07
0.1 1.85922911328 1.09533149129 0.000522716550369 8.5880512097e-07
0.1 1.3458222134 2.40764197085 0.00206575348996 6.22074521272e-06
0.1 1.21637344402 2.50530845588 0.00320935306302 1.14395437167e-05
0.1 1.27613531465 2.46628435549 0.00260194483243 8.57041210944e-06
0.1 1.2640987988 2.4748911421 0.0027117208493 9.07624755918e-06
0.1 1.08057080986 2.56614627074 0.00542990089836 2.3395217776e-05
0.1 1.15786709087 2.53561833019 0.00398907548162 1.54066592154e-05
0.1 1.29899663974 2.44878193498 0.00240843068742 7.69650998952e-06
0.1 1.22220364308 2.50188898086 0.00314277205721 1.11272102976e-05
0.1 1.10275828855 2.55835877881 0.00495661546695 2.06816248462e-05
0.1 1.71913771733 1.60323169176 0.000726614695376 1.41127993129e-06
0.1 1.71919863743 1.60301056315 0.000726505712839 1.41097629364e-06
0.1 1.75560304732 1.46871119896 0.000665092651317 1.24240681389e-06
0.1 1.86793858576 1.06681238741 0.000512544954817 8.34612129071e-07
0.1 1.8522991864 1.11846426421 0.00053092680761 8.78533077315e-07
0.1 1.28077758066 2.46285550988 0.0025611021992 8.38405988914e-06
0.1 1.15420322627 2.53729316802 0.00404556037781 1.57058570066e-05
0.1 1.37471682335 2.3781835009 0.00188453167545 5.47100475753e-06
0.1 1.68801592229 1.71318319406 0.000784853653836 1.57678061224e-06
0.1 1.72479796626 1.58265325658 0.000716609896918 1.38338906828e-06
0.1 1.83835291275 1.16612471536 0.000548037674299 9.19697745351e-07
0.1 1.84817139559 1.13242115814 0.000535937775313 8.90508138384e-07
0.1 1.23039272422 2.4969523514 0.00305204786732 1.06872446746e-05
0.1 1.04537190728 2.57706575627 0.00630587505258 2.85422322124e-05
0.1 1.76221782588 1.44400023957 0.000654647331091 1.21436964677e-06
0.1 1.68655318996 1.71819462994 0.000787734731558 1.58509487532e-06
0.1 1.73453419641 1.54694403036 0.000699806265947 1.33689821676e-06
0.1 1.78127267435 1.37283364693 0.00062568853313 1.13763088008e-06
0.1 1.92639297865 0.892889876692 0.000450463099505 6.86990329154e-07
0.1 1.03871764148 2.57894344818 0.0064913055607 2.96643805387e-05
0.1 1.94196617651 0.851900617971 0.000435536864119 6.52640281228e-07
0.1 1.39428167246 2.35621853711 0.00177323916208 5.02300741972e-06
0.1 1.32422954515 2.42755593428 0.00221561817854 6.85959448564e-06
0.1 1.51910576026 2.16651105715 0.00122789917591 2.97760300616e-06
0.1 1.58138746506 2.02964043779 0.00103478525485 2.33713508918e-06
0.1 1.45140691096 2.28120861928 0.00149223791171 3.93877062192e-06
0.1 1.13740904702 2.54466065775 0.00431763694706 1.71820816277e-05
0.1 1.35512378498 2.3985257408 0.00200510779709 5.96702963924e-06
0.1 1.21425092348 2.50653414447 0.00323406058798 1.15620477606e-05
0.1 1.79918460566 1.30648646468 0.000599921515777 1.07057595474e-06
0.1 1.16190327738 2.53374505506 0.00392812844888 1.50846277423e-05
0.1 1.86234860658 1.08504444512 0.000519034980967 8.50069467357e-07
0.1 1.55178464 2.09886172292 0.00112137793498 2.61923128083e-06
0.1 1.95365146085 0.822611558968 0.000424742580094 6.5710351136e-07
0.1 1.57575050718 2.04343142125 0.00105062370603 2.38802864317e-06
0.1 1.00004913778 2.58877393836 0.00771956401136 3.73045591865e-05
0.1 1.75852056442 1.45781658037 0.000660460330582 1.22994857017e-06
0.1 1.68960533432 1.70772074406 0.00078173808224 1.56780329351e-06
0.1 1.78972909831 1.34140451089 0.000613362478949 1.1053865273e-06
0.1 1.75080641668 1.48660172003 0.000672796159391 1.26321138171e-06
0.1 1.2435000213 2.48871571717 0.00291358160896 1.00242882297e-05
0.1 1.55168707292 2.09907702481 0.00112167813078 2.62022414591e-06
0.1 1.40687650613 2.34113723185 0.00170586938479 4.75723296336e-06
0.1 1.09910689483 2.55969110118 0.00503077401537 2.11057603072e-05
0.1 1.63614414227 1.88014571818 0.000895646903369 1.90279058368e-06
0.1 1.27769815846 2.46513694278 0.00258810359136 8.50714934327e-06
0.1 1.97443413769 0.773539766109 0.00040639102147 6.15450713663e-07
0.1 1.91540214151 0.923182464376 0.000461385079056 7.12470545571e-07
0.1 1.6615517072 1.80125050896 0.000839085078051 1.73533043572e-06
0.1 1.1825251712 2.5236904842 0.00363390939404 1.35808945816e-05
0.1 1.42493021263 2.31813738385 0.00161489418136 4.40404112524e-06
0.1 1.92203621631 0.904761585122 0.000454753323617 6.9697176584e-07
0.1 1.01173707519 2.58599169789 0.00731917981908 3.47900801175e-05
0.1 1.8277113752 1.20340529571 0.000561536443753 9.84168922003e-07
0.1 1.43731893234 2.30135224037 0.00155601856287 4.17894490665e-06
0.1 1.68418283109 1.72628104882 0.000792431869495 1.59867580061e-06
0.1 1.53428750634 2.13617616055 0.00117699619878 2.80447442021e-06
0.1 1.05131021255 2.57534066001 0.00614618934077 2.75923004615e-05
0.1 1.76702236383 1.42603863013 0.000647188197862 1.19446749808e-06
0.1 1.48568099706 2.22708799424 0.00135046060342 3.40424469627e-06
0.1 1.90786127119 0.944617949465 0.000469071558182 7.30428615368e-07
0.1 1.90471544214 0.953717831624 0.000472325575812 7.37930836551e-07
0.1 1.29719691477 2.45021745524 0.00242299077603 7.76136373416e-06
0.1 1.731887849 1.55668539541 0.00070431825219 1.34935225246e-06
0.1 1.35925427414 2.39436807806 0.00197891497945 5.85824116153e-06
0.1 1.86346303681 1.08138882535 0.000517732419696 8.4696883298e-07
0.1 1.35867556511 2.39495468417 0.00198255866684 5.87334307785e-06
0.1 1.08023902449 2.56625723018 0.00543740611769 2.34386641115e-05
0.1 1.08596017253 2.56432180154 0.00530981572162 2.27022351095e-05
0.1 1.58584915322 2.01851717225 0.0010224748897 2.29774047573e-06
0.1 1.84101562074 1.15691759018 0.000544717065672 9.11681942684e-07
0.1 1.4923173003 2.21570652038 0.00132497854866 3.3142013093e-06
0.1 1.77367121738 1.40119047046 0.000637049420392 1.16754822776e-06
0.1 1.63644673745 1.87924099586 0.000894945569808 1.90066370916e-06
0.1 1.89931394 0.969556447425 0.000477978431481 7.50293630876e-07
0.1 1.42519170853 2.31779174037 0.0016136219704 4.39914938404e-06
0.1 1.01646526213 2.58482111094 0.00716476734815 3.38295386025e-05
0.1 1.20391637509 2.51235891363 0.00335791683802 1.21809478901e-05
0.1 1.0172499487 2.58462386537 0.00713956689539 3.36731470343e-05
0.1 1.93103658313 0.880431269831 0.000445946172313 6.76531061004e-07
0.1 1.2083014326 2.50991612099 0.00330464153806 1.19138840652e-05
0.1 1.44925280454 2.28436396358 0.00150176875875 3.97445042985e-06
0.1 1.24306238844 2.48899756706 0.00291807347832 1.00456401907e-05
0.1 1.12038908884 2.55163292511 0.00461743420335 1.88064652155e-05
0.1 1.70784241571 1.64381474071 0.000747079637494 1.46890969262e-06
0.1 1.15141846944 2.53854936394 0.00408913578909 1.59377513928e-05
0.1 1.54281103228 2.11832119894 0.001149544044 2.71240158838e-06
0.1 1.62467604065 1.91380541762 0.000922743185293 1.98545653644e-06
0.1 1.98284637462 0.754742068568 0.000399233327522 5.9940017987e-07
0.1 1.28648812932 2.45855155373 0.0025119658332 8.1611422094e-06
0.1 1.82631642914 1.20834550924 0.000563340645354 9.88727662814e-07
0.1 1.68927056152 1.70887280837 0.000782392979741 1.56968924311e-06
0.1 1.09360356957 2.56166086462 0.00514525334643 2.17589255411e-05
0.1 1.54760090712 2.10801974876 0.00113447036067 2.66220028613e-06
0.1 1.80487652001 1.28561571912 0.000592006562382 1.06203253617e-06
0.1 1.20569793609 2.51137152721 0.00333614174035 1.20716442175e-05
0.1 1.50125050369 2.19989158231 0.001291611859 3.19729547277e-06
0.1 1.91402260077 0.927064216258 0.000462779360279 7.1573470049e-07
0.1 1.12580431372 2.54946692703 0.00451947743402 1.82663689198e-05
0.1 1.16586205379 2.53187818631 0.00386941470272 1.48045549954e-05
0.1 1.46561366718 2.25968958061 0.00143136684818 3.71244922834e-06
0.1 1.39040689523 2.36070644833 0.00179452511925 5.10822885288e-06
0.1 1.73437530122 1.54752960841 0.000700076375165 1.33764220823e-06
0.1 1.46360217047 2.26281264814 0.00143980933577 3.74356708478e-06
0.1 1.26116848128 2.47692602521 0.00273933280752 9.20456469947e-06
0.1 1.71065897809 1.63375972574 0.000741900563478 1.4542882146e-06
0.1 1.75932144404 1.45482450718 0.000659195695057 1.22655425733e-06
0.1 1.15261104791 2.53801289504 0.00407040341657 1.58379617347e-05
0.1 1.08383608062 2.56504610696 0.00535673698734 2.29725206526e-05
0.1 1.23716563312 2.49274889557 0.00297946168167 1.03385398574e-05
0.1 1.03634837439 2.57959860744 0.0065590065726 3.00759179373e-05
0.1 1.57895977909 2.0356157953 0.0010415617247 2.35889822794e-06
0.1 1.50276834053 2.19714692956 0.00128589572896 3.17790795263e-06
0.1 1.20279897056 2.51297470009 0.00337166633899 1.22500720851e-05
0.1 1.61949975751 1.92859113032 0.000935310522754 2.02411995475e-06
0.1 1.60855435952 1.95901805935 0.000962600390865 2.10876960961e-06
0.1 1.52868017247 2.1475960631 0.00119550681432 2.86702310894e-06
0.1 1.97763527167 0.766315581783 0.000403648456107 6.09289242757e-07
0.1 1.28472451744 2.4598912965 0.00252701265177 8.22926099465e-06
0.1 1.11088413286 2.55531995232 0.0047964875876 1.98002973705e-05
0.1 1.82469161079 1.2141147078 0.000565451352884 9.94069234608e-07
0.1 1.59755611232 1.98844629673 0.00099103695519 2.1979690108e-06
0.1 1.04242711348 2.57790335728 0.00638709029858 2.90328049112e-05
0.1 1.99099418071 0.737101739518 0.000392450740652 5.84283079277e-07
0.1 1.90196238494 0.961756478603 0.000475196205567 7.44385406208e-07
0.1 1.34582375329 2.40764048929 0.00206574326577 6.22070218248e-06
0.1 1.03490274736 2.57999487437 0.00660075792819 3.03302259726e-05
0.1 1.68278071874 1.73104434016 0.000795226883583 1.60677236009e-06
0.1 1.05958500867 2.57285938303 0.00593200113047 2.63111114479e-05
0.1 1.42139661465 2.32277239432 0.00163221026196 4.47075419091e-06
0.1 1.77756836927 1.38664262792 0.000631192932211 1.15209755612e-06
0.1 1.06926414912 2.56983937318 0.00569339692497 2.48576716281e-05
0.1 1.78887549087 1.34456953163 0.000614594568818 1.10859291896e-06
0.1 1.01792109603 2.58445520726 0.00711808646665 3.35400555168e-05
0.1 1.13701116878 2.54482918219 0.0043244093288 1.7218297915e-05
0.1 1.6892179753 1.70905370164 0.000782495951981 1.56998572661e-06
0.1 1.0793178386 2.56656462325 0.00545831339629 2.35597762473e-05
0.1 1.16717233504 2.5312537708 0.00385022708324 1.47037050198e-05
0.1 1.73486408963 1.54572800154 0.000699246098487 1.33535510398e-06
0.1 1.01401793089 2.58543015893 0.00724418339031 3.43227907732e-05
0.1 1.67594966997 1.75403338275 0.000809019075125 1.6469015836e-06
0.1 1.62555865539 1.91125876478 0.000920621511802 1.9789492914e-06
0.1 1.64021798259 1.86789209434 0.000886262489249 1.87438500569e-06
0.1 1.68373610596 1.72779999601 0.000793321093663 1.60125031399e-06
0.1 1.800477826 1.30173373057 0.000598111612112 1.07785173525e-06
0.1 1.75385128883 1.4752486051 0.000667893346442 1.24995795448e-06
0.1 1.4620997586 2.26512884266 0.0014461561227 3.7670051773e-06
0.1 1.71382600981 1.62240082187 0.000736179413169 1.43804818216e-06
0.1 1.72259119689 1.59069345677 0.00072049842861 1.3941861336e-06
0.1 1.11674203507 2.55306476176 0.00468511092619 1.91807557604e-05
0.1 1.68538231898 1.72219426027 0.000790050452646 1.59178664905e-06
0.1 1.9941754082 0.730362324748 0.000389841804712 5.78493150641e-07
0.1 1.87091185871 1.05722253975 0.000509135922109 8.26471738955e-07
0.1 1.06611946132 2.57083469062 0.00576956083258 2.53059384815e-05
0.1 1.37110081598 2.38205827256 0.00190614972982 5.5588194194e-06
0.1 1.34464230585 2.40877480347 0.00207360589131 6.25381829741e-06
0.1 1.0300644388 2.58130244904 0.00674296868976 3.11995596957e-05
0.1 1.37677434645 2.37595397664 0.00187241646325 5.42176009498e-06
0.1 1.09029420649 2.56282378722 0.00521569429848 2.21618601371e-05
0.1 1.54592798485 2.11163994209 0.00113970660393 2.67961031037e-06
0.1 1.76138350875 1.44711871849 0.000655953499475 1.2178649459e-06
0.1 1.74077065486 1.52389772047 0.00068930571479 1.30807559926e-06
0.1 1.87232848894 1.05268007763 0.000507521862119 8.22605334246e-07
0.1 1.20637668727 2.51099355445 0.00332789282122 1.20302909522e-05
0.1 1.41798968667 2.32717879221 0.00164912767374 4.53616672049e-06
0.1 1.15437599397 2.5372147589 0.00404287608601 1.56915988807e-05
0.1 1.14726550368 2.54039703175 0.00415524676938 1.62909638083e-05
0.1 1.4779984179 2.2398855763 0.00138073711334 3.51202369283e-06
0.1 1.41982373699 2.32481419913 0.00163999322539 4.50081892049e-06
0.1 1.56574850432 2.06718779551 0.00107944646732 2.48152246487e-06
0.1 1.65951825566 1.80777732543 0.00084344370178 1.74825584957e-06
0.1 1.44892673928 2.28483921617 0.00150321811198 3.97988343843e-06
0.1 1.69835510326 1.67733163486 0.000764862796863 1.51942674214e-06
0.1 1.10610105562 2.55712111995 0.0048899277992 2.03020291541e-05
0.1 1.09068676704 2.56268674741 0.00520727461977 2.21136321333e-05
0.1 1.90055783578 0.965884928157 0.000476669165649 7.47577188914e-07
0.1 1.48928595335 2.22094339515 0.00133654231623 3.3549866917e-06
0.1 1.28759536168 2.45770598897 0.00250257696794 8.11869941604e-06
0.1 1.641151113 1.86506543832 0.000884130354297 1.86794756674e-06
0.1 1.58307158656 2.02546320892 0.00103011679598 2.32217404212e-06
0.1 1.3236833272 2.42803804399 0.00221958433978 6.87671110601e-06
0.1 1.50693347696 2.18952789816 0.00127078833313 3.12539962627e-06
0.1 1.22724088361 2.49887100986 0.00308658953539 1.08541512916e-05
0.1 1.9174719509 0.917391887437 0.000459303036113 7.0759820005e-07
0.1 1.67511854305 1.7568054688 0.000810717486384 1.65186251214e-06
0.1 1.66907888563 1.77678154842 0.000823194937851 1.68843506598e-06
0.1 1.40886301277 2.33868792521 0.00169554815161 4.71682828182e-06
