0.5 1.30349928336 1.26646798894 0.219002007742 0.0151068684055
0.5 1.29793869354 1.26771423355 0.222535966096 0.0154473165295
0.5 1.98472279535 0.964070577365 0.0430121099084 0.00152924138113
0.5 1.85922911328 1.03558313428 0.0555969845445 0.00220596775934
0.5 1.3458222134 1.25616796679 0.194183712741 0.012779401494
0.5 1.21637344402 1.28306879474 0.282933949591 0.0215974448649
0.5 1.27613531465 1.27235740823 0.237061033132 0.0168692602374
0.5 1.2640987988 1.27475344527 0.245557307162 0.0177179033418
0.5 1.08057080986 1.29610379006 0.429511420931 0.0391397732052
0.5 1.15786709087 1.2906367277 0.337969872352 0.0277413189144
0.5 1.29899663974 1.26747915559 0.221858439411 0.0153818860121
0.5 1.22220364308 1.28215494047 0.278031660871 0.0210751171986
0.5 1.10275828855 1.29506868575 0.40080893899 0.0354003587828
0.5 1.71913771733 1.10998491484 0.0755512498592 0.00340874635528
0.5 1.71919863743 1.10995429469 0.075540794791 0.00340807944105
0.5 1.75560304732 1.09135794041 0.0696010817501 0.00303511767585
0.5 1.86793858576 1.03073551751 0.0545867598582 0.00214909319084
0.5 1.8522991864 1.03942537611 0.0564175256341 0.00225245748332
0.5 1.28077758066 1.27140135105 0.23387683 0.016554381413
0.5 1.15420322627 1.29101286707 0.341796165076 0.028187795206
0.5 1.37471682335 1.24832088612 0.179165112578 0.0114257226679
0.5 1.68801592229 1.12539637287 0.081134995485 0.00376990630088
0.5 1.72479796626 1.10713248325 0.0745874604117 0.00334747152452
0.5 1.83835291275 1.0471135607 0.0581147170022 0.00234948966928
0.5 1.84817139559 1.04170696665 0.0569133236999 0.00228068688434
0.5 1.23039272422 1.28082374566 0.271310287858 0.0203655606335
0.5 1.04537190728 1.29685136798 0.479381282289 0.0460239890901
0.5 1.76221782588 1.08791741066 0.0685848003746 0.00297251782594
0.5 1.68655318996 1.12610925124 0.0814097995279 0.00378794083481
0.5 1.73453419641 1.10219203073 0.072964975493 0.00324485106024
0.5 1.78127267435 1.07790722309 0.065758488413 0.00280039585686
0.5 1.92639297865 0.997703273608 0.0483653524242 0.00180840850822
0.5 1.03871764148 1.29686874766 0.489428031992 0.0474735425691
0.5 1.94196617651 0.988778563603 0.0468587512813 0.00172847401295
0.5 1.39428167246 1.24263934249 0.169787077682 0.0106022212317
0.5 1.32422954515 1.2616019923 0.206400464146 0.0139113711146
0.5 1.51910576026 1.199729459 0.122177475483 0.00670015611938
0.5 1.58138746506 1.17431153589 0.104580371242 0.00538848593815
0.5 1.45140691096 1.22439780069 0.145618250934 0.00856075418593
0.5 1.13740904702 1.29258989263 0.359956413087 0.0303410954424
0.5 1.35512378498 1.25371321802 0.189189821292 0.0123245934745
0.5 1.21425092348 1.2833942785 0.284743258218 0.021791247935
0.5 1.79918460566 1.06836859621 0.0632321854518 0.00264891189551
0.5 1.16190327738 1.2902086335 0.333809275175 0.0272588137839
0.5 1.86234860658 1.03384949912 0.0552324981573 0.00218540381825
0.5 1.55178464 1.18670433651 0.112525466962 0.00597110516492
0.5 1.95365146085 0.982053584121 0.045766393566 0.00167115967566
0.5 1.57575050718 1.1767137774 0.106038325489 0.00549425871192
0.5 1.00004913778 1.29617853684 0.551784774677 0.0569861806058
0.5 1.75852056442 1.08984267566 0.069150551698 0.00300732197524
0.5 1.68960533432 1.1246206444 0.0808376924434 0.00375042185693
0.5 1.78972909831 1.07341885825 0.0645504017778 0.00272769130104
0.5 1.75080641668 1.09384132072 0.0703497191132 0.00308146212055
0.5 1.2435000213 1.27857560213 0.260939028911 0.019285731383
0.5 1.55168707292 1.18674423201 0.112552859807 0.00597314169627
0.5 1.40687650613 1.23882725385 0.164063401323 0.0101080347455
0.5 1.09910689483 1.2952690015 0.405392040263 0.0359869668825
0.5 1.63614414227 1.1499873489 0.0916254130959 0.00447462062197
0.5 1.27769815846 1.27203747729 0.235983384203 0.0167624180995
0.5 1.97443413769 0.970040017895 0.043900719291 0.00157467096116
0.5 1.91540214151 1.00397344326 0.049465084648 0.00186743564292
0.5 1.6615517072 1.13812091045 0.0862899422193 0.00411211876883
0.5 1.1825251712 1.28780300947 0.313422844195 0.024937261354
0.5 1.42493021263 1.23315436468 0.156261012851 0.00944503589509
0.5 1.92203621631 1.00019169194 0.0487976015798 0.00183156291102
0.5 1.01173707519 1.29653021693 0.532218014248 0.0539018118591
0.5 1.8277113752 1.05293917941 0.0594524294999 0.00242677513654
0.5 1.43731893234 1.229121178 0.151167285832 0.00901885096233
0.5 1.68418283109 1.1272618588 0.0818575700985 0.00381737713224
0.5 1.53428750634 1.19376575728 0.117571819832 0.00634944767982
0.5 1.05131021255 1.29680291424 0.470584332441 0.0447723602068
0.5 1.76702236383 1.08540709781 0.0678581663579 0.00292798121903
0.5 1.48568099706 1.2123092876 0.133122547749 0.00755346333646
0.5 1.90786127119 1.00826087105 0.0502376231692 0.00190919988153
0.5 1.90471544214 1.0100457473 0.0505642548472 0.00192693109878
0.5 1.29719691477 1.26787856458 0.223012516033 0.0154933824904
0.5 1.731887849 1.10353910476 0.0734016078465 0.00327235985895
0.5 1.35925427414 1.25260124055 0.18702143587 0.0121285738593
0.5 1.86346303681 1.03322939371 0.0551030075483 0.00217811132527
0.5 1.35867556511 1.25275784406 0.187323434504 0.0121558206971
0.5 1.08023902449 1.29611589411 0.429956548788 0.0391989818085
0.5 1.08596017253 1.29589225199 0.422349844537 0.03819204835
0.5 1.58584915322 1.17239635027 0.103443542133 0.0053064660644
0.5 1.84101562074 1.04565037055 0.0577858359329 0.00233059727168
0.5 1.4923173003 1.20987282063 0.130856793203 0.0073745354724
0.5 1.77367121738 1.08191774512 0.0668683716983 0.00286760860758
0.5 1.63644673745 1.14984811129 0.091559508117 0.00447009142292
0.5 1.89931394 1.01310533666 0.0511314438401 0.00195783877408
0.5 1.42519170853 1.23307040698 0.156151357542 0.00943580667246
0.5 1.01646526213 1.29663692184 0.524479372093 0.0527079637013
0.5 1.20391637509 1.28492408416 0.293744393658 0.0227636007
0.5 1.0172499487 1.29665270358 0.523204991959 0.0525126961768
0.5 1.93103658313 0.99504694841 0.0479098778111 0.00178413160812
0.5 1.2083014326 1.28428587947 0.289886066931 0.022345115316
0.5 1.44925280454 1.22512940107 0.146450440322 0.00862904197614
0.5 1.24306238844 1.27865297731 0.261277803264 0.0193207155259
0.5 1.12038908884 1.29393827984 0.379436079219 0.0327157519688
0.5 1.70784241571 1.11563217995 0.0775210276931 0.0035350236085
0.5 1.15141846944 1.29129121524 0.344736540977 0.0285325718092
0.5 1.54281103228 1.19035081655 0.115079591913 0.00616181839988
0.5 1.62467604065 1.15522635398 0.0941669262588 0.00465023870536
0.5 1.98284637462 0.965160240774 0.0431724929547 0.00153741255148
0.5 1.28648812932 1.2702012214 0.230028833138 0.0161761952919
0.5 1.82631642914 1.05370011357 0.0596306113844 0.00243712109436
0.5 1.68927056152 1.12478392525 0.0809002001934 0.00375451614616
0.5 1.09360356957 1.29554819789 0.412403189443 0.0368920450153
0.5 1.54760090712 1.18841082457 0.113707435302 0.00605917645906
0.5 1.80487652001 1.06531271024 0.0624546910537 0.00260274046774
0.5 1.20569793609 1.28466679658 0.292169815711 0.0225925123779
0.5 1.50125050369 1.20654515922 0.12788090646 0.00714131472751
0.5 1.91402260077 1.00475869182 0.0496053239067 0.00187499674934
0.5 1.12580431372 1.29353662952 0.373117823233 0.0319380539299
0.5 1.16586205379 1.28977494646 0.329783097779 0.0267947397287
0.5 1.46561366718 1.21948870666 0.140271912272 0.00812566763339
0.5 1.39040689523 1.24378806269 0.171596311022 0.0107597691572
0.5 1.73437530122 1.10227300182 0.0729911013047 0.00324649523893
0.5 1.46360217047 1.22019257061 0.141014143599 0.00818570682697
0.5 1.26116848128 1.27531862539 0.247679474489 0.017931812317
0.5 1.71065897809 1.11422961099 0.077023994625 0.00350303465234
0.5 1.75932144404 1.08942614164 0.06902751245 0.00299974324017
0.5 1.15261104791 1.29117283118 0.343473916409 0.0283843332574
0.5 1.08383608062 1.29597866928 0.425157702723 0.0385623589228
0.5 1.23716563312 1.27967993942 0.265892827988 0.0197992195137
0.5 1.03634837439 1.29686520944 0.49305308801 0.0480020426955
0.5 1.57895977909 1.1753484861 0.105205409422 0.00543370585203
0.5 1.50276834053 1.20597423765 0.12738355024 0.00710253606773
0.5 1.20279897056 1.28508410846 0.294736930482 0.0228716600896
0.5 1.61949975751 1.15756673665 0.0953425625448 0.00473209380063
0.5 1.60855435952 1.16246372849 0.0978887264119 0.0049107425354
0.5 1.52868017247 1.19598626868 0.119247696918 0.00647643510191
0.5 1.97763527167 0.96818415341 0.0436218179333 0.00156037119281
0.5 1.28472451744 1.2705747385 0.231209595843 0.0162919141893
0.5 1.11088413286 1.29458147625 0.39080396092 0.0341333626112
0.5 1.82469161079 1.05458563349 0.0598390132694 0.00244923684913
0.5 1.59755611232 1.16731357245 0.100532258998 0.00509799475889
0.5 1.04242711348 1.29686394425 0.483803234302 0.0466592710219
0.5 1.99099418071 0.960425478387 0.0424814254041 0.0015022937496
0.5 1.90196238494 1.0116059428 0.0508523434843 0.0019426149
0.5 1.34582375329 1.25616756605 0.194182872875 0.0127793246177
0.5 1.03490274736 1.29686062123 0.495277422506 0.0483277761757
0.5 1.68278071874 1.1279423015 0.0821238698935 0.00383491319943
0.5 1.05958500867 1.29668219849 0.458588621506 0.0430917745104
0.5 1.42139661465 1.23428383254 0.157751999958 0.00957077406055
0.5 1.77756836927 1.07986433626 0.0662964727772 0.00283288482586
0.5 1.06926414912 1.29646379296 0.444940080309 0.0412155560923
0.5 1.78887549087 1.07387311401 0.0646710804187 0.00273492943477
0.5 1.01792109603 1.2966657592 0.522117236899 0.0523463282596
0.5 1.13701116878 1.29262429035 0.360399239491 0.0303943285722
0.5 1.6892179753 1.12480959824 0.0809100243699 0.00375515974605
0.5 1.0793178386 1.2961492127 0.431194192504 0.0393639026503
0.5 1.16717233504 1.28962877406 0.328462986003 0.0266429285898
0.5 1.73486408963 1.10202403107 0.0729107708962 0.00324144053019
0.5 1.01401793089 1.29658435788 0.528472092683 0.0533220817618
0.5 1.67594966997 1.13124311722 0.0834367162678 0.00392171464765
0.5 1.62555865539 1.15482579228 0.0939682570354 0.00463644474922
0.5 1.64021798259 1.14810854653 0.0907430270066 0.00441413170112
0.5 1.68373610596 1.1274787618 0.0819422993627 0.00382295423481
0.5 1.800477826 1.06767531771 0.0630544657154 0.00263835029799
0.5 1.75385128883 1.09226600933 0.0698733385107 0.00305194920599
0.5 1.4620997586 1.22071640521 0.141571656014 0.00823086717342
0.5 1.71382600981 1.11264823868 0.0764697521591 0.00346747791104
0.5 1.72259119689 1.10824638481 0.0749614019088 0.00337123040926
0.5 1.11674203507 1.29419440496 0.383755757111 0.0332517500397
0.5 1.68538231898 1.12667896025 0.0816306019864 0.00380244850711
0.5 1.9941754082 0.958574798264 0.0422153429501 0.00148883444338
0.5 1.87091185871 1.02907579757 0.0542471168444 0.00213007439476
0.5 1.06611946132 1.29654387244 0.449329583215 0.041814899833
0.5 1.37110081598 1.24933859463 0.180966137834 0.0115858595272
0.5 1.34464230585 1.25647447881 0.194828524357 0.0128384620753
0.5 1.0300644388 1.29683164853 0.502790879427 0.0494361732645
0.5 1.37677434645 1.24773728451 0.178149954303 0.011335757185
0.5 1.09029420649 1.29570356648 0.416679793153 0.0374485531488
0.5 1.54592798485 1.18909015533 0.114184346236 0.00609480065287
0.5 1.76138350875 1.08835253763 0.0687119639842 0.00298033094459
0.5 1.74077065486 1.09900527363 0.0719486184988 0.00318107016212
0.5 1.87232848894 1.02828421911 0.0540861987111 0.00212108041199
0.5 1.20637668727 1.28456802208 0.291572283367 0.0225277151372
0.5 1.41798968667 1.23536419433 0.159205931361 0.00969382524876
0.5 1.15437599397 1.29099537765 0.341614655888 0.0281665618613
0.5 1.14726550368 1.29169387342 0.34917339742 0.0290556604459
0.5 1.4779984179 1.21509154892 0.135805789506 0.00776684846375
0.5 1.41982373699 1.23478362025 0.158421224431 0.00962735486246
0.5 1.56574850432 1.18092737531 0.108688204026 0.0056877164131
0.5 1.65951825566 1.13908349599 0.0867025732592 0.00413985868554
0.5 1.44892673928 1.22523984916 0.146576912969 0.0086394329018
0.5 1.69835510326 1.12032815104 0.0792250761161 0.00364527792371
0.5 1.10610105562 1.29487526412 0.396660751537 0.0348727935062
0.5 1.09068676704 1.29568550018 0.416170106453 0.0373820509216
0.5 1.90055783578 1.0124013744 0.0510001390028 0.00195065120326
0.5 1.48928595335 1.21098957912 0.131885844974 0.00745565645088
0.5 1.28759536168 1.2699654194 0.229291378968 0.0161040743638
0.5 1.641151113 1.14767678697 0.0905423926833 0.00440039911911
0.5 1.58307158656 1.17359006189 0.104149460081 0.00535736178607
0.5 1.3236833272 1.26173463981 0.206721232377 0.0139414193865
0.5 1.50693347696 1.20439945009 0.126030871534 0.00699733762047
0.5 1.22724088361 1.28134307977 0.273874832971 0.020635387496
0.5 1.9174719509 1.00279453131 0.0492555936034 0.00185615713932
0.5 1.67511854305 1.13164308616 0.0835982154856 0.00393242570085
0.5 1.66907888563 1.13453868062 0.0847834937444 0.0040112807089
0.5 1.40886301277 1.23821502137 0.163181778609 0.0100325301077
