10.0 1.30349928336 -0.574112236626 -0.208803098777 -0.0529746653484
10.0 1.29793869354 -0.576115367427 -0.210394068071 -0.0541890344479
10.0 1.98472279535 -0.38628872367 -0.0688532794034 0.0436286027431
10.0 1.85922911328 -0.414154225896 -0.0882458747877 0.0317439124402
10.0 1.3458222134 -0.559207815129 -0.196996636785 -0.0440419386575
10.0 1.21637344402 -0.60670144722 -0.234943649637 -0.0731266145396
10.0 1.27613531465 -0.584068390763 -0.216735486111 -0.0590362048685
10.0 1.2640987988 -0.588523377443 -0.220307860742 -0.0617739039478
10.0 1.08057080986 -0.663353884814 -0.281426855839 -0.110076463214
10.0 1.15786709087 -0.630158604279 -0.254039990894 -0.0881449381208
10.0 1.29899663974 -0.575733378523 -0.210090558629 -0.0539573792095
10.0 1.22220364308 -0.604434456804 -0.233112207255 -0.0716986702502
10.0 1.10275828855 -0.653549905956 -0.273295441748 -0.103523149744
10.0 1.71913771733 -0.448270145508 -0.112709518884 0.0159123973126
10.0 1.71919863743 -0.448254520022 -0.1126980794 0.0159198761574
10.0 1.75560304732 -0.439062481024 -0.106030272714 0.020324495846
10.0 1.86793858576 -0.412141315584 -0.0868296964902 0.0326366081484
10.0 1.8522991864 -0.415764974666 -0.0893805632307 0.0310261586272
10.0 1.28077758066 -0.582362442796 -0.215371166407 -0.0579925824713
10.0 1.15420322627 -0.631674869262 -0.255279734814 -0.0891290003558
10.0 1.37471682335 -0.549344094909 -0.189241551797 -0.0382462617255
10.0 1.68801592229 -0.456335393556 -0.118590975394 0.0119724107507
10.0 1.72479796626 -0.446823860124 -0.111658267897 0.0166120329321
10.0 1.83835291275 -0.419030715515 -0.0916865679546 0.0295620095265
10.0 1.84817139559 -0.416728042072 -0.0900599502585 0.030595479395
10.0 1.23039272422 -0.601271420105 -0.230562494749 -0.0697111322061
10.0 1.04537190728 -0.679386812623 -0.294793359875 -0.120950896887
10.0 1.76221782588 -0.437418896035 -0.104841820565 0.0211010076795
10.0 1.68655318996 -0.456719167374 -0.118871795587 0.0117835174868
10.0 1.73453419641 -0.444351001961 -0.109862689736 0.017802966129
10.0 1.78127267435 -0.432727782693 -0.101457782788 0.0232977671821
10.0 1.92639297865 -0.398951671079 -0.0775965244349 0.0383573215812
10.0 1.03871764148 -0.682488709266 -0.297389789503 -0.1230706891
10.0 1.94196617651 -0.395525200156 -0.0752155250976 0.0398042698642
10.0 1.39428167246 -0.542801915527 -0.184133735896 -0.0344428011316
10.0 1.32422954515 -0.566737244725 -0.202956019966 -0.0485289400745
10.0 1.51910576026 -0.503557433943 -0.153883378038 -0.0124555772013
10.0 1.58138746506 -0.485417637314 -0.140175148232 -0.00280495914614
10.0 1.45140691096 -0.524339877394 -0.169792528212 -0.0239226511778
10.0 1.13740904702 -0.638690983528 -0.261040683851 -0.0937026657571
10.0 1.35512378498 -0.55600679697 -0.194471795774 -0.0421521735737
10.0 1.21425092348 -0.607529756689 -0.235613624175 -0.0736490062863
10.0 1.79918460566 -0.428372986184 -0.098332351329 0.0253121439258
10.0 1.16190327738 -0.628494958613 -0.252680581496 -0.0870668829969
10.0 1.86234860658 -0.413431941926 -0.0877373624501 0.0320649206983
10.0 1.55178464 -0.493933792297 -0.146578128018 -0.00729593232484
10.0 1.95365146085 -0.39297616281 -0.0734511084861 0.0408703329743
10.0 1.57575050718 -0.487024246505 -0.141379172153 -0.00364754704194
10.0 1.00004913778 -0.700962024495 -0.312926041245 -0.135843935974
10.0 1.75852056442 -0.438336645736 -0.105505032589 0.0206678733702
10.0 1.68960533432 -0.455918914489 -0.118286129429 0.0121773688898
10.0 1.78972909831 -0.43066532977 -0.0999755174881 0.0242547514912
10.0 1.75080641668 -0.440259150016 -0.106896420625 0.0197572082694
10.0 1.2435000213 -0.596262330171 -0.22653085314 -0.0665765046731
10.0 1.55168707292 -0.493962180327 -0.146599530509 -0.00731088065977
10.0 1.40687650613 -0.538652664689 -0.180900867041 -0.0320479277997
10.0 1.09910689483 -0.655148684452 -0.2746168067 -0.104587889121
10.0 1.63614414227 -0.470189851166 -0.128814743571 0.00505303989652
10.0 1.27769815846 -0.583493269431 -0.216275391172 -0.0586840745238
10.0 1.97443413769 -0.388488601486 -0.0703607856337 0.04272722543
10.0 1.91540214151 -0.401391180057 -0.0792970859556 0.0373174343364
10.0 1.6615517072 -0.463340079556 -0.123739619793 0.00849990609109
10.0 1.1825251712 -0.620103268006 -0.245837607621 -0.0816519818497
10.0 1.42493021263 -0.532786486127 -0.176335536786 -0.0286913263588
10.0 1.92203621631 -0.399916539632 -0.07826860441 0.0379471105214
10.0 1.01173707519 -0.695288858718 -0.308151279803 -0.131898377268
10.0 1.8277113752 -0.421544313079 -0.0934669859799 0.0284276330178
10.0 1.43731893234 -0.528812486805 -0.173250681513 -0.0264385993755
10.0 1.68418283109 -0.457341859219 -0.119327825554 0.0114763576333
10.0 1.53428750634 -0.499056696078 -0.150458911326 -0.0100298007222
10.0 1.05131021255 -0.676636490145 -0.292496688797 -0.119075330301
10.0 1.76702236383 -0.436230355613 -0.103983152401 0.0216603580936
10.0 1.48568099706 -0.513667354272 -0.161601888543 -0.0179863077014
10.0 1.90786127119 -0.403075399918 -0.0804733935345 0.0365946610904
10.0 1.90471544214 -0.4037805253 -0.080966379016 0.0362907767335
10.0 1.29719691477 -0.576383426985 -0.210607092496 -0.0543516743068
10.0 1.731887849 -0.445021270503 -0.110349284398 0.0174808593399
10.0 1.35925427414 -0.554593224031 -0.1933592194 -0.0413205257798
10.0 1.86346303681 -0.41317409975 -0.0875559553387 0.0321791914934
10.0 1.35867556511 -0.554791087635 -0.193514734862 -0.0414367943295
10.0 1.08023902449 -0.663502069762 -0.281550379493 -0.110176182731
10.0 1.08596017253 -0.660952937714 -0.279429454602 -0.108465374598
10.0 1.58584915322 -0.484151000634 -0.139227397929 -0.00214245449194
10.0 1.84101562074 -0.418404492668 -0.0912439679768 0.0298434523777
10.0 1.4923173003 -0.511636876718 -0.160049491377 -0.0168671445957
10.0 1.77367121738 -0.434591812671 -0.102800562226 0.0224283944746
10.0 1.63644673745 -0.470107432418 -0.128753571789 0.00509479904664
10.0 1.89931394 -0.404994867743 -0.0818159414415 0.0357658053745
10.0 1.42519170853 -0.532702205053 -0.176270116206 -0.0286433753639
10.0 1.01646526213 -0.693016791851 -0.306240213583 -0.130322149463
10.0 1.20391637509 -0.611585587212 -0.23890236636 -0.0762145493812
10.0 1.0172499487 -0.692641496087 -0.3059239743 -0.130061781269
10.0 1.93103658313 -0.397926353158 -0.0768830054088 0.0387919819258
10.0 1.2083014326 -0.609860289503 -0.237501545871 -0.0751213933917
10.0 1.44925280454 -0.525020625175 -0.170318032934 -0.0243043361836
10.0 1.24306238844 -0.596428474754 -0.226664579513 -0.0666801400573
10.0 1.12038908884 -0.645918857014 -0.266999686138 -0.0984593295374
10.0 1.70784241571 -0.451175211267 -0.114823503377 0.0145005751269
10.0 1.15141846944 -0.632830597539 -0.256226544264 -0.0898802040296
10.0 1.54281103228 -0.496552717943 -0.148559420313 -0.00869020221435
10.0 1.62467604065 -0.473323815697 -0.131146732084 0.00345727096133
10.0 1.98284637462 -0.386688885005 -0.0691271134453 0.043465161215
10.0 1.28648812932 -0.580273581665 -0.213703488718 -0.0567176314431
10.0 1.82631642914 -0.421875254503 -0.0937017382826 0.0282777096923
10.0 1.68927056152 -0.456006735521 -0.118350278499 0.0121342235595
10.0 1.09360356957 -0.657569562292 -0.276620840968 -0.106202478877
10.0 1.54760090712 -0.495152502575 -0.147499532176 -0.00794395744722
10.0 1.80487652001 -0.427000187854 -0.0973504064269 0.0259425888768
10.0 1.20569793609 -0.610883496307 -0.238332307521 -0.0757696666409
10.0 1.50125050369 -0.50892202905 -0.157975796844 -0.0153769276051
10.0 1.91402260077 -0.401698712855 -0.0795117441994 0.0371857745987
10.0 1.12580431372 -0.643605347393 -0.265091423613 -0.0969316056227
10.0 1.16586205379 -0.626869851338 -0.251354128667 -0.0860148968641
10.0 1.46561366718 -0.519879435706 -0.166360262443 -0.0214309088012
10.0 1.39040689523 -0.544088235333 -0.185137068377 -0.0351883738544
10.0 1.73437530122 -0.444391209207 -0.109891891489 0.0177835739092
10.0 1.46360217047 -0.520507843555 -0.166842831467 -0.0217810434004
10.0 1.26116848128 -0.58961498888 -0.221184905709 -0.06244779217
10.0 1.71065897809 -0.450448454666 -0.114294308348 0.014854611147
10.0 1.75932144404 -0.43813768801 -0.105361231067 0.0207620988548
10.0 1.15261104791 -0.632335171665 -0.255820732347 -0.0895582652131
10.0 1.08383608062 -0.661897963316 -0.280214972387 -0.109098810454
10.0 1.23716563312 -0.598674572493 -0.228471863648 -0.0680840441615
10.0 1.03634837439 -0.68359810687 -0.298320100052 -0.123829978959
10.0 1.57895977909 -0.486108660609 -0.140693025329 -0.00316705617997
10.0 1.50276834053 -0.50846285642 -0.157625298005 -0.0151256771706
10.0 1.20279897056 -0.612025993209 -0.239260517081 -0.0764941250126
10.0 1.61949975751 -0.47474744065 -0.132207180851 0.00272828372203
10.0 1.60855435952 -0.477777628382 -0.134466482009 0.00116882845698
10.0 1.52868017247 -0.500712892585 -0.151717565089 -0.0109198289548
10.0 1.97763527167 -0.387802576965 -0.0698903030272 0.0430089547428
10.0 1.28472451744 -0.58091755347 -0.214217271441 -0.0571103858377
10.0 1.11088413286 -0.650014111951 -0.270377158213 -0.101172971298
10.0 1.82469161079 -0.422260991086 -0.0939755282004 0.0281028913344
10.0 1.59755611232 -0.480849834749 -0.136759712984 -0.000422385936812
10.0 1.04242711348 -0.680756720994 -0.295939276742 -0.121886286113
10.0 1.99099418071 -0.384954797482 -0.0679415541292 0.0441726214946
10.0 1.90196238494 -0.404398530883 -0.0813988390409 0.036023766449
10.0 1.34582375329 -0.559207283238 -0.196996216611 -0.0440416109616
10.0 1.03490274736 -0.684276265414 -0.298889293135 -0.124295051887
10.0 1.68278071874 -0.457710572872 -0.119598155236 0.0112944065073
10.0 1.05958500867 -0.672834530458 -0.289327269438 -0.116488229388
10.0 1.42139661465 -0.533927377643 -0.177222715018 -0.0293412831344
10.0 1.77756836927 -0.433634931597 -0.102111137414 0.0228751866536
10.0 1.06926414912 -0.668433744273 -0.285659446882 -0.113503129207
10.0 1.78887549087 -0.430873055176 -0.100124640134 0.0241586176802
10.0 1.01792109603 -0.692320253861 -0.305653933662 -0.129839512684
10.0 1.13701116878 -0.638858776305 -0.261178597957 -0.0938124361092
10.0 1.6892179753 -0.456020511465 -0.118360357081 0.0121274458586
10.0 1.0793178386 -0.663913873371 -0.281893212103 -0.110453269826
10.0 1.16717233504 -0.626333188506 -0.250916587949 -0.0856678490173
10.0 1.73486408963 -0.444267537417 -0.109802234544 0.0178429708155
10.0 1.01401793089 -0.694191159134 -0.307228097162 -0.131136409486
10.0 1.67594966997 -0.459512812216 -0.120921065008 0.010403145073
10.0 1.62555865539 -0.473081780904 -0.130966294354 0.00358086852551
10.0 1.64021798259 -0.469083027885 -0.127992595215 0.00561376043579
10.0 1.68373610596 -0.457459405951 -0.119413929983 0.0114184050291
10.0 1.800477826 -0.428060639675 -0.098108793593 0.0254558670362
10.0 1.75385128883 -0.439499017869 -0.106346078043 0.0201177561061
10.0 1.4620997586 -0.520978018643 -0.167204025745 -0.0220430423956
10.0 1.71382600981 -0.449633202765 -0.113700764985 0.015251055568
10.0 1.72259119689 -0.447386940878 -0.112067343961 0.0163399168317
10.0 1.11674203507 -0.647485034665 -0.268291405422 -0.0994959993641
10.0 1.68538231898 -0.457026543491 -0.119096943809 0.0116319096222
10.0 1.9941754082 -0.384280219481 -0.0674812314519 0.0444468723424
10.0 1.87091185871 -0.411457196843 -0.0863486272747 0.0329391879332
10.0 1.06611946132 -0.669858098704 -0.28684699071 -0.114467888627
10.0 1.37110081598 -0.550565682116 -0.190197567644 -0.0389599419341
10.0 1.34464230585 -0.559615643769 -0.19731877496 -0.0442832789357
10.0 1.0300644388 -0.686553080839 -0.300802232755 -0.125858605556
10.0 1.37677434645 -0.548650409771 -0.18869918692 -0.0378418494613
10.0 1.09029420649 -0.659031622897 -0.277833275329 -0.10717919808
10.0 1.54592798485 -0.495641040766 -0.147869005119 -0.00820404142525
10.0 1.76138350875 -0.43762581731 -0.104991200653 0.0210035262407
10.0 1.74077065486 -0.442776782256 -0.108720877662 0.0185572546368
10.0 1.87232848894 -0.411131683678 -0.0861198684726 0.0330828264655
10.0 1.20637668727 -0.610616393613 -0.238115447998 -0.0756002572014
10.0 1.41798968667 -0.535030786419 -0.178081093775 -0.029971005956
10.0 1.15437599397 -0.631603228281 -0.255221523487 -0.0890824794443
10.0 1.14726550368 -0.634560059072 -0.257644222759 -0.0910053934316
10.0 1.4779984179 -0.516032967756 -0.163411449504 -0.0192944600677
10.0 1.41982373699 -0.534436448402 -0.177618606555 -0.0296316621615
10.0 1.56574850432 -0.48989228708 -0.143532671033 -0.00515699973178
10.0 1.65951825566 -0.463883716954 -0.124141068217 0.0082283510814
10.0 1.44892673928 -0.525123677297 -0.17039748298 -0.0243621924914
10.0 1.69835510326 -0.453634901948 -0.11661710105 0.01329858802
10.0 1.10610105562 -0.65209152672 -0.272091115884 -0.102553101861
10.0 1.09068676704 -0.658858021266 -0.27768915717 -0.107063140494
10.0 1.90055783578 -0.404714736778 -0.0816199533989 0.0358871928951
10.0 1.48928595335 -0.512562744406 -0.160757336827 -0.0173769922042
10.0 1.28759536168 -0.57986949487 -0.213381475892 -0.0564715349175
10.0 1.641151113 -0.468830018235 -0.12780459391 0.00574181090835
10.0 1.58307158656 -0.48493912177 -0.139816966323 -0.00255449288466
10.0 1.3236833272 -0.56692957707 -0.203108500267 -0.0486443467114
10.0 1.50693347696 -0.507205892604 -0.156665840234 -0.0144389928551
10.0 1.22724088361 -0.602485716305 -0.231540844184 -0.0704736589599
10.0 1.9174719509 -0.400930388919 -0.078975601956 0.0375144715466
10.0 1.67511854305 -0.459732419236 -0.121082660644 0.0102942050169
10.0 1.66907888563 -0.461334322164 -0.122260922002 0.00949916871471
10.0 1.40886301277 -0.538002565258 -0.180394452573 -0.0316741419215
