5.0 1.30349928336 -0.438204558829 0.0156288519679 0.159176641377
5.0 1.29793869354 -0.441006025105 0.0138949455343 0.158415614609
5.0 1.98472279535 -0.192139522962 0.142953735158 0.187517835273
5.0 1.85922911328 -0.226390330499 0.128877255875 0.188901322422
5.0 1.3458222134 -0.417431763458 0.0283138081905 0.164546497938
5.0 1.21637344402 -0.484291626591 -0.0133951618182 0.145585961461
5.0 1.27613531465 -0.452162655993 0.00694562051595 0.155296083259
5.0 1.2640987988 -0.458445442374 0.00300567918036 0.153477489025
5.0 1.08057080986 -0.566686291573 -0.0681404198778 0.116404440245
5.0 1.15786709087 -0.518073681834 -0.0354467575812 0.134376275295
5.0 1.29899663974 -0.440471718764 0.0142261008685 0.158561479838
5.0 1.22220364308 -0.481052068642 -0.0113200691931 0.146607887943
5.0 1.10275828855 -0.55221706111 -0.0583026118449 0.12194898315
5.0 1.71913771733 -0.269474350414 0.109169471424 0.18792772639
5.0 1.71919863743 -0.269454419128 0.109179101791 0.187928830622
5.0 1.75560304732 -0.257737191541 0.114763573879 0.188471220387
5.0 1.86793858576 -0.22388641445 0.129952402546 0.188870167333
5.0 1.8522991864 -0.228396982503 0.128010329004 0.188918904538
5.0 1.28077758066 -0.449763484338 0.00844537728966 0.155978932466
5.0 1.15420322627 -0.520268540531 -0.0369027607371 0.133610187727
5.0 1.37471682335 -0.403787358116 0.0364611749069 0.167828501885
5.0 1.68801592229 -0.279804090143 0.104123752158 0.187270728466
5.0 1.72479796626 -0.267627121536 0.110060169939 0.188027335062
5.0 1.83835291275 -0.232473577234 0.126233955338 0.18893490836
5.0 1.84817139559 -0.229598211163 0.127489004987 0.188926307929
5.0 1.23039272422 -0.476540454274 -0.00844058745107 0.148016200255
5.0 1.04537190728 -0.590499007169 -0.084594513088 0.106921400361
5.0 1.76221782588 -0.255648707827 0.115741963847 0.18854583061
5.0 1.68655318996 -0.280297059272 0.103880393944 0.187235085291
5.0 1.73453419641 -0.264471823103 0.111572962327 0.188185391027
5.0 1.78127267435 -0.24970054427 0.118499223539 0.188722374333
5.0 1.92639297865 -0.20758244598 0.136775721329 0.188406289151
5.0 1.03871764148 -0.595124214093 -0.0878209626164 0.105021715264
5.0 1.94196617651 -0.203381564424 0.138484321296 0.188209344126
5.0 1.39428167246 -0.394793918336 0.0417560335072 0.169887823969
5.0 1.32422954515 -0.427911226443 0.0219553269949 0.161896413849
5.0 1.51910576026 -0.341731906168 0.0719330304428 0.180039243415
5.0 1.58138746506 -0.317664982128 0.0848416094268 0.183459981185
5.0 1.45140691096 -0.369636972514 0.0563015800974 0.17515552135
5.0 1.13740904702 -0.530459881096 -0.0436896675841 0.129989035081
5.0 1.35512378498 -0.41299232217 0.0309808888975 0.165635059554
5.0 1.21425092348 -0.485476705824 -0.0141559284616 0.145209914092
5.0 1.79918460566 -0.244199927881 0.12100947954 0.188838462612
5.0 1.16190327738 -0.515667152956 -0.0338526810027 0.135210914631
5.0 1.86234860658 -0.225491144582 0.129264151641 0.188891316183
5.0 1.55178464 -0.328918550262 0.0788750674822 0.181948873595
5.0 1.95365146085 -0.200267535914 0.139737676689 0.188041874652
5.0 1.57575050718 -0.319782065006 0.0837279843772 0.183187651982
5.0 1.00004913778 -0.622882308483 -0.107316293707 0.0932625492244
5.0 1.75852056442 -0.256814560781 0.115196499011 0.188505003595
5.0 1.68960533432 -0.279269245979 0.104387539434 0.187308916233
5.0 1.78972909831 -0.24709276947 0.1196940746 0.188783134395
5.0 1.75080641668 -0.259259339 0.114047132088 0.188412588836
5.0 1.2435000213 -0.469413968636 -0.0039142637651 0.150204429633
5.0 1.55168707292 -0.328956193973 0.0788548708719 0.181943557584
5.0 1.40687650613 -0.389108390713 0.0450759835722 0.171144683798
5.0 1.09910689483 -0.554569498084 -0.0598941473111 0.121057615346
5.0 1.63614414227 -0.297717982598 0.0951457081868 0.185731216925
5.0 1.27769815846 -0.451353525917 0.00745174383228 0.155526971207
5.0 1.97443413769 -0.194806650911 0.141907362447 0.187703837988
5.0 1.91540214151 -0.210582471592 0.13554295264 0.188526786098
5.0 1.6615517072 -0.288829837958 0.0996335994301 0.186557696404
5.0 1.1825251712 -0.503551472781 -0.0258765397319 0.139325037817
5.0 1.42493021263 -0.381098177593 0.0497207146058 0.172851890532
5.0 1.92203621631 -0.208768163115 0.1362896542 0.188455877159
5.0 1.01173707519 -0.614327080979 -0.101283053723 0.09694456866
5.0 1.8277113752 -0.235618743627 0.124849413556 0.188929584231
5.0 1.43731893234 -0.375694004523 0.0528333417421 0.173959150895
5.0 1.68418283109 -0.281097315616 0.103484820199 0.187176542818
5.0 1.53428750634 -0.335727835197 0.0752058139908 0.180958980621
5.0 1.05131021255 -0.586406006039 -0.0817458280374 0.108586615807
5.0 1.76702236383 -0.254139340487 0.116445756378 0.188595616743
5.0 1.48568099706 -0.35527105635 0.0644281133326 0.177797681784
5.0 1.90786127119 -0.212658250676 0.134684113288 0.188600844459
5.0 1.90471544214 -0.213528234838 0.13432255194 0.188629538684
5.0 1.29719691477 -0.441381033012 0.0136624072072 0.158313098332
5.0 1.731887849 -0.265326718552 0.111164202072 0.188144110788
5.0 1.35925427414 -0.411035279105 0.0321514033911 0.166108437859
5.0 1.86346303681 -0.225170623944 0.129401905272 0.188887430247
5.0 1.35867556511 -0.411308924536 0.0319879918163 0.166042452857
5.0 1.08023902449 -0.566905683997 -0.068290633537 0.11631896852
5.0 1.08596017253 -0.563133144946 -0.065713448171 0.117779884522
5.0 1.58584915322 -0.315997666467 0.0857156263905 0.183670297277
5.0 1.84101562074 -0.231691253671 0.126576430159 0.188933734368
5.0 1.4923173003 -0.352547231983 0.0659511049241 0.178267745903
5.0 1.77367121738 -0.252061423375 0.117410139892 0.188658600524
5.0 1.63644673745 -0.297610701637 0.0952002090488 0.185741898305
5.0 1.89931394 -0.215028087012 0.133697360327 0.188675841031
5.0 1.42519170853 -0.380983318728 0.0497870318818 0.172875804367
5.0 1.01646526213 -0.610907503632 -0.0988784146772 0.0984032778786
5.0 1.20391637509 -0.491290369491 -0.0179013587406 0.14334812561
5.0 1.0172499487 -0.610342403251 -0.0984813608874 0.0986435320796
5.0 1.93103658313 -0.206323730736 0.137289822553 0.188350670455
5.0 1.2083014326 -0.48881482243 -0.0163035943029 0.144144531884
5.0 1.44925280454 -0.37055710836 0.0557761529991 0.174976883238
5.0 1.24306238844 -0.469649925801 -0.00406387116827 0.150132676877
5.0 1.12038908884 -0.541019625318 -0.0507605054951 0.126134996578
5.0 1.70784241571 -0.273189180342 0.107367307669 0.18771095053
5.0 1.15141846944 -0.521943458437 -0.0380153572932 0.133022005431
5.0 1.54281103228 -0.332396063316 0.0770068386379 0.181450348828
5.0 1.62467604065 -0.301804242509 0.0930611517188 0.185311331915
5.0 1.98284637462 -0.192624145437 0.142764252588 0.187552653433
5.0 1.28648812932 -0.446830258636 0.0102752857005 0.156804860762
5.0 1.82631642914 -0.236033364745 0.124666045547 0.188927827687
5.0 1.68927056152 -0.279381831871 0.104332031211 0.187300936093
5.0 1.09360356957 -0.558136358821 -0.062313108242 0.119698713029
5.0 1.54760090712 -0.330536012266 0.0780076433649 0.181718842391
5.0 1.80487652001 -0.242470314655 0.121790958423 0.188865704649
5.0 1.20569793609 -0.490282994651 -0.017250772938 0.143672816801
5.0 1.50125050369 -0.348908764112 0.0679754616384 0.178880285267
5.0 1.91402260077 -0.210961226015 0.135386554573 0.188540786949
5.0 1.12580431372 -0.537633688809 -0.0484891974005 0.127381329701
5.0 1.16586205379 -0.51331832944 -0.0322997840808 0.136019951934
5.0 1.46561366718 -0.363620269184 0.0597232091847 0.176295758271
5.0 1.39040689523 -0.396559346822 0.0407210529918 0.169490337033
5.0 1.73437530122 -0.264523093037 0.111548469792 0.188182930911
5.0 1.46360217047 -0.364466665889 0.0592433603315 0.176138200656
5.0 1.26116848128 -0.459988871469 0.00203514066636 0.153024335619
5.0 1.71065897809 -0.272259328701 0.107819759274 0.187767269911
5.0 1.75932144404 -0.256561704817 0.115314962188 0.188514054724
5.0 1.15261104791 -0.521225448641 -0.0375382700894 0.133274219479
5.0 1.08383608062 -0.56453076562 -0.0666670974646 0.117239932867
5.0 1.23716563312 -0.47284359815 -0.00608928119459 0.149157093297
5.0 1.03634837439 -0.596781290173 -0.0889786329022 0.104336487233
5.0 1.57895977909 -0.318575303331 0.0843632989482 0.183343578507
5.0 1.50276834053 -0.348293727223 0.0683164611681 0.17898220016
5.0 1.20279897056 -0.491923236964 -0.0183104644365 0.143143692405
5.0 1.61949975751 -0.303664267808 0.0921079182996 0.185112078724
5.0 1.60855435952 -0.307629520805 0.0900663992654 0.184671219519
5.0 1.52868017247 -0.337934988401 0.0740068020471 0.180625922127
5.0 1.97763527167 -0.193974264339 0.142234869556 0.187647251276
5.0 1.28472451744 -0.447734070883 0.00971190671957 0.156551492454
5.0 1.11088413286 -0.547023177407 -0.0547976372185 0.123902265958
5.0 1.82469161079 -0.236516812165 0.124451895272 0.188925317129
5.0 1.59755611232 -0.311658915467 0.0879789080206 0.18420080211
5.0 1.04242711348 -0.592540835115 -0.0860177509591 0.106085246059
5.0 1.99099418071 -0.190525125436 0.143582545065 0.187398653641
5.0 1.90196238494 -0.214291753674 0.134004633266 0.188653583054
5.0 1.34582375329 -0.417431024869 0.0283142533194 0.164546680665
5.0 1.03490274736 -0.597794861717 -0.0896872451699 0.103916098836
5.0 1.68278071874 -0.281571454601 0.103250168192 0.187141300062
5.0 1.05958500867 -0.580755159436 -0.0778248714558 0.11086070173
5.0 1.42139661465 -0.382653275144 0.0488219656644 0.172526407032
5.0 1.77756836927 -0.250849095016 0.117970284333 0.188692360245
5.0 1.06926414912 -0.574219931317 -0.0733119932539 0.113455871938
5.0 1.78887549087 -0.247355003067 0.119574258414 0.188777480614
5.0 1.01792109603 -0.609859147678 -0.0981421274012 0.0988486490834
5.0 1.13701116878 -0.530704018966 -0.0438527225397 0.129901006108
5.0 1.6892179753 -0.279399520129 0.104323309295 0.187299678834
5.0 1.0793178386 -0.567516065509 -0.0687082318666 0.1160818406
5.0 1.16717233504 -0.51254324338 -0.0317879294192 0.136285700456
5.0 1.73486408963 -0.264365404962 0.111623798702 0.188190429055
5.0 1.01401793089 -0.612674751691 -0.100120610217 0.0976506196666
5.0 1.67594966997 -0.283890904224 0.102099421964 0.186963915469
5.0 1.62555865539 -0.301488104264 0.0932229301798 0.185344703035
5.0 1.64021798259 -0.296277603795 0.0958771965585 0.185873313325
5.0 1.68373610596 -0.281248306576 0.103410107756 0.187165318451
5.0 1.800477826 -0.243806300488 0.121187711384 0.188845054198
5.0 1.75385128883 -0.258292373818 0.114502601629 0.188450307356
5.0 1.4620997586 -0.365100024184 0.0588839456534 0.176019767606
5.0 1.71382600981 -0.271216318497 0.108326097268 0.187828796795
5.0 1.72259119689 -0.268346181079 0.109713855136 0.187989213443
5.0 1.11674203507 -0.543313989244 -0.0523018952362 0.125284931736
5.0 1.68538231898 -0.280692145801 0.103685168248 0.187206264426
5.0 1.9941754082 -0.189709568248 0.143899047085 0.187336495373
5.0 1.87091185871 -0.223035969285 0.130315841923 0.188857277843
5.0 1.06611946132 -0.576334353376 -0.0747694631836 0.112620258933
5.0 1.37110081598 -0.405471258142 0.0354634728061 0.167433595411
5.0 1.34464230585 -0.417998042296 0.0279724074334 0.164406150209
5.0 1.0300644388 -0.601202415841 -0.0920712258574 0.102496594464
5.0 1.37677434645 -0.402832271327 0.0370262711991 0.168051198932
5.0 1.09029420649 -0.56029379666 -0.0637793434076 0.118872470272
5.0 1.54592798485 -0.331184656214 0.0776590704696 0.181625712992
5.0 1.76138350875 -0.25591144871 0.115619158011 0.1885368252
5.0 1.74077065486 -0.262465109221 0.112529220262 0.188277699015
5.0 1.87232848894 -0.222631702744 0.130488365702 0.188850697836
5.0 1.20637668727 -0.489899680644 -0.0170034134661 0.143796086767
5.0 1.41798968667 -0.38415841763 0.0479506515186 0.172208735992
5.0 1.15437599397 -0.520164819426 -0.0368338791262 0.133646488909
5.0 1.14726550368 -0.524452205753 -0.0396841415145 0.132135886698
5.0 1.4779984179 -0.358447342239 0.0626446211696 0.177237442782
5.0 1.41982373699 -0.383347442218 0.0484203030562 0.172380216714
5.0 1.56574850432 -0.323568671823 0.0817264463337 0.182686728554
5.0 1.65951825566 -0.289532993122 0.0992808739397 0.186496739246
5.0 1.44892673928 -0.370696639361 0.055696437632 0.174949709143
5.0 1.69835510326 -0.276339141192 0.105828024548 0.187510027969
5.0 1.10610105562 -0.5500735656 -0.0568546352789 0.122757427727
5.0 1.09068676704 -0.560037314475 -0.0636049906249 0.118970884355
5.0 1.90055783578 -0.214681958475 0.133841881819 0.188665488403
5.0 1.48928595335 -0.353789287181 0.0652574519674 0.178054586506
5.0 1.28759536168 -0.446263800133 0.0106281845931 0.156963307309
5.0 1.641151113 -0.29594866854 0.0960439964928 0.185905342373
5.0 1.58307158656 -0.317034625253 0.0851722561702 0.18353988938
5.0 1.3236833272 -0.428179225641 0.0217914770423 0.161827036606
5.0 1.50693347696 -0.34661082996 0.0692478498281 0.179258502603
5.0 1.22724088361 -0.478271649034 -0.00954406757467 0.147478030761
5.0 1.9174719509 -0.210015211366 0.13577674616 0.188505321283
5.0 1.67511854305 -0.284174143373 0.101958608926 0.186941723711
5.0 1.66907888563 -0.286239222796 0.100929563354 0.186775604012
5.0 1.40886301277 -0.388219062447 0.0455935265776 0.171337921638
