0.1 3.3080999685260384 0.0009307300507270023 1.3928803661064712e-07 9.065528084403292e-12
0.1 1.8330440771324588 0.005768458779487587 2.69799297152783e-06 5.681858751179875e-10
0.1 1.0177610913371709 0.040872342944750194 5.319222198108204e-05 3.5532361809314e-08
0.1 3.638264533541036 0.0006968797548914095 8.648643984415436e-08 4.655979752820518e-12
0.1 2.167498190670398 0.003412697492541612 1.1614618851007672e-06 1.7541208958105752e-10
0.1 3.2855705977991243 0.0009503071859713616 1.4413973865577706e-07 9.510022945024496e-12
0.1 1.7893573430081735 0.006225515007306245 3.046401786038076e-06 6.729502726796991e-10
0.1 1.0813006206571192 0.032931169162822814 3.9033806565196085e-05 2.318877063285455e-08
0.1 1.7706258444103498 0.006436511378093506 3.212214868144295e-06 7.245160609896928e-10
0.1 1.1854871769836908 0.023932279025010945 2.443106392521769e-05 1.2134236782716781e-08
0.1 3.0923078413073455 0.001143271876895759 1.9530656051510732e-07 1.4541470056853711e-11
0.1 0.8843814240580149 0.06913438456148648 0.00010947161040963223 9.57705008823675e-08
0.1 2.5785680771230504 0.0019947611204792735 4.856948213790779e-07 5.19322676573806e-11
0.1 2.3082336934362337 0.0028075175288294093 8.467932622840317e-07 1.1285915560775713e-10
0.1 1.324805766218711 0.01645987911501761 1.3900084277625562e-05 5.5544866154432834e-09
0.1 0.8873234122245025 0.06824725230585736 0.00010761157057592049 9.354885944779182e-08
0.1 0.9794517137824894 0.04700493055298905 6.474561006225851e-05 4.6573155926013697e-08
0.1 0.8096876793315361 0.09854392915834789 0.0001728722249582419 1.7878404600673595e-07
0.1 0.9791036058268888 0.04706640618757493 6.486374520189901e-05 4.6690093135400794e-08
0.1 1.5580791782477823 0.009684963541066008 6.121026690474374e-06 1.7775985134170322e-09
0.1 1.5002038422661368 0.010945965772630952 7.410341863477217e-06 2.318817025647783e-09
0.1 1.0257965141589975 0.03972954033394634 5.10942718669193e-05 3.3616011643180514e-08
0.1 1.8979626255795694 0.005169271522887656 2.2644788595609333e-06 4.4510996837848606e-10
0.1 0.8950359553184515 0.06599705343228196 0.00010291355492858348 8.799929747535989e-08
0.1 0.849589391195142 0.08099801433354266 0.0001347054215341951 1.2719576416770166e-07
0.1 0.9776956067456827 0.04731621276914687 6.534422810620686e-05 4.716651082741117e-08
0.1 1.288968726553461 0.01803542019257695 1.597309221477523e-05 6.735504198012099e-09
0.1 2.3650722390380765 0.002603974732854775 7.494352382582926e-07 9.516710302801256e-11
0.1 1.8010308945748112 0.006098728521489449 2.9482612975487574e-06 6.429393545803283e-10
0.1 1.8507812359386047 0.005595816706389632 2.570326634539926e-06 5.310712345808924e-10
0.1 1.7120412978407415 0.007162301450810303 3.805598241685292e-06 9.174456505618246e-10
0.1 1.3915725128925116 0.013990927290544894 1.0836482415123654e-05 3.931659328497899e-09
0.1 1.2440220673911653 0.02031885351199141 1.9124850126166395e-05 8.644972089260554e-09
0.1 2.1142702821897426 0.0036873195444304297 1.3160276006964279e-06 2.0881711322265483e-10
0.1 0.9412721037921722 0.054483656217707274 7.940758393431844e-05 6.165821762784378e-08
0.1 1.0118025013241336 0.041749649505119404 5.4815205025966985e-05 3.7034262546961345e-08
0.1 0.8989523506929069 0.06489460628569103 0.00010062281071165154 8.53260645678799e-08
0.1 1.9095075029749804 0.005071623464818014 2.1964249751737336e-06 4.265741905655934e-10
0.1 1.1426729093926251 0.027158976538992862 2.945962476448999e-05 1.5719734955917056e-08
0.1 1.0946608925113999 0.03153912610104509 3.666327229957559e-05 2.1267296312000347e-08
0.1 1.5518000413196533 0.00981190979298906 6.2470833730814155e-06 1.8287187910407295e-09
0.1 1.4964874924216842 0.011034397481722037 7.503778637586058e-06 2.3595609139262345e-09
0.1 0.9321367086199123 0.05651979886052687 8.349082109703137e-05 6.605310081972547e-08
0.1 1.1620972312052469 0.025625040100516385 2.703737705181243e-05 1.39610155050312e-08
0.1 0.8605565228341356 0.07696379412275332 0.00012605726560526432 1.1616541721309288e-07
0.1 1.3353631576478469 0.01603179762531443 1.3352181100917498e-05 5.253078775298732e-09
0.1 0.916438052257856 0.0602781109010452 9.111619603056026e-05 7.447015113955611e-08
0.1 0.8911724698418465 0.06711085505486589 0.0001052353136883144 9.073072738801484e-08
0.1 0.9516263568219488 0.05229876050015621 7.506699179033449e-05 5.7076075308426655e-08
0.1 0.8686389010969354 0.07417209852494623 0.00012011082179128102 1.0873527023419803e-07
0.1 1.0414718157903569 0.037625199310100076 4.728138379207844e-05 3.020796605749047e-08
0.1 1.4029320933653595 0.01362212853299543 1.039973953314193e-05 3.713366745087682e-09
0.1 1.7776305296113941 0.0063564933896282485 3.1489689472199016e-06 7.04721476754448e-10
0.1 0.9234895530236461 0.05854755445145422 8.759137838622105e-05 7.054617056198627e-08
0.1 2.536056978858603 0.0020994774701015837 5.279425621451168e-07 5.834854156280821e-11
0.1 1.5172993730318969 0.010551348609094563 6.998124459494818e-06 2.141456995248184e-09
0.1 2.053587861576536 0.004037970174662114 1.5234696184374123e-06 2.56120102613194e-10
0.1 1.1758018209461634 0.024613931146248717 2.547188128231475e-05 1.2855331321283466e-08
0.1 0.8696995061169116 0.07381653105478464 0.00011935589177834546 1.0780122930615466e-07
0.1 1.7104736532763865 0.007183210794160311 3.82320728665304e-06 9.233623625427869e-10
0.1 0.9370403228437432 0.055413758687579515 8.126838014383009e-05 6.365106355420917e-08
0.1 0.9434427322804791 0.054015103253637134 7.847306946002479e-05 6.066377435541053e-08
0.1 1.079194740735284 0.033158333629268025 3.942409621326221e-05 2.3509411006454964e-08
0.1 1.9999732355627189 0.0043861752688593115 1.740200182723647e-06 3.0832497482166204e-10
0.1 0.924118386857424 0.05839665530572352 8.728510483692312e-05 7.020788313915378e-08
0.1 1.3771044167102293 0.014480661400230115 1.1425121893796622e-05 4.231259918153783e-09
0.1 0.999093165233507 0.043710985474396995 5.848092220557217e-05 4.048694957449665e-08
0.1 1.3905814112258497 0.014023747751760367 1.087562381172051e-05 3.951390975664199e-09
0.1 0.8870158954832671 0.06833922112402455 0.00010780419945494313 9.377829916626193e-08
0.1 1.0378584631887768 0.038096230818709644 4.812901262649563e-05 3.095706620220684e-08
0.1 2.364283976759986 0.002606659674489943 7.506904836366827e-07 9.538971555069636e-11
0.1 2.30220125423012 0.0028303600033505404 8.579938546710326e-07 1.1494841929375854e-10
0.1 0.8984519055297822 0.0650340155368312 0.00010091207197860152 8.566242308995618e-08
0.1 1.606555183832127 0.008776074187860096 5.244175556053053e-06 1.4335753664889409e-09
0.1 1.566017020423293 0.009527653864488955 5.96601766794045e-06 1.7152956960042504e-09
0.1 3.3934970831260918 0.0008612385151280746 1.225909250069355e-07 7.583359325527707e-12
0.1 1.117680430912078 0.029325738611209077 3.297246448092991e-05 1.8368079500067822e-08
0.1 0.9374237062302906 0.05532857585691679 8.109764760825756e-05 6.346751470746847e-08
0.1 0.8613271678846159 0.07669119773597503 0.0001254751741262511 1.1543244230688135e-07
0.1 2.221881533942537 0.0031597956563793285 1.02550894591838e-06 1.4743877650094267e-10
0.1 0.8924175613061873 0.0667490108691739 0.00010448023600748207 8.984000737835531e-08
0.1 2.315779957870413 0.0027792902632643316 8.330280972628831e-07 1.1030643035022689e-10
0.1 1.5848890613993167 0.009167325048571533 5.616030778875672e-06 1.576941896671728e-09
0.1 1.5629368399952466 0.009588281060810161 6.025600319146146e-06 1.7391703116680068e-09
0.1 1.204189073584517 0.02268782728850756 2.256243305005314e-05 1.0868823817356575e-08
0.1 1.29833674729729 0.017604281760442743 1.539722109140475e-05 6.401164637310977e-09
0.1 1.268438648787379 0.019032233038981532 1.732836594728867e-05 7.540484757180776e-09
0.1 1.2780759431733386 0.018555139854413 1.667561635894246e-05 7.149651670067324e-09
0.1 0.8361371805850982 0.0863726090426855 0.00014631341538186732 1.4240039568828016e-07
0.1 1.9900516741288592 0.004455006647084467 1.784269501603419e-06 3.1926766345481805e-10
0.1 2.1562408686564307 0.003468423211358071 1.192250451972211e-06 1.819341491441454e-10
0.1 0.9270014982582009 0.05771179802985812 8.589731883379745e-05 6.868045728200198e-08
0.1 1.784204110791046 0.006282618484016683 3.0909717846627904e-06 6.867057060218224e-10
0.1 1.0678840441164406 0.03441647737216364 4.1602619397971335e-05 2.532081433713061e-08
0.1 0.84199292143141 0.08397205942235465 0.00014111763879134657 1.3553963758631863e-07
0.1 3.0884569211042217 0.0011476290187058097 1.9653011128787085e-07 1.466896170012291e-11
0.1 0.957783520231021 0.05105766012396045 7.262143270339034e-05 5.4536457503469213e-08
0.1 3.4661571672788853 0.0008074764145193375 1.102468700655938e-07 6.5375795483204544e-12
0.1 1.3018551509685066 0.01744600385764708 1.5187410637967608e-05 6.280527863037279e-09
0.1 1.4347034189442562 0.01265853260044077 9.286025222723941e-06 3.17280078159104e-09
0.1 1.0507058813045445 0.03645774946652722 4.51956212080682e-05 2.8385986690302473e-08
0.1 0.9601311684857273 0.05059535389111368 7.171434617956327e-05 5.3602366138497924e-08
0.1 3.3247473717798592 0.000916609539724095 1.3582863195567763e-07 8.75231573630631e-12
0.1 3.044762483127689 0.0011986621464685153 2.1107853792426125e-07 1.6208742467803706e-11
0.1 1.1560134314846415 0.026092312723760076 2.7769333770046528e-05 1.4486438805323957e-08
0.1 1.0268735554190838 0.03957976653532906 5.08207097345258e-05 3.336824909032754e-08
0.1 2.4657548073123348 0.002289462126349533 6.079304375096015e-07 7.105458652472281e-11
0.1 1.1427536935434603 0.02715233747311437 2.944902227853904e-05 1.571191381652251e-08
0.1 2.465284602873645 0.002290809044231997 6.085125800504021e-07 7.114961902773902e-11
0.1 1.3884600725873761 0.01409435018162605 1.095997436711457e-05 3.994006036435585e-09
0.1 0.8032522678629898 0.10187767855122916 0.00018019358685405202 1.891786218577893e-07
0.1 0.9036986336705837 0.06359326557663525 9.79285824086862e-05 8.221003056872175e-08
0.1 1.0491519891800285 0.036650639788912275 4.553873116019362e-05 2.8683593587055692e-08
0.1 1.3863822323839392 0.014163976094868452 1.1043359147999918e-05 4.036257463887596e-09
0.1 0.8469610140167785 0.08200971091530196 0.0001368834274695994 1.3001438860571932e-07
0.1 1.0057444211896374 0.042668841610511 5.652687438494284e-05 3.863616847721434e-08
0.1 3.9199119609154414 0.0005557494502646756 5.9536310479030236e-08 2.7619946761275077e-12
0.1 1.0707340447033977 0.03409328572155054 4.104030369815298e-05 2.4849781144384747e-08
0.1 1.1924180875310175 0.023460365636588886 2.3717581592301086e-05 1.1646578906061239e-08
0.1 1.3555614245777317 0.015254261186029168 1.237455968865357e-05 4.72705816941861e-09
0.1 1.4402918017864696 0.012498729049987719 9.105265820101186e-06 3.0873270099864765e-09
0.1 1.611277569732797 0.008693814846922264 5.167097151823424e-06 1.4043408035696892e-09
0.1 1.8500874583079918 0.005602437417964707 2.5751819569539824e-06 5.324698061592071e-10
0.1 0.9669149823461848 0.04929209938241928 6.916895540755731e-05 5.10043966818372e-08
0.1 1.023185544403557 0.04009592349585527 5.176484297669163e-05 3.4225422690576055e-08
0.1 2.393744590104195 0.0025087860095488546 7.054431809240226e-07 8.745939984695574e-11
0.1 0.9777423259297674 0.04730789405000854 6.532821638626139e-05 4.7150613751810233e-08
0.1 0.9540305995946478 0.051809134282826026 7.410040764132351e-05 5.606863693211467e-08
0.1 0.9996006216553297 0.04363022700798431 5.832899873107346e-05 4.0342223944214764e-08
0.1 2.063927731107482 0.00397513868387962 1.4854875191311507e-06 2.472574007215151e-10
0.1 1.7031923713556274 0.007281419773250225 3.906291405042881e-06 9.51422073017113e-10
0.1 1.878257460066314 0.005341886891759745 2.386584402521551e-06 4.789160298474965e-10
0.1 0.8611128788043234 0.07676685850005001 0.00012563670669248672 1.1563572403423561e-07
0.1 0.8409435534700663 0.08439514783593834 0.00014203213629469403 1.3674078657456824e-07
0.1 1.1377383941741608 0.027568801895539192 3.011605740769487e-05 1.6206024268408036e-08
0.1 2.5384091240619373 0.002093493180670386 5.25492490364561e-07 5.797070271998588e-11
0.1 2.550032582046459 0.0020642546105517365 5.135836571033055e-07 5.614413238743609e-11
0.1 1.604583746259873 0.00881072710700556 5.2767616388321e-06 1.445985222855354e-09
0.1 2.7039511279580952 0.0017239668744760497 3.8276039862119785e-07 3.7234611368548056e-11
0.1 1.2971506683776919 0.017658081701447267 1.5468734359912705e-05 6.44242772640096e-09
0.1 1.94011939681536 0.004824465188350475 2.0275297810483004e-06 3.8154931778217855e-10
0.1 2.7413935504296156 0.0016527352012110866 3.572506328745143e-07 3.3814149582447236e-11
0.1 2.255603904678408 0.0030155150506207037 9.507822965842561e-07 1.3266377159198098e-10
0.1 1.7217457738811976 0.007034678249963462 3.698732775508261e-06 8.817685246999847e-10
0.1 1.0793768634146124 0.03313860193157666 3.939015770359014e-05 2.3481481649984994e-08
0.1 1.758511682057286 0.006578143042510127 3.3252365290448735e-06 7.602690778817571e-10
0.1 1.2768439291493234 0.018615209472007826 1.6757392892798074e-05 7.198300275754787e-09
0.1 1.6928147181594735 0.007424559208404251 4.028489709926221e-06 9.931157260174512e-10
0.1 2.9208097419106043 0.001361035992977537 2.5997063328382606e-07 2.168714418445173e-11
0.1 2.921233763897275 0.0013604317404741645 2.597815124591538e-07 2.166509978065462e-11
0.1 1.9674015257232365 0.0046176926079945545 1.8900032023458608e-06 3.4595415130440335e-10
0.1 2.1103959231868576 0.003708454040294386 1.3282144664070533e-06 2.1151981632408376e-10
0.1 3.160364356358683 0.0010697941967140441 1.751198663228293e-07 1.2484716930404733e-11
0.1 0.9615040043489279 0.05032773621588899 7.119023904722397e-05 5.306462348202361e-08
0.1 1.3244460694758111 0.01647473823744147 1.3919223262880275e-05 5.565098839606411e-09
0.1 1.8849987571552034 0.005281970121831612 2.343940839548655e-06 4.670307982335824e-10
0.1 0.9324218858419197 0.056454625572086595 8.335957942825628e-05 6.591059883392794e-08
0.1 1.6815584901551428 0.007584158211374684 4.1662661277150846e-06 1.0407193714683512e-09
0.1 2.217658715700438 0.0031785124029379695 1.0353555013304738e-06 1.4941819578235733e-10
0.1 1.6693613642283696 0.007762388183409103 4.3220042473390835e-06 1.0952723728932355e-09
0.1 1.070919009383561 0.03407245668543372 4.100412687208177e-05 2.481955916849019e-08
0.1 1.8536578416792688 0.00556847772450493 2.5503120099662433e-06 5.253169741548691e-10
0.1 1.9164179604997602 0.005014361910537763 2.1568647246641462e-06 4.1590185044290135e-10
0.1 0.8736414091875137 0.07251610453803013 0.00011659983351428593 1.0440930308429413e-07
0.1 1.2522801786717024 0.019870685210092734 1.84932121011816e-05 8.251918207872283e-09
0.1 0.9944117920873545 0.04446596995216266 5.990518047528265e-05 4.185045538518696e-08
0.1 0.8609552572211125 0.07682257930266229 0.00012575568324684993 1.1578551061651491e-07
0.1 1.8860403639180698 0.005272793323118039 2.337433854757578e-06 4.6522463464229964e-10
0.1 1.261382389927112 0.01939228506724725 1.782585175682751e-05 7.842163531270955e-09
0.1 2.5788848676610105 0.001994007376852307 4.853955637389424e-07 5.188758031960328e-11
0.1 0.8154536749321281 0.09568906628042897 0.00016661595935948462 1.7002298310734293e-07
0.1 0.930120246078622 0.0569836802601897 8.44259666352782e-05 6.707083853689681e-08
0.1 1.096296765044135 0.03137432449179395 3.638508620263817e-05 2.1044789981599748e-08
0.1 2.1850646518738333 0.0033281215892633073 1.1153029076094696e-06 1.6576137980352444e-10
0.1 0.8094637210645876 0.0986572828837984 0.00017312090413192292 1.7913462088316305e-07
0.1 3.4609003288462463 0.0008112128027837908 1.1108828399107724e-07 6.607449562663055e-12
0.1 1.4678572927796831 0.011749391370217726 8.273158593575198e-06 2.702406069329959e-09
0.1 0.8273610054951449 0.09015888850262864 0.00015454049156472476 1.5344072517874826e-07
0.1 1.7361118216947775 0.006851337610472658 3.547075633108249e-06 8.318264084425513e-10
0.1 0.9623118225286714 0.050171191774037074 7.088399707404494e-05 5.275108479450234e-08
0.1 0.8066431675759245 0.10010112955209309 0.0001762901268733117 1.8361784018303935e-07
0.1 1.0381088980560658 0.038063320060347454 4.806967760478744e-05 3.0904467393696933e-08
0.1 1.7885244722403084 0.00623469646964969 3.0535526620134834e-06 6.751519464439326e-10
0.1 0.8108977093610581 0.09793472660987033 0.0001715360759005703 1.769034461770999e-07
0.1 1.5304190460226508 0.01026151652295327 6.700373735608271e-06 2.0158295507655163e-09
0.1 0.8226124308583607 0.0923076967804019 0.00015922496489686355 1.5982123972799597e-07
0.1 2.604628473554372 0.0019340110572376183 4.61799898990999e-07 4.839876701465318e-11
0.1 0.8324838650824476 0.08792046026353115 0.0001496722212302361 1.468819084238013e-07
0.1 0.9812371052675667 0.04669139628761364 6.414377458499731e-05 4.597864410695179e-08
0.1 3.3372084500865915 0.0009062269851726379 1.3330652081338416e-07 8.525951249254882e-12
0.1 1.0825303131274326 0.03279951920335695 3.880805567920286e-05 2.300385251874072e-08
0.1 2.0735867135161716 0.003917628509867004 1.4510297114932508e-06 2.392937595592086e-10
0.1 1.2843082104555175 0.018255309387620353 1.6269223792320283e-05 6.909246490635565e-09
0.1 1.2991243088174447 0.017568682372617175 1.5349955647334485e-05 6.373932726292644e-09
0.1 2.763904572923212 0.0016117999011566193 3.42895391987904e-07 3.193105732515325e-11
0.1 0.9278431175462309 0.0575140202237729 8.549723536394137e-05 6.82417756999922e-08
0.1 0.8150515977771104 0.09588424814659118 0.00016704324879870076 1.7061772220004787e-07
0.1 1.1780099058571063 0.02445619326091336 2.5229969789227915e-05 1.2686717316346765e-08
0.1 1.510445046062275 0.010707206541069565 7.160003191494536e-06 2.210637266268721e-09
0.1 1.0908895767458735 0.0319236621439743 3.731441958031352e-05 2.179058798831825e-08
