0.01 3.3080999685260384 9.311720290838582e-05 1.3933245605799239e-10 9.067801343009837e-17
0.01 1.8330440771324588 0.0005778458355985565 2.7007108336350697e-09 5.686476701466126e-15
0.01 1.0177610913371709 0.004122121922598555 5.334762139732428e-08 3.562450987168874e-13
0.01 3.638264533541036 6.971510289712246e-05 8.650929406408997e-11 4.656945348908022e-17
0.01 2.167498190670398 0.0003416731808178089 1.16230943934717e-09 1.755142584755308e-15
0.01 3.2855705977991243 9.507649809984668e-05 1.4418632942449168e-10 9.512440410189034e-17
0.01 1.7893573430081735 0.0006236935494973285 3.0496150747893354e-09 6.735240472829663e-15
0.01 1.0813006206571192 0.00331622848538274 3.9136876009204166e-08 2.324219669789844e-13
0.01 1.7706258444103498 0.0006448615886488613 3.215671600979512e-09 7.251468413265332e-15
0.01 1.1854871769836908 0.0024059516778977192 2.448609992808894e-08 1.2157579470808113e-13
0.01 3.0923078413073455 0.00011438976409543195 1.9537770467670624e-10 1.4545641845372e-16
0.01 0.8843814240580149 0.00701155935957113 1.09870180997539e-07 9.609676763403553e-13
0.01 2.5785680771230504 0.00019963709343697936 4.859475735037636e-10 5.195367162836875e-16
0.01 2.3082336934362337 0.00028104035591102047 8.473401786629534e-10 1.1291715337975964e-15
0.01 1.324805766218711 0.001652401058619514 1.3925761024443018e-08 5.5630726175586074e-14
0.01 0.8873234122245025 0.006920324873589166 1.0800144750999999e-07 9.386551856016518e-13
0.01 0.9794517137824894 0.004746208334226415 6.494692912101092e-08 4.670331236798615e-13
0.01 0.8096876793315361 0.010057731585388339 1.735846754118521e-07 1.7950589044754193e-12
0.01 0.9791036058268888 0.004752472262220049 6.506554671290789e-08 4.682066668421616e-13
0.01 1.5580791782477823 0.0009709784754044898 6.129411470546546e-09 1.7795927230865134e-14
0.01 1.5002038422661368 0.0010976807301047717 7.421235222107504e-09 2.3216207977074587e-14
0.01 1.0257965141589975 0.004005992739707326 5.124162138750638e-08 3.37018624874399e-13
0.01 1.8979626255795694 0.000517753567103607 2.2666131155635985e-09 4.454475689887409e-15
0.01 0.8950359553184515 0.00668907232735889 1.0328163671178901e-07 8.829222838613113e-13
0.01 0.849589391195142 0.008235207912172308 1.3522518216387024e-07 1.276639748083442e-12
0.01 0.9776956067456827 0.004777927382906875 6.554799439436802e-08 4.729878667359674e-13
0.01 1.288968726553461 0.0018111133069115242 1.6004096942014295e-08 6.746494120217505e-14
0.01 2.3650722390380765 0.00026065119167468956 7.49896896561416e-10 9.521369628831202e-16
0.01 1.8010308945748112 0.0006109746491468356 2.951332782857503e-09 6.434805099241637e-15
0.01 1.8507812359386047 0.0005605301360264506 2.5728686962294147e-09 5.3149468823887646e-15
0.01 1.7120412978407415 0.0007176892927430667 3.8099636667150015e-09 9.182995473279606e-15
0.01 1.3915725128925116 0.0014038757687814998 1.0854783793745356e-08 3.9371747868079726e-14
0.01 1.2440220673911653 0.0020412983452482024 1.9164410076698202e-08 8.660098749766666e-14
0.01 2.1142702821897426 0.00036919284873360066 1.3170352762286008e-09 2.0894490723860138e-15
0.01 0.9412721037921722 0.005509402642237022 7.967054078394915e-08 6.18443778996254e-13
0.01 1.0118025013241336 0.0042113076348225375 5.497689602079156e-08 3.713141179121469e-13
0.01 0.8989523506929069 0.006575858502101442 1.009803525926838e-07 8.560770785119094e-13
0.01 1.9095075029749804 0.0005079618630323303 2.19847117214735e-09 4.268938573828379e-15
0.01 1.1426729093926251 0.002731991740558497 2.9530388436823638e-08 1.5752239590430569e-13
0.01 1.0946608925113999 0.0031752146353601638 3.6758083344064135e-08 2.1315131632783925e-13
0.01 1.5518000413196533 0.000983730994225603 6.255705690485574e-09 1.830786820174105e-14
0.01 1.4964874924216842 0.0011065683630789142 7.514860318278222e-09 2.3624279858532984e-14
0.01 0.9321367086199123 0.005717601907880244 8.377152478749023e-08 6.625634077060305e-13
0.01 1.1620972312052469 0.0025769469269428407 2.710044628934977e-08 1.39889442453092e-13
0.01 0.8605565228341356 0.007818351137275121 1.2653485105677858e-07 1.165825856440246e-12
0.01 1.3353631576478469 0.0016092941058132133 1.3376493068033514e-08 5.26107273602904e-14
0.01 0.916438052257856 0.006102371326120686 9.143064747240789e-08 7.470696113464822e-13
0.01 0.8911724698418465 0.006803508491520145 1.0561413701644349e-07 9.103528796539341e-13
0.01 0.9516263568219488 0.005286191696327453 7.531134835044204e-08 5.724477840066682e-13
0.01 0.8686389010969354 0.0075303444010525996 1.2055978179579022e-07 1.0911877799622214e-12
0.01 1.0414718157903569 0.00379229071182743 4.7414353221908286e-08 3.028286251222481e-13
0.01 1.4029320933653595 0.0013667717769420382 1.041704332236421e-08 3.718492997590625e-14
0.01 1.7776305296113941 0.0006368336413107018 3.152332259427562e-09 7.053302340996556e-15
0.01 0.9234895530236461 0.005925122886282721 8.78901351165727e-08 7.076719443802643e-13
0.01 2.536056978858603 0.00021012339495763666 5.282263758384756e-10 5.837340003947531e-16
0.01 1.5172993730318969 0.0010580241820475915 7.008197215379084e-09 2.1439889037376122e-14
0.01 2.053587861576536 0.00040433603113773967 1.5247036085549571e-09 2.562861931406809e-15
0.01 1.1758018209461634 0.002474796206464709 2.5530093521002376e-08 1.2880462911741573e-13
0.01 0.8696995061169116 0.007493688780989478 1.1980124055747092e-07 1.0818054847626261e-12
0.01 1.7104736532763865 0.000719787697764445 3.827600529645904e-09 9.242233293144165e-15
0.01 0.9370403228437432 0.005604485033985661 8.153939530914698e-08 6.384492885736638e-13
0.01 0.9434427322804791 0.005461517597949595 7.87319981628003e-08 6.084611492713249e-13
0.01 1.079194740735284 0.003339247356268335 3.95285404947392e-08 2.356378282239671e-13
0.01 1.9999732355627189 0.00043923930334842896 1.741683433912115e-09 3.0853571906673067e-15
0.01 0.924118386857424 0.005909673629960574 8.758250542932631e-08 7.04275570452766e-13
0.01 1.3771044167102293 0.0014531545800653054 1.1444790164356028e-08 4.2373194343492176e-14
0.01 0.999093165233507 0.004410807000513981 5.865702121774884e-08 4.0595805513338257e-13
0.01 1.3905814112258497 0.0014071780040120143 1.0894015293388861e-08 3.9569419189048123e-14
0.01 0.8870158954832671 0.006929781444284375 1.0819497504910503e-07 9.409594767581009e-13
0.01 1.0378584631887768 0.0038401100300835536 4.826515010606509e-08 3.1034342679576865e-13
0.01 2.364283976759986 0.0002609201335168704 7.511532154387064e-10 9.54364488165355e-16
0.01 2.30220125423012 0.00028332863729273525 8.585508318139083e-10 1.1500779932686431e-15
0.01 0.8984519055297822 0.006590171832012388 1.0127094153794449e-07 8.594548143263781e-13
0.01 1.606555183832127 0.0008796928940538365 5.250958197104209e-09 1.4350889318234417e-14
0.01 1.566017020423293 0.0009551766128737165 5.974112770080486e-09 1.7172007434036533e-14
0.01 3.3934970831260918 8.616262202170374e-05 1.2262810115797465e-10 7.585166606056729e-17
0.01 1.117680430912078 0.002951152483295574 3.3054748041870115e-08 1.8407743414775277e-13
0.01 0.9374237062302906 0.0055957754201236935 8.136792134581819e-08 6.366066756571331e-13
0.01 0.8613271678846159 0.007790212137500455 1.2594994359925913e-07 1.1584626366761883e-12
0.01 2.221881533942537 0.0003163330147671777 1.026222197619466e-09 1.4752051975804662e-15
0.01 0.8924175613061873 0.006766325034036957 1.0485555957101409e-07 9.014076495792464e-13
0.01 2.315779957870413 0.00027821267751138354 8.335627190433301e-10 1.1036274907191163e-15
0.01 1.5848890613993167 0.0009189848769622419 5.623481873889384e-09 1.5786522213690245e-14
0.01 1.5629368399952466 0.0009612665444497286 6.0338064502522495e-09 1.7411094204813557e-14
0.01 1.204189073584517 0.002280311245183159 2.2611877795632435e-08 1.0889098861482032e-13
0.01 1.29833674729729 0.0017676734144929126 1.5426720543679463e-08 6.41146104857522e-14
0.01 1.268438648787379 0.0019115747926053074 1.7362985668563e-08 7.553183472269896e-14
0.01 1.2780759431733386 0.0018634874619214118 1.6708482520550352e-08 7.161514022365626e-14
0.01 0.8361371805850982 0.008791810097934612 1.468907185473856e-07 1.4294092581944203e-12
0.01 1.9900516741288592 0.0004461394064886631 1.785804939381969e-09 3.1948805549930693e-15
0.01 2.1562408686564307 0.00034725714609916983 1.1931292897808562e-09 1.820412205514221e-15
0.01 0.9270014982582009 0.005839569586659193 8.618859001134186e-08 6.889405793685923e-13
0.01 1.784204110791046 0.0006294222350052045 3.0942500386154935e-09 6.872945705453629e-15
0.01 1.0678840441164406 0.003466773068061481 4.171481374191002e-08 2.538059496379269e-13
0.01 0.84199292143141 0.008543027442385788 1.416690596838348e-07 1.360472640867246e-12
0.01 3.0884569211042217 0.00011482588238462491 1.9660187707747267e-10 1.4673180540106597e-16
0.01 0.957783520231021 0.0051594904759288875 7.285543562269396e-08 5.469564659888089e-13
0.01 3.4661571672788853 8.078241629176832e-05 1.1027893248321304e-10 6.53907308464976e-17
0.01 1.3018551509685066 0.001751727652989021 1.5216366379991143e-08 6.290576485581214e-14
0.01 1.4347034189442562 0.0012698504417625088 9.300852237366257e-09 3.176991214010054e-14
0.01 1.0507058813045445 0.0036738086021463564 4.532086752136003e-08 2.845516253803209e-13
0.01 0.9601311684857273 0.005112311339933959 7.194453270628362e-08 5.375808592005112e-13
0.01 3.3247473717798592 9.170402528680047e-05 1.3587152114297182e-10 8.754488576996352e-17
0.01 3.044762483127689 0.00011993400832726116 2.1115780959311985e-10 1.621353857146359e-16
0.01 1.1560134314846415 0.002624167752331806 2.7834705655460812e-08 1.4515718765339137e-13
0.01 1.0268735554190838 0.003990776926882048 5.0967016638602055e-08 3.345329283378683e-13
0.01 2.4657548073123348 0.00022914983418422782 6.082756964550426e-10 7.108660224403632e-16
0.01 1.1427536935434603 0.0027313204955903606 2.951975181436073e-08 1.574439777352705e-13
0.01 2.465284602873645 0.00022928473050888996 6.08858298259244e-10 7.118168974978249e-16
0.01 1.3884600725873761 0.0014142818125597258 1.0978560408283971e-08 3.9996337867567296e-14
0.01 0.8032522678629898 0.010405830297901394 1.8094403886799067e-07 1.8995420502319755e-12
0.01 0.9036986336705837 0.006442290606505575 9.827380383096943e-08 8.247863711648646e-13
0.01 1.0491519891800285 0.0036933809330165113 4.566524073174732e-08 2.8753697129047646e-13
0.01 1.3863822323839392 0.0014212875478172666 1.1062138036326058e-08 4.0419615927445174e-14
0.01 0.8469610140167785 0.008339871447441829 1.3741390606597158e-07 1.3049583876587022e-12
0.01 1.0057444211896374 0.004304784769792409 5.669525957026422e-08 3.8738713555644544e-13
0.01 3.9199119609154414 5.5593477377470454e-05 5.954988387958675e-11 2.76248824616187e-17
0.01 1.0707340447033977 0.003434008404072884 4.1150485446612124e-08 2.490814467463307e-13
0.01 1.1924180875310175 0.0023583002545818467 2.3770465558553738e-08 1.1668728328014185e-13
0.01 1.3555614245777317 0.0015310150772852643 1.2396484515989981e-08 4.734041707576518e-14
0.01 1.4402918017864696 0.0012537802632731547 9.11970032614302e-09 3.09137334292211e-14
0.01 1.611277569732797 0.0008714326129146915 5.1737433394276844e-09 1.4058149050583021e-14
0.01 1.8500874583079918 0.0005611941597284015 2.5777306461156845e-09 5.328946912500263e-15
0.01 0.9669149823461848 0.004979360543195181 6.938850360123848e-08 5.115055458721073e-13
0.01 1.023185544403557 0.00404321810997265 5.191475515426903e-08 3.4313265668019697e-13
0.01 2.393744590104195 0.0002511166653610812 7.058676583972006e-10 8.750120399563599e-16
0.01 0.9777423259297674 0.0047770796693544434 6.553191713445645e-08 4.728283271970157e-13
0.01 0.9540305995946478 0.005236199011420048 7.434066090989697e-08 5.623355180803121e-13
0.01 0.9996006216553297 0.0044025894769222935 5.8504495318066657e-08 4.0450583489294247e-13
0.01 2.063927731107482 0.0003980384962291653 1.4866791419356493e-09 2.474161502461934e-15
0.01 1.7031923713556274 0.0007296439127998606 3.910816535533969e-09 9.523167420519535e-15
0.01 1.878257460066314 0.0005350636053746057 2.388879146694087e-09 4.7928688126471746e-15
0.01 0.8611128788043234 0.007798021927392322 1.261122573139117e-07 1.1605047309218052e-12
0.01 0.8409435534700663 0.008586853577913547 1.4258809819237335e-07 1.372541420673637e-12
0.01 1.1377383941741608 0.0027734305078450333 3.018894218312575e-08 1.6239820109598906e-13
0.01 2.5384091240619373 0.00020952411335452314 5.257744755641624e-10 5.799535464143141e-16
0.01 2.550032582046459 0.00020659611555110089 5.138568017713027e-10 5.616779118875581e-16
0.01 1.604583746259873 0.0008831727324806191 5.283602188128036e-09 1.4475156091825558e-14
0.01 2.7039511279580952 0.00017252227429685263 3.8294190153070523e-10 3.7248571900303295e-16
0.01 1.2971506683776919 0.0017730937191278173 1.5498419714301848e-08 6.45280919314637e-14
0.01 1.94011939681536 0.0004831797023427893 2.0293618774192674e-09 3.818263485208509e-15
0.01 2.7413935504296156 0.00016539041512342252 3.5741553252857733e-10 3.382648478267171e-16
0.01 2.255603904678408 0.0003018777172319472 9.514245230929084e-10 1.3273515054463648e-15
0.01 1.7217457738811976 0.0007048817443771233 3.7029304013813584e-09 8.825800645361835e-15
0.01 1.0793768634146124 0.003337247838164437 3.949448226622057e-08 2.35357709441057e-13
0.01 1.758511682057286 0.000659071658673323 3.328861905165594e-09 7.609400660383029e-15
0.01 1.2768439291493234 0.001869541554075729 1.6790477488087995e-08 7.210266054116161e-14
0.01 1.6928147181594735 0.0007440100035933256 4.033210697571851e-09 9.94060990972236e-15
0.01 2.9208097419106043 0.00013618767311825912 2.600765853027409e-10 2.169411602016046e-16
0.01 2.921233763897275 0.0001361271845982361 2.598873571907666e-10 2.1672062513478772e-16
0.01 1.9674015257232365 0.0004624488887975339 1.891665827240143e-09 3.4619846176641007e-15
0.01 2.1103959231868576 0.0003713108566943948 1.3292350855078574e-09 2.116497375748797e-15
0.01 3.160364356358683 0.0001070353448671517 1.7518097868294486e-10 1.2488146415477627e-16
0.01 0.9615040043489279 0.005085004629553828 7.14182264905585e-08 5.32183534844363e-13
0.01 1.3244460694758111 0.001653897464378586 1.3944948023067453e-08 5.5737058537856855e-14
0.01 1.8849987571552034 0.0005290549554171803 2.346179177503896e-09 4.67389881427815e-15
0.01 0.9324218858419197 0.005710935036089633 8.363970907638717e-08 6.6113280002832e-13
0.01 1.6815584901551428 0.0007600289862730289 4.17121057393547e-09 1.041723139863982e-14
0.01 2.217658715700438 0.00031820829110405666 1.036078263472332e-09 1.4950135074717124e-15
0.01 1.6693613642283696 0.0007779191297927829 4.327204569207571e-09 1.0963441175345028e-14
0.01 1.070919009383561 0.003431896928860951 4.1114179425998526e-08 2.4877832027430754e-13
0.01 1.8536578416792688 0.0005577881939159314 2.552826801274245e-09 5.257345495730273e-15
0.01 1.9164179604997602 0.0005022201159866679 2.158860198733346e-09 4.1621129044712585e-15
0.01 0.8736414091875137 0.00735967816969473 1.1703204384270674e-07 1.047734942995478e-12
0.01 1.2522801786717024 0.001996104786940251 1.8531016482136835e-08 8.266170298238695e-14
0.01 0.9944117920873545 0.004487642836936799 6.008694879422543e-08 4.196401171489769e-13
0.01 0.8609552572211125 0.007803773667922884 1.2623180936753806e-07 1.16200943522325e-12
0.01 1.8860403639180698 0.000528134688887083 2.339663619250265e-09 4.655819367998235e-15
0.01 1.261382389927112 0.0019478708604931429 1.7861823046969123e-08 7.855516173550523e-14
0.01 2.5788848676610105 0.0001995616154635985 4.856480994455321e-10 5.1908960637489955e-16
0.01 0.8154536749321281 0.009760108231914318 1.6729617695445768e-07 1.7070017548817487e-12
0.01 0.930120246078622 0.005765059787458671 8.471076742792807e-08 6.727807877232695e-13
0.01 1.096296765044135 0.0031585252053961755 3.6478938710435423e-08 2.1091986630839656e-13
0.01 2.1850646518738333 0.0003331985598368353 1.1161041515630355e-09 1.658563891512212e-15
0.01 0.8094637210645876 0.010069557803697522 1.7383464047389692e-07 1.7985826446543381e-12
0.01 3.4609003288462463 8.115632700577148e-05 1.111206881494587e-10 6.608963641268148e-17
0.01 1.4678572927796831 0.0011784379901481653 8.285822268900233e-09 2.70581761904171e-14
0.01 0.8273610054951449 0.009184795296871384 1.551591703404333e-07 1.5403509646268338e-12
0.01 1.7361118216947775 0.0006864838218647321 3.5510381910038265e-09 8.32579466214422e-15
0.01 0.9623118225286714 0.005069032819068485 7.111070161609912e-08 5.290365716170091e-13
0.01 0.8066431675759245 0.010220254767656353 1.770202812679682e-07 1.8436457394845805e-12
0.01 1.0381088980560658 0.003836768629607248 4.82055927725947e-08 3.098157623339642e-13
0.01 1.7885244722403084 0.0006246146354660146 3.056776350252426e-09 6.7572813051308915e-15
0.01 0.8108977093610581 0.009994185087438493 1.7224162332372027e-07 1.7761565553469753e-12
0.01 1.5304190460226508 0.001028901603758043 6.709864398616251e-09 2.018172657114889e-14
0.01 0.8226124308583607 0.009408150507089047 1.5986740673686885e-07 1.6044720904426247e-12
0.01 2.604628473554372 0.00019355382669992153 4.6203553483409037e-10 4.84183188471427e-16
0.01 0.8324838650824476 0.008952376512135773 1.502663597815456e-07 1.4744416370939558e-12
0.01 0.9812371052675667 0.004714263871274288 6.434263964438755e-08 4.610668440683198e-13
0.01 3.3372084500865915 9.066494919805155e-05 1.333483039242652e-10 8.528052148432726e-17
0.01 1.0825303131274326 0.0033028891409120735 3.891033181716396e-08 2.305673479001479e-13
0.01 2.0735867135161716 0.0003922744592971271 1.4521832514846195e-09 2.394459759687851e-15
0.01 1.2843082104555175 0.0018332711682765498 1.6301009842571897e-08 6.92060064317359e-14
0.01 1.2991243088174447 0.001764086861155815 1.5379332392313194e-08 6.384173088195168e-14
0.01 2.763904572923212 0.00016129200877718717 3.430511469240684e-10 3.194251719386256e-16
0.01 0.9278431175462309 0.0058193282818236325 8.578674425844312e-08 6.845363884019503e-13
0.01 0.8150515977771104 0.009780442477253222 1.677256605093233e-07 1.7129792669426368e-12
0.01 1.1780099058571063 0.002458863668687893 2.5287439951480482e-08 1.271142804869671e-13
0.01 1.510445046062275 0.0010736862274540065 7.170396190710026e-09 2.213274492578831e-14
0.01 1.0908895767458735 0.003214160610366144 3.7411483078684406e-08 2.183993259917457e-13
